# gauge_id= 2 location=( -0.8995826667E+02  0.2926460167E+02 ) num_var=  4
# Stationary gauge
# level, time, q[  1  2  3], eta, aux[]
# file format ascii, time series follow in this file
   01 -0.8640000E+05  0.9714236E+00  0.0000000E+00  0.0000000E+00  0.0000000E+00
   01 -0.8639998E+05  0.9714236E+00 -0.7979865E-07 -0.1220136E-06  0.3983210E-08
   01 -0.8632349E+05  0.9714407E+00 -0.3824464E-03 -0.5998784E-03  0.1709446E-04
   01 -0.8624699E+05  0.9714579E+00 -0.7680116E-03 -0.1172179E-02  0.3429604E-04
   01 -0.8617049E+05  0.9714731E+00 -0.1156556E-02 -0.1739482E-02  0.4950022E-04
   01 -0.8609400E+05  0.9714864E+00 -0.1547855E-02 -0.2301622E-02  0.6272241E-04
   01 -0.8601750E+05  0.9714976E+00 -0.1941684E-02 -0.2858444E-02  0.7397873E-04
   01 -0.8594100E+05  0.9715069E+00 -0.2337824E-02 -0.3409800E-02  0.8328607E-04
   01 -0.8586450E+05  0.9715143E+00 -0.2736058E-02 -0.3955548E-02  0.9066210E-04
   01 -0.8578801E+05  0.9715198E+00 -0.3136174E-02 -0.4495553E-02  0.9612528E-04
   01 -0.8571151E+05  0.9715233E+00 -0.3537964E-02 -0.5029685E-02  0.9969487E-04
   01 -0.8563501E+05  0.9715250E+00 -0.3941225E-02 -0.5557832E-02  0.1013902E-03
   01 -0.8555852E+05  0.9715249E+00 -0.4345757E-02 -0.6079888E-02  0.1012312E-03
   01 -0.8548202E+05  0.9715229E+00 -0.4751366E-02 -0.6595756E-02  0.9923837E-04
   01 -0.8540552E+05  0.9715191E+00 -0.5157866E-02 -0.7105762E-02  0.9546241E-04
   01 -0.8532902E+05  0.9715138E+00 -0.5565095E-02 -0.7613675E-02  0.9019962E-04
   01 -0.8525253E+05  0.9715071E+00 -0.5972892E-02 -0.8119294E-02  0.8345725E-04
   01 -0.8517603E+05  0.9714989E+00 -0.6381098E-02 -0.8622458E-02  0.7524066E-04
   01 -0.8509953E+05  0.9714892E+00 -0.6789560E-02 -0.9123012E-02  0.6555544E-04
   01 -0.8502304E+05  0.9714780E+00 -0.7198127E-02 -0.9620817E-02  0.5440698E-04
   01 -0.8494654E+05  0.9714654E+00 -0.7606653E-02 -0.1011575E-01  0.4180046E-04
   01 -0.8487004E+05  0.9714514E+00 -0.8014997E-02 -0.1060765E-01  0.2774306E-04
   01 -0.8479355E+05  0.9714359E+00 -0.8423023E-02 -0.1109637E-01  0.1224471E-04
   01 -0.8471705E+05  0.9714189E+00 -0.8830599E-02 -0.1158189E-01 -0.4695701E-05
   01 -0.8464055E+05  0.9714005E+00 -0.9237599E-02 -0.1206446E-01 -0.2310533E-04
   01 -0.8456405E+05  0.9713806E+00 -0.9643903E-02 -0.1254435E-01 -0.4301518E-04
   01 -0.8448756E+05  0.9713592E+00 -0.1004940E-01 -0.1302178E-01 -0.6445381E-04
   01 -0.8441106E+05  0.9713344E+00 -0.1045517E-01 -0.1347269E-01 -0.8919410E-04
   01 -0.8433456E+05  0.9713070E+00 -0.1085948E-01 -0.1390473E-01 -0.1166633E-03
   01 -0.8425807E+05  0.9712768E+00 -0.1126249E-01 -0.1431782E-01 -0.1468458E-03
   01 -0.8418157E+05  0.9712447E+00 -0.1166405E-01 -0.1472362E-01 -0.1788936E-03
   01 -0.8410507E+05  0.9712110E+00 -0.1206410E-01 -0.1512532E-01 -0.2126174E-03
   01 -0.8402857E+05  0.9711756E+00 -0.1246263E-01 -0.1552365E-01 -0.2480656E-03
   01 -0.8395208E+05  0.9711383E+00 -0.1285958E-01 -0.1591943E-01 -0.2853047E-03
   01 -0.8387558E+05  0.9710992E+00 -0.1325491E-01 -0.1631389E-01 -0.3244484E-03
   01 -0.8379908E+05  0.9710580E+00 -0.1364858E-01 -0.1670908E-01 -0.3656905E-03
   01 -0.8372259E+05  0.9710144E+00 -0.1404053E-01 -0.1710726E-01 -0.4092699E-03
   01 -0.8364609E+05  0.9709681E+00 -0.1443072E-01 -0.1751172E-01 -0.4555498E-03
   01 -0.8356959E+05  0.9709187E+00 -0.1481914E-01 -0.1792646E-01 -0.5049599E-03
   01 -0.8349309E+05  0.9708659E+00 -0.1520575E-01 -0.1835273E-01 -0.5577481E-03
   01 -0.8341660E+05  0.9708094E+00 -0.1559053E-01 -0.1879231E-01 -0.6142026E-03
   01 -0.8334010E+05  0.9707490E+00 -0.1597344E-01 -0.1924686E-01 -0.6746104E-03
   01 -0.8331429E+05  0.9707317E+00 -0.1610072E-01 -0.1935881E-01 -0.6919345E-03
   01 -0.8323779E+05  0.9706653E+00 -0.1648109E-01 -0.1984075E-01 -0.7583481E-03
   01 -0.8316129E+05  0.9705938E+00 -0.1685951E-01 -0.2034413E-01 -0.8297946E-03
   01 -0.8308479E+05  0.9705174E+00 -0.1723596E-01 -0.2086764E-01 -0.9062837E-03
   01 -0.8300830E+05  0.9704357E+00 -0.1761041E-01 -0.2141235E-01 -0.9879918E-03
   01 -0.8293180E+05  0.9703487E+00 -0.1798282E-01 -0.2197745E-01 -0.1074960E-02
   01 -0.8285530E+05  0.9700681E+00 -0.1834973E-01 -0.2442475E-01 -0.1355540E-02
   01 -0.8277881E+05  0.9695591E+00 -0.1870903E-01 -0.2895747E-01 -0.1864545E-02
   01 -0.8270231E+05  0.9688180E+00 -0.1905725E-01 -0.3543097E-01 -0.2605616E-02
   01 -0.8262581E+05  0.9678490E+00 -0.1938978E-01 -0.4361337E-01 -0.3574646E-02
   01 -0.8254931E+05  0.9666636E+00 -0.1970174E-01 -0.5318594E-01 -0.4760007E-02
   01 -0.8247282E+05  0.9652001E+00 -0.1998570E-01 -0.6452870E-01 -0.6223508E-02
   01 -0.8239632E+05  0.9632386E+00 -0.2022680E-01 -0.7941926E-01 -0.8184999E-02
   01 -0.8231982E+05  0.9612767E+00 -0.2043631E-01 -0.9259977E-01 -0.1014692E-01
   01 -0.8224333E+05  0.9593182E+00 -0.2061608E-01 -0.1041015E+00 -0.1210544E-01
   01 -0.8216683E+05  0.9573673E+00 -0.2076893E-01 -0.1139951E+00 -0.1405639E-01
   01 -0.8209033E+05  0.9554282E+00 -0.2089823E-01 -0.1223791E+00 -0.1599542E-01
   01 -0.8201384E+05  0.9535053E+00 -0.2100758E-01 -0.1293726E+00 -0.1791838E-01
   01 -0.8193734E+05  0.9516013E+00 -0.2110057E-01 -0.1351173E+00 -0.1982231E-01
   01 -0.8186084E+05  0.9497275E+00 -0.2118105E-01 -0.1396792E+00 -0.2169619E-01
   01 -0.8178434E+05  0.9479010E+00 -0.2125313E-01 -0.1430723E+00 -0.2352267E-01
   01 -0.8170785E+05  0.9461361E+00 -0.2132072E-01 -0.1453484E+00 -0.2528752E-01
   01 -0.8163135E+05  0.9444442E+00 -0.2138744E-01 -0.1465851E+00 -0.2697944E-01
   01 -0.8155485E+05  0.9428345E+00 -0.2145654E-01 -0.1468685E+00 -0.2858914E-01
   01 -0.8147836E+05  0.9413148E+00 -0.2153088E-01 -0.1462847E+00 -0.3010888E-01
   01 -0.8140186E+05  0.9398901E+00 -0.2161294E-01 -0.1449334E+00 -0.3153351E-01
   01 -0.8132536E+05  0.9385638E+00 -0.2170480E-01 -0.1429132E+00 -0.3285988E-01
   01 -0.8124886E+05  0.9373376E+00 -0.2180820E-01 -0.1403140E+00 -0.3408607E-01
   01 -0.8117237E+05  0.9362123E+00 -0.2192459E-01 -0.1372190E+00 -0.3521137E-01
   01 -0.8109587E+05  0.9351873E+00 -0.2205512E-01 -0.1337076E+00 -0.3623639E-01
   01 -0.8101937E+05  0.9342615E+00 -0.2220075E-01 -0.1298441E+00 -0.3716211E-01
   01 -0.8094288E+05  0.9334340E+00 -0.2236228E-01 -0.1256791E+00 -0.3798962E-01
   01 -0.8086638E+05  0.9327034E+00 -0.2254042E-01 -0.1212556E+00 -0.3872019E-01
   01 -0.8078988E+05  0.9320684E+00 -0.2273579E-01 -0.1166077E+00 -0.3935527E-01
   01 -0.8071339E+05  0.9315274E+00 -0.2294901E-01 -0.1117613E+00 -0.3989621E-01
   01 -0.8063689E+05  0.9310796E+00 -0.2318068E-01 -0.1067327E+00 -0.4034401E-01
   01 -0.8056039E+05  0.9307244E+00 -0.2343146E-01 -0.1015288E+00 -0.4069923E-01
   01 -0.8048389E+05  0.9304040E+00 -0.2369837E-01 -0.9668267E-01 -0.4101963E-01
   01 -0.8040740E+05  0.9301022E+00 -0.2397919E-01 -0.9227909E-01 -0.4132139E-01
   01 -0.8033090E+05  0.9298178E+00 -0.2427237E-01 -0.8825977E-01 -0.4160588E-01
   01 -0.8025440E+05  0.9295494E+00 -0.2457675E-01 -0.8457582E-01 -0.4187427E-01
   01 -0.8022857E+05  0.9294610E+00 -0.2467283E-01 -0.8340044E-01 -0.4196269E-01
   01 -0.8015207E+05  0.9292125E+00 -0.2499110E-01 -0.8010186E-01 -0.4221112E-01
   01 -0.8007558E+05  0.9289781E+00 -0.2531823E-01 -0.7705119E-01 -0.4244557E-01
   01 -0.7999908E+05  0.9287569E+00 -0.2565345E-01 -0.7421942E-01 -0.4266672E-01
   01 -0.7992258E+05  0.9285485E+00 -0.2599606E-01 -0.7158180E-01 -0.4287519E-01
   01 -0.7984609E+05  0.9283521E+00 -0.2634542E-01 -0.6911708E-01 -0.4307155E-01
   01 -0.7976959E+05  0.9281673E+00 -0.2670098E-01 -0.6680692E-01 -0.4325632E-01
   01 -0.7969309E+05  0.9279943E+00 -0.2706219E-01 -0.6464399E-01 -0.4342936E-01
   01 -0.7961660E+05  0.9278372E+00 -0.2742830E-01 -0.6267593E-01 -0.4358646E-01
   01 -0.7954010E+05  0.9276953E+00 -0.2779857E-01 -0.6088591E-01 -0.4372833E-01
   01 -0.7946360E+05  0.9277207E+00 -0.2818252E-01 -0.5778480E-01 -0.4370297E-01
   01 -0.7938710E+05  0.9279073E+00 -0.2858614E-01 -0.5352159E-01 -0.4351632E-01
   01 -0.7931061E+05  0.9282523E+00 -0.2901377E-01 -0.4829936E-01 -0.4317130E-01
   01 -0.7923411E+05  0.9287381E+00 -0.2946843E-01 -0.4209099E-01 -0.4268554E-01
   01 -0.7915761E+05  0.9293583E+00 -0.2995067E-01 -0.3498931E-01 -0.4206535E-01
   01 -0.7908112E+05  0.9301094E+00 -0.3045694E-01 -0.2704013E-01 -0.4131423E-01
   01 -0.7900462E+05  0.9309880E+00 -0.3097620E-01 -0.1827673E-01 -0.4043567E-01
   01 -0.7892812E+05  0.9319899E+00 -0.3148485E-01 -0.8736606E-02 -0.3943379E-01
   01 -0.7885163E+05  0.9331098E+00 -0.3194364E-01  0.1513362E-02 -0.3831380E-01
   01 -0.7877513E+05  0.9343466E+00 -0.3230580E-01  0.1230640E-01 -0.3707708E-01
   01 -0.7869863E+05  0.9356959E+00 -0.3253264E-01  0.2346521E-01 -0.3572776E-01
   01 -0.7862213E+05  0.9371514E+00 -0.3260119E-01  0.3481300E-01 -0.3427227E-01
   01 -0.7854564E+05  0.9387062E+00 -0.3250297E-01  0.4616995E-01 -0.3271739E-01
   01 -0.7846914E+05  0.9403533E+00 -0.3224051E-01  0.5736421E-01 -0.3107035E-01
   01 -0.7839264E+05  0.9421398E+00 -0.3181655E-01  0.6876682E-01 -0.2928389E-01
   01 -0.7831615E+05  0.9441303E+00 -0.3122951E-01  0.8086702E-01 -0.2729337E-01
   01 -0.7823965E+05  0.9463011E+00 -0.3048661E-01  0.9324455E-01 -0.2512254E-01
   01 -0.7816315E+05  0.9486317E+00 -0.2960365E-01  0.1055653E+00 -0.2279192E-01
   01 -0.7808666E+05  0.9511021E+00 -0.2860209E-01  0.1175848E+00 -0.2032153E-01
   01 -0.7801016E+05  0.9536004E+00 -0.2751918E-01  0.1282112E+00 -0.1782325E-01
   01 -0.7793366E+05  0.9560892E+00 -0.2639443E-01  0.1372174E+00 -0.1533439E-01
   01 -0.7785716E+05  0.9585665E+00 -0.2526128E-01  0.1447594E+00 -0.1285711E-01
   01 -0.7778067E+05  0.9610304E+00 -0.2414629E-01  0.1509983E+00 -0.1039323E-01
   01 -0.7770417E+05  0.9634793E+00 -0.2306968E-01  0.1560918E+00 -0.7944346E-02
   01 -0.7762767E+05  0.9659118E+00 -0.2204618E-01  0.1601876E+00 -0.5511863E-02
   01 -0.7755118E+05  0.9683264E+00 -0.2108589E-01  0.1634223E+00 -0.3097258E-02
   01 -0.7747468E+05  0.9707186E+00 -0.2019459E-01  0.1659545E+00 -0.7050212E-03
   01 -0.7739818E+05  0.9730870E+00 -0.1937532E-01  0.1678881E+00  0.1663385E-02
   01 -0.7732168E+05  0.9754270E+00 -0.1862933E-01  0.1692825E+00  0.4003337E-02
   01 -0.7724519E+05  0.9777322E+00 -0.1795665E-01  0.1701723E+00  0.6308514E-02
   01 -0.7716869E+05  0.9799970E+00 -0.1735651E-01  0.1705929E+00  0.8573345E-02
   01 -0.7714286E+05  0.9807464E+00 -0.1717396E-01  0.1707687E+00  0.9322800E-02
   01 -0.7706636E+05  0.9829502E+00 -0.1666677E-01  0.1705964E+00  0.1152651E-01
   01 -0.7698986E+05  0.9851036E+00 -0.1622825E-01  0.1700429E+00  0.1368000E-01
   01 -0.7691337E+05  0.9872040E+00 -0.1585589E-01  0.1691438E+00  0.1578040E-01
   01 -0.7683687E+05  0.9892490E+00 -0.1554697E-01  0.1679315E+00  0.1782537E-01
   01 -0.7676037E+05  0.9912372E+00 -0.1529866E-01  0.1664428E+00  0.1981355E-01
   01 -0.7668387E+05  0.9931652E+00 -0.1510830E-01  0.1646884E+00  0.2174155E-01
   01 -0.7660738E+05  0.9950299E+00 -0.1497339E-01  0.1626768E+00  0.2360625E-01
   01 -0.7653088E+05  0.9968302E+00 -0.1489151E-01  0.1604335E+00  0.2540655E-01
   01 -0.7645438E+05  0.9985667E+00 -0.1486025E-01  0.1579929E+00  0.2714305E-01
   01 -0.7637789E+05  0.1000242E+01 -0.1487707E-01  0.1554053E+00  0.2881880E-01
   01 -0.7630139E+05  0.1001860E+01 -0.1493935E-01  0.1527114E+00  0.3043672E-01
   01 -0.7622489E+05  0.1003423E+01 -0.1504454E-01  0.1499403E+00  0.3199935E-01
   01 -0.7614840E+05  0.1004933E+01 -0.1519017E-01  0.1471159E+00  0.3350906E-01
   01 -0.7607190E+05  0.1006392E+01 -0.1537393E-01  0.1442584E+00  0.3496821E-01
   01 -0.7599540E+05  0.1007803E+01 -0.1559358E-01  0.1413844E+00  0.3637907E-01
   01 -0.7591890E+05  0.1009167E+01 -0.1584706E-01  0.1385068E+00  0.3774379E-01
   01 -0.7584241E+05  0.1010488E+01 -0.1613246E-01  0.1356344E+00  0.3906429E-01
   01 -0.7576591E+05  0.1011766E+01 -0.1644802E-01  0.1327748E+00  0.4034236E-01
   01 -0.7568941E+05  0.1013003E+01 -0.1679211E-01  0.1299344E+00  0.4157981E-01
   01 -0.7561292E+05  0.1014202E+01 -0.1716325E-01  0.1271187E+00  0.4277836E-01
   01 -0.7553642E+05  0.1015363E+01 -0.1756007E-01  0.1243320E+00  0.4393966E-01
   01 -0.7545992E+05  0.1016489E+01 -0.1798132E-01  0.1215766E+00  0.4506516E-01
   01 -0.7538343E+05  0.1017580E+01 -0.1842590E-01  0.1188538E+00  0.4615622E-01
   01 -0.7530693E+05  0.1018638E+01 -0.1889276E-01  0.1161647E+00  0.4721413E-01
   01 -0.7523043E+05  0.1019664E+01 -0.1938101E-01  0.1135090E+00  0.4824003E-01
   01 -0.7515393E+05  0.1020659E+01 -0.1988982E-01  0.1108861E+00  0.4923498E-01
   01 -0.7507744E+05  0.1021624E+01 -0.2041849E-01  0.1082940E+00  0.5019987E-01
   01 -0.7500094E+05  0.1022561E+01 -0.2096620E-01  0.1057484E+00  0.5113741E-01
   01 -0.7492444E+05  0.1023474E+01 -0.2153206E-01  0.1032607E+00  0.5205001E-01
   01 -0.7484795E+05  0.1024362E+01 -0.2211526E-01  0.1008273E+00  0.5293856E-01
   01 -0.7477145E+05  0.1025227E+01 -0.2271510E-01  0.9844293E-01  0.5380381E-01
   01 -0.7469495E+05  0.1026070E+01 -0.2333094E-01  0.9610478E-01  0.5464658E-01
   01 -0.7461846E+05  0.1026891E+01 -0.2396221E-01  0.9381182E-01  0.5546778E-01
   01 -0.7454196E+05  0.1027692E+01 -0.2460831E-01  0.9156475E-01  0.5626846E-01
   01 -0.7446546E+05  0.1028473E+01 -0.2526867E-01  0.8936569E-01  0.5704976E-01
   01 -0.7438897E+05  0.1029236E+01 -0.2594276E-01  0.8720939E-01  0.5781210E-01
   01 -0.7431247E+05  0.1029979E+01 -0.2663018E-01  0.8508699E-01  0.5855544E-01
   01 -0.7423597E+05  0.1030703E+01 -0.2733066E-01  0.8299087E-01  0.5927973E-01
   01 -0.7415947E+05  0.1031409E+01 -0.2804398E-01  0.8091450E-01  0.5998497E-01
   01 -0.7408298E+05  0.1032095E+01 -0.2877003E-01  0.7885226E-01  0.6067112E-01
   01 -0.7405714E+05  0.1032321E+01 -0.2901430E-01  0.7817632E-01  0.6089752E-01
   01 -0.7398065E+05  0.1032982E+01 -0.2975718E-01  0.7612520E-01  0.6155832E-01
   01 -0.7390415E+05  0.1033624E+01 -0.3051268E-01  0.7407780E-01  0.6220005E-01
   01 -0.7382765E+05  0.1034246E+01 -0.3128083E-01  0.7203072E-01  0.6282273E-01
   01 -0.7375116E+05  0.1034850E+01 -0.3206162E-01  0.6998213E-01  0.6342649E-01
   01 -0.7367466E+05  0.1035435E+01 -0.3285508E-01  0.6792983E-01  0.6401143E-01
   01 -0.7359816E+05  0.1036001E+01 -0.3366125E-01  0.6587180E-01  0.6457764E-01
   01 -0.7352166E+05  0.1036549E+01 -0.3448011E-01  0.6380615E-01  0.6512520E-01
   01 -0.7344517E+05  0.1037078E+01 -0.3531170E-01  0.6173021E-01  0.6565410E-01
   01 -0.7336867E+05  0.1037588E+01 -0.3615606E-01  0.5963865E-01  0.6616402E-01
   01 -0.7329217E+05  0.1038077E+01 -0.3701336E-01  0.5751856E-01  0.6665383E-01
   01 -0.7321568E+05  0.1038546E+01 -0.3788388E-01  0.5535961E-01  0.6712253E-01
   01 -0.7313918E+05  0.1038993E+01 -0.3876797E-01  0.5315311E-01  0.6756922E-01
   01 -0.7306268E+05  0.1039417E+01 -0.3966598E-01  0.5089162E-01  0.6799307E-01
   01 -0.7298619E+05  0.1039817E+01 -0.4057825E-01  0.4856885E-01  0.6839331E-01
   01 -0.7290969E+05  0.1040193E+01 -0.4150510E-01  0.4617916E-01  0.6876920E-01
   01 -0.7283319E+05  0.1040544E+01 -0.4244674E-01  0.4371752E-01  0.6912004E-01
   01 -0.7275669E+05  0.1040869E+01 -0.4340330E-01  0.4117944E-01  0.6944515E-01
   01 -0.7268020E+05  0.1041168E+01 -0.4437474E-01  0.3856102E-01  0.6974389E-01
   01 -0.7260370E+05  0.1041439E+01 -0.4536086E-01  0.3585899E-01  0.7001569E-01
   01 -0.7252720E+05  0.1041684E+01 -0.4636119E-01  0.3307074E-01  0.7025999E-01
   01 -0.7245071E+05  0.1041900E+01 -0.4737502E-01  0.3019427E-01  0.7047632E-01
   01 -0.7237421E+05  0.1042088E+01 -0.4840130E-01  0.2722819E-01  0.7066422E-01
   01 -0.7229771E+05  0.1042247E+01 -0.4943863E-01  0.2417163E-01  0.7082330E-01
   01 -0.7222122E+05  0.1042377E+01 -0.5048523E-01  0.2102419E-01  0.7095317E-01
   01 -0.7214472E+05  0.1042477E+01 -0.5153893E-01  0.1778586E-01  0.7105346E-01
   01 -0.7206822E+05  0.1042552E+01 -0.5259850E-01  0.1450441E-01  0.7112854E-01
   01 -0.7199173E+05  0.1042616E+01 -0.5365722E-01  0.1131771E-01  0.7119211E-01
   01 -0.7191523E+05  0.1042668E+01 -0.5471077E-01  0.8221367E-02  0.7124445E-01
   01 -0.7183873E+05  0.1042709E+01 -0.5575523E-01  0.5211845E-02  0.7128583E-01
   01 -0.7176223E+05  0.1042740E+01 -0.5678702E-01  0.2287335E-02  0.7131660E-01
   01 -0.7168574E+05  0.1042761E+01 -0.5780300E-01 -0.5544484E-03  0.7133702E-01
   01 -0.7160924E+05  0.1042771E+01 -0.5880042E-01 -0.3315371E-02  0.7134734E-01
   01 -0.7153274E+05  0.1042771E+01 -0.5977695E-01 -0.5997096E-02  0.7134781E-01
   01 -0.7145625E+05  0.1042763E+01 -0.6073066E-01 -0.8604311E-02  0.7133891E-01
   01 -0.7137975E+05  0.1042746E+01 -0.6166010E-01 -0.1115704E-01  0.7132220E-01
   01 -0.7130325E+05  0.1042721E+01 -0.6256405E-01 -0.1365551E-01  0.7129777E-01
   01 -0.7122676E+05  0.1042689E+01 -0.6344155E-01 -0.1609867E-01  0.7126579E-01
   01 -0.7115026E+05  0.1042650E+01 -0.6429190E-01 -0.1848588E-01  0.7122641E-01
   01 -0.7107376E+05  0.1042603E+01 -0.6511467E-01 -0.2081683E-01  0.7117977E-01
   01 -0.7099727E+05  0.1042550E+01 -0.6590961E-01 -0.2309130E-01  0.7112601E-01
   01 -0.7097143E+05  0.1042532E+01 -0.6614867E-01 -0.2380658E-01  0.7110801E-01
   01 -0.7089493E+05  0.1042469E+01 -0.6690787E-01 -0.2600693E-01  0.7104505E-01
   01 -0.7081843E+05  0.1042399E+01 -0.6763938E-01 -0.2815061E-01  0.7097530E-01
   01 -0.7074194E+05  0.1042323E+01 -0.6834355E-01 -0.3023764E-01  0.7089890E-01
   01 -0.7066544E+05  0.1042240E+01 -0.6902089E-01 -0.3226816E-01  0.7081602E-01
   01 -0.7058894E+05  0.1042150E+01 -0.6967198E-01 -0.3424244E-01  0.7072679E-01
   01 -0.7051245E+05  0.1042055E+01 -0.7029753E-01 -0.3616093E-01  0.7063137E-01
   01 -0.7043595E+05  0.1041942E+01 -0.7089698E-01 -0.3813915E-01  0.7051821E-01
   01 -0.7035945E+05  0.1041780E+01 -0.7146676E-01 -0.4047514E-01  0.7035636E-01
   01 -0.7028296E+05  0.1041570E+01 -0.7200524E-01 -0.4313435E-01  0.7014657E-01
   01 -0.7020646E+05  0.1041313E+01 -0.7251067E-01 -0.4608167E-01  0.6988978E-01
   01 -0.7012996E+05  0.1041011E+01 -0.7298119E-01 -0.4928204E-01  0.6958702E-01
   01 -0.7005347E+05  0.1040657E+01 -0.7346361E-01 -0.5261588E-01  0.6923330E-01
   01 -0.6997697E+05  0.1040254E+01 -0.7388784E-01 -0.5605622E-01  0.6883052E-01
   01 -0.6990047E+05  0.1039806E+01 -0.7426704E-01 -0.5959382E-01  0.6838229E-01
   01 -0.6982397E+05  0.1039314E+01 -0.7460444E-01 -0.6319826E-01  0.6789056E-01
   01 -0.6974748E+05  0.1038781E+01 -0.7490120E-01 -0.6683958E-01  0.6735724E-01
   01 -0.6967098E+05  0.1038208E+01 -0.7515825E-01 -0.7048927E-01  0.6678428E-01
   01 -0.6959448E+05  0.1037597E+01 -0.7537667E-01 -0.7411987E-01  0.6617374E-01
   01 -0.6951799E+05  0.1036952E+01 -0.7555786E-01 -0.7770476E-01  0.6552792E-01
   01 -0.6944149E+05  0.1036273E+01 -0.7570362E-01 -0.8121923E-01  0.6484917E-01
   01 -0.6936499E+05  0.1035564E+01 -0.7581609E-01 -0.8464074E-01  0.6413990E-01
   01 -0.6928850E+05  0.1034826E+01 -0.7589775E-01 -0.8794892E-01  0.6340257E-01
   01 -0.6921200E+05  0.1034063E+01 -0.7595138E-01 -0.9112561E-01  0.6263967E-01
   01 -0.6913550E+05  0.1033277E+01 -0.7598003E-01 -0.9415391E-01  0.6185371E-01
   01 -0.6905901E+05  0.1032472E+01 -0.7598621E-01 -0.9703763E-01  0.6104854E-01
   01 -0.6898251E+05  0.1031650E+01 -0.7597310E-01 -0.9976664E-01  0.6022668E-01
   01 -0.6890601E+05  0.1030814E+01 -0.7594398E-01 -0.1023313E+00  0.5939051E-01
   01 -0.6882952E+05  0.1029966E+01 -0.7590210E-01 -0.1047261E+00  0.5854215E-01
   01 -0.6875302E+05  0.1029106E+01 -0.7585042E-01 -0.1069583E+00  0.5768256E-01
   01 -0.6867652E+05  0.1028236E+01 -0.7579167E-01 -0.1090341E+00  0.5681277E-01
   01 -0.6860002E+05  0.1027357E+01 -0.7572841E-01 -0.1109610E+00  0.5593368E-01
   01 -0.6852353E+05  0.1026470E+01 -0.7566294E-01 -0.1127464E+00  0.5504616E-01
   01 -0.6844703E+05  0.1025575E+01 -0.7559736E-01 -0.1143973E+00  0.5415105E-01
   01 -0.6837053E+05  0.1024673E+01 -0.7553355E-01 -0.1159206E+00  0.5324920E-01
   01 -0.6829404E+05  0.1023765E+01 -0.7547321E-01 -0.1173224E+00  0.5234143E-01
   01 -0.6821754E+05  0.1022852E+01 -0.7541784E-01 -0.1186086E+00  0.5142859E-01
   01 -0.6814104E+05  0.1021935E+01 -0.7536880E-01 -0.1197845E+00  0.5051151E-01
   01 -0.6806455E+05  0.1021005E+01 -0.7532500E-01 -0.1209479E+00  0.4958104E-01
   01 -0.6798805E+05  0.1020062E+01 -0.7528625E-01 -0.1220923E+00  0.4863788E-01
   01 -0.6791155E+05  0.1019109E+01 -0.7525301E-01 -0.1231909E+00  0.4768504E-01
   01 -0.6788571E+05  0.1018785E+01 -0.7520264E-01 -0.1235143E+00  0.4736093E-01
   01 -0.6780922E+05  0.1017823E+01 -0.7518167E-01 -0.1245261E+00  0.4639930E-01
   01 -0.6773272E+05  0.1016858E+01 -0.7516801E-01 -0.1254465E+00  0.4543447E-01
   01 -0.6765622E+05  0.1015892E+01 -0.7516287E-01 -0.1262651E+00  0.4446876E-01
   01 -0.6757973E+05  0.1014928E+01 -0.7516750E-01 -0.1269755E+00  0.4350423E-01
   01 -0.6750323E+05  0.1013966E+01 -0.7518312E-01 -0.1275748E+00  0.4254270E-01
   01 -0.6742673E+05  0.1013009E+01 -0.7521084E-01 -0.1280634E+00  0.4158566E-01
   01 -0.6735024E+05  0.1012058E+01 -0.7525161E-01 -0.1284451E+00  0.4063430E-01
   01 -0.6727374E+05  0.1011113E+01 -0.7530623E-01 -0.1287259E+00  0.3968947E-01
   01 -0.6719724E+05  0.1010175E+01 -0.7537526E-01 -0.1289141E+00  0.3875172E-01
   01 -0.6712075E+05  0.1009245E+01 -0.7545906E-01 -0.1290197E+00  0.3782131E-01
   01 -0.6704425E+05  0.1008322E+01 -0.7555774E-01 -0.1290541E+00  0.3689819E-01
   01 -0.6696775E+05  0.1007406E+01 -0.7567119E-01 -0.1290294E+00  0.3598205E-01
   01 -0.6689126E+05  0.1006496E+01 -0.7579905E-01 -0.1289588E+00  0.3507234E-01
   01 -0.6681476E+05  0.1005592E+01 -0.7594075E-01 -0.1288557E+00  0.3416825E-01
   01 -0.6673826E+05  0.1004692E+01 -0.7609551E-01 -0.1287337E+00  0.3326876E-01
   01 -0.6666176E+05  0.1003796E+01 -0.7626235E-01 -0.1286062E+00  0.3237267E-01
   01 -0.6658527E+05  0.1002902E+01 -0.7644016E-01 -0.1284842E+00  0.3147883E-01
   01 -0.6650877E+05  0.1002010E+01 -0.7662778E-01 -0.1283766E+00  0.3058619E-01
   01 -0.6643227E+05  0.1001117E+01 -0.7682397E-01 -0.1282908E+00  0.2969370E-01
   01 -0.6635578E+05  0.1000224E+01 -0.7702748E-01 -0.1282331E+00  0.2880033E-01
   01 -0.6627928E+05  0.9993287E+00 -0.7723706E-01 -0.1282089E+00  0.2790507E-01
   01 -0.6620278E+05  0.9984305E+00 -0.7745142E-01 -0.1282227E+00  0.2700689E-01
   01 -0.6612629E+05  0.9975284E+00 -0.7766932E-01 -0.1282786E+00  0.2610478E-01
   01 -0.6604979E+05  0.9966214E+00 -0.7788953E-01 -0.1283793E+00  0.2519779E-01
   01 -0.6597329E+05  0.9957086E+00 -0.7811088E-01 -0.1285272E+00  0.2428497E-01
   01 -0.6589680E+05  0.9947891E+00 -0.7833221E-01 -0.1287239E+00  0.2336542E-01
   01 -0.6582030E+05  0.9938619E+00 -0.7855246E-01 -0.1289704E+00  0.2243827E-01
   01 -0.6574380E+05  0.9929263E+00 -0.7877059E-01 -0.1292672E+00  0.2150270E-01
   01 -0.6566731E+05  0.9920033E+00 -0.7899120E-01 -0.1294151E+00  0.2057969E-01
   01 -0.6559081E+05  0.9910938E+00 -0.7921684E-01 -0.1294266E+00  0.1967014E-01
   01 -0.6551431E+05  0.9901983E+00 -0.7944955E-01 -0.1293156E+00  0.1877465E-01
   01 -0.6543782E+05  0.9893174E+00 -0.7969106E-01 -0.1290940E+00  0.1789378E-01
   01 -0.6536132E+05  0.9884517E+00 -0.7994273E-01 -0.1287722E+00  0.1702809E-01
   01 -0.6528482E+05  0.9876018E+00 -0.8020568E-01 -0.1283594E+00  0.1617811E-01
   01 -0.6520832E+05  0.9867680E+00 -0.8048081E-01 -0.1278635E+00  0.1534437E-01
   01 -0.6513183E+05  0.9859510E+00 -0.8076882E-01 -0.1272914E+00  0.1452737E-01
   01 -0.6505533E+05  0.9851512E+00 -0.8107024E-01 -0.1266492E+00  0.1372758E-01
   01 -0.6497883E+05  0.9843691E+00 -0.8138546E-01 -0.1259426E+00  0.1294545E-01
   01 -0.6490234E+05  0.9836050E+00 -0.8171476E-01 -0.1251767E+00  0.1218137E-01
   01 -0.6482584E+05  0.9828594E+00 -0.8205830E-01 -0.1243556E+00  0.1143576E-01
   01 -0.6480000E+05  0.9826124E+00 -0.8211249E-01 -0.1239904E+00  0.1118880E-01
   01 -0.6472350E+05  0.9818923E+00 -0.8248228E-01 -0.1231122E+00  0.1046862E-01
   01 -0.6464701E+05  0.9811912E+00 -0.8287195E-01 -0.1221990E+00  0.9767580E-02
   01 -0.6457051E+05  0.9805097E+00 -0.8328083E-01 -0.1212518E+00  0.9086027E-02
   01 -0.6449401E+05  0.9798479E+00 -0.8370829E-01 -0.1202715E+00  0.8424301E-02
   01 -0.6441752E+05  0.9792064E+00 -0.8415374E-01 -0.1192588E+00  0.7782751E-02
   01 -0.6434102E+05  0.9785854E+00 -0.8461661E-01 -0.1182141E+00  0.7161729E-02
   01 -0.6426452E+05  0.9779852E+00 -0.8509642E-01 -0.1171379E+00  0.6561584E-02
   01 -0.6418802E+05  0.9774063E+00 -0.8559267E-01 -0.1160305E+00  0.5982664E-02
   01 -0.6411153E+05  0.9768490E+00 -0.8610493E-01 -0.1148920E+00  0.5425313E-02
   01 -0.6403503E+05  0.9763135E+00 -0.8663278E-01 -0.1137228E+00  0.4889869E-02
   01 -0.6395853E+05  0.9758003E+00 -0.8717585E-01 -0.1125229E+00  0.4376659E-02
   01 -0.6388204E+05  0.9753096E+00 -0.8773375E-01 -0.1112925E+00  0.3886002E-02
   01 -0.6380554E+05  0.9748418E+00 -0.8830615E-01 -0.1100319E+00  0.3418202E-02
   01 -0.6372904E+05  0.9743972E+00 -0.8889270E-01 -0.1087414E+00  0.2973544E-02
   01 -0.6365255E+05  0.9739759E+00 -0.8949306E-01 -0.1074212E+00  0.2552296E-02
   01 -0.6357605E+05  0.9735785E+00 -0.9010694E-01 -0.1060700E+00  0.2154852E-02
   01 -0.6349955E+05  0.9732052E+00 -0.9073410E-01 -0.1046865E+00  0.1781607E-02
   01 -0.6342306E+05  0.9728565E+00 -0.9137428E-01 -0.1032706E+00  0.1432906E-02
   01 -0.6334656E+05  0.9725268E+00 -0.9202555E-01 -0.1018765E+00  0.1103180E-02
   01 -0.6327006E+05  0.9722025E+00 -0.9268289E-01 -0.1006264E+00  0.7789059E-03
   01 -0.6319357E+05  0.9718832E+00 -0.9334311E-01 -0.9950645E-01  0.4595968E-03
   01 -0.6311707E+05  0.9715685E+00 -0.9400359E-01 -0.9850420E-01  0.1448134E-03
   01 -0.6304057E+05  0.9712578E+00 -0.9466212E-01 -0.9760874E-01 -0.1658413E-03
   01 -0.6296407E+05  0.9709509E+00 -0.9531690E-01 -0.9681035E-01 -0.4727258E-03
   01 -0.6288758E+05  0.9706475E+00 -0.9596648E-01 -0.9610034E-01 -0.7761646E-03
   01 -0.6281108E+05  0.9703472E+00 -0.9660967E-01 -0.9547089E-01 -0.1076451E-02
   01 -0.6273458E+05  0.9700498E+00 -0.9724553E-01 -0.9491503E-01 -0.1373851E-02
   01 -0.6265809E+05  0.9697550E+00 -0.9787335E-01 -0.9442634E-01 -0.1668597E-02
   01 -0.6258159E+05  0.9694628E+00 -0.9849262E-01 -0.9399805E-01 -0.1960825E-02
   01 -0.6250509E+05  0.9691729E+00 -0.9910313E-01 -0.9362501E-01 -0.2250717E-02
   01 -0.6242860E+05  0.9688852E+00 -0.9970470E-01 -0.9330251E-01 -0.2538439E-02
   01 -0.6235210E+05  0.9686128E+00 -0.1003009E+00 -0.9290144E-01 -0.2810814E-02
   01 -0.6227560E+05  0.9683643E+00 -0.1008960E+00 -0.9235204E-01 -0.3059356E-02
   01 -0.6219911E+05  0.9681392E+00 -0.1014926E+00 -0.9167591E-01 -0.3284445E-02
   01 -0.6212261E+05  0.9679373E+00 -0.1020929E+00 -0.9089039E-01 -0.3486311E-02
   01 -0.6204611E+05  0.9677590E+00 -0.1026986E+00 -0.9000548E-01 -0.3664638E-02
   01 -0.6196961E+05  0.9676045E+00 -0.1033111E+00 -0.8902983E-01 -0.3819118E-02
   01 -0.6189312E+05  0.9674742E+00 -0.1039315E+00 -0.8797089E-01 -0.3949442E-02
   01 -0.6181662E+05  0.9673683E+00 -0.1045606E+00 -0.8683505E-01 -0.4055302E-02
   01 -0.6174012E+05  0.9672873E+00 -0.1051991E+00 -0.8562777E-01 -0.4136389E-02
   01 -0.6171429E+05  0.9672650E+00 -0.1053095E+00 -0.8509893E-01 -0.4158628E-02
   01 -0.6163779E+05  0.9672182E+00 -0.1059733E+00 -0.8381191E-01 -0.4205401E-02
   01 -0.6156129E+05  0.9671975E+00 -0.1066459E+00 -0.8245717E-01 -0.4226177E-02
   01 -0.6148480E+05  0.9672035E+00 -0.1073278E+00 -0.8103384E-01 -0.4220134E-02
   01 -0.6140830E+05  0.9672371E+00 -0.1080191E+00 -0.7954194E-01 -0.4186555E-02
   01 -0.6133180E+05  0.9672988E+00 -0.1087199E+00 -0.7798261E-01 -0.4124854E-02
   01 -0.6125530E+05  0.9673890E+00 -0.1094304E+00 -0.7635815E-01 -0.4034601E-02
   01 -0.6117881E+05  0.9675081E+00 -0.1101502E+00 -0.7467205E-01 -0.3915529E-02
   01 -0.6110231E+05  0.9676561E+00 -0.1108791E+00 -0.7292879E-01 -0.3767531E-02
   01 -0.6102581E+05  0.9678330E+00 -0.1116166E+00 -0.7113371E-01 -0.3590652E-02
   01 -0.6094932E+05  0.9680386E+00 -0.1123619E+00 -0.6929275E-01 -0.3385070E-02
   01 -0.6087282E+05  0.9682726E+00 -0.1131142E+00 -0.6741220E-01 -0.3151073E-02
   01 -0.6079632E+05  0.9685346E+00 -0.1138727E+00 -0.6549862E-01 -0.2889049E-02
   01 -0.6071983E+05  0.9688242E+00 -0.1146363E+00 -0.6355866E-01 -0.2599468E-02
   01 -0.6064333E+05  0.9691408E+00 -0.1154039E+00 -0.6159903E-01 -0.2282878E-02
   01 -0.6056683E+05  0.9694838E+00 -0.1161742E+00 -0.5962642E-01 -0.1939890E-02
   01 -0.6049034E+05  0.9698525E+00 -0.1169462E+00 -0.5764737E-01 -0.1571167E-02
   01 -0.6041384E+05  0.9702463E+00 -0.1177185E+00 -0.5566798E-01 -0.1177384E-02
   01 -0.6033734E+05  0.9706644E+00 -0.1184900E+00 -0.5369382E-01 -0.7592165E-03
   01 -0.6026084E+05  0.9711063E+00 -0.1192595E+00 -0.5173018E-01 -0.3173582E-03
   01 -0.6018435E+05  0.9715711E+00 -0.1200260E+00 -0.4978213E-01  0.1474793E-03
   01 -0.6010785E+05  0.9720582E+00 -0.1207883E+00 -0.4785443E-01  0.6345753E-03
   01 -0.6003135E+05  0.9725668E+00 -0.1215457E+00 -0.4595154E-01  0.1143205E-02
   01 -0.5995486E+05  0.9730963E+00 -0.1222971E+00 -0.4407759E-01  0.1672643E-02
   01 -0.5987836E+05  0.9736457E+00 -0.1230419E+00 -0.4223777E-01  0.2222068E-02
   01 -0.5980186E+05  0.9742142E+00 -0.1237793E+00 -0.4043714E-01  0.2790603E-02
   01 -0.5972537E+05  0.9748010E+00 -0.1245088E+00 -0.3868006E-01  0.3377391E-02
   01 -0.5964887E+05  0.9754053E+00 -0.1252300E+00 -0.3697021E-01  0.3981612E-02
   01 -0.5957237E+05  0.9760261E+00 -0.1259424E+00 -0.3531065E-01  0.4602483E-02
   01 -0.5949588E+05  0.9766629E+00 -0.1266459E+00 -0.3370389E-01  0.5239257E-02
   01 -0.5941938E+05  0.9773149E+00 -0.1273403E+00 -0.3215188E-01  0.5891225E-02
   01 -0.5934288E+05  0.9779814E+00 -0.1280257E+00 -0.3065614E-01  0.6557714E-02
   01 -0.5926639E+05  0.9786617E+00 -0.1287022E+00 -0.2921774E-01  0.7238084E-02
   01 -0.5918989E+05  0.9793554E+00 -0.1293698E+00 -0.2783742E-01  0.7931728E-02
   01 -0.5911339E+05  0.9800617E+00 -0.1300290E+00 -0.2651555E-01  0.8638066E-02
   01 -0.5903689E+05  0.9807802E+00 -0.1306800E+00 -0.2525228E-01  0.9356549E-02
   01 -0.5896040E+05  0.9815103E+00 -0.1313232E+00 -0.2404750E-01  0.1008665E-01
   01 -0.5888390E+05  0.9822515E+00 -0.1319590E+00 -0.2290094E-01  0.1082785E-01
   01 -0.5880740E+05  0.9830033E+00 -0.1325879E+00 -0.2181218E-01  0.1157968E-01
   01 -0.5873091E+05  0.9837653E+00 -0.1332103E+00 -0.2078066E-01  0.1234166E-01
   01 -0.5865441E+05  0.9845370E+00 -0.1338269E+00 -0.1980571E-01  0.1311334E-01
   01 -0.5862857E+05  0.9847975E+00 -0.1339045E+00 -0.1941259E-01  0.1337383E-01
   01 -0.5855207E+05  0.9855819E+00 -0.1345282E+00 -0.1851598E-01  0.1415827E-01
   01 -0.5847558E+05  0.9863750E+00 -0.1351456E+00 -0.1767433E-01  0.1495133E-01
   01 -0.5839908E+05  0.9871762E+00 -0.1357576E+00 -0.1688673E-01  0.1575260E-01
   01 -0.5832258E+05  0.9879853E+00 -0.1363647E+00 -0.1615208E-01  0.1656170E-01
   01 -0.5824609E+05  0.9888024E+00 -0.1369677E+00 -0.1547540E-01  0.1737874E-01
   01 -0.5816959E+05  0.9896274E+00 -0.1375672E+00 -0.1486022E-01  0.1820372E-01
   01 -0.5809309E+05  0.9904626E+00 -0.1381640E+00 -0.1427862E-01  0.1903897E-01
   01 -0.5801660E+05  0.9913152E+00 -0.1387587E+00 -0.1366422E-01  0.1989159E-01
   01 -0.5794010E+05  0.9921840E+00 -0.1393516E+00 -0.1302518E-01  0.2076035E-01
   01 -0.5786360E+05  0.9930669E+00 -0.1399430E+00 -0.1235703E-01  0.2164324E-01
   01 -0.5778711E+05  0.9939631E+00 -0.1405328E+00 -0.1167038E-01  0.2253944E-01
   01 -0.5771061E+05  0.9948719E+00 -0.1411215E+00 -0.1097424E-01  0.2344824E-01
   01 -0.5763411E+05  0.9957926E+00 -0.1417091E+00 -0.1027638E-01  0.2436894E-01
   01 -0.5755761E+05  0.9967245E+00 -0.1422959E+00 -0.9583663E-02  0.2530088E-01
   01 -0.5748112E+05  0.9976671E+00 -0.1428821E+00 -0.8902317E-02  0.2624342E-01
   01 -0.5740462E+05  0.9986195E+00 -0.1434679E+00 -0.8238161E-02  0.2719590E-01
   01 -0.5732812E+05  0.9995813E+00 -0.1440537E+00 -0.7596770E-02  0.2815763E-01
   01 -0.5725163E+05  0.1000552E+01 -0.1446395E+00 -0.6983590E-02  0.2912788E-01
   01 -0.5717513E+05  0.1001530E+01 -0.1452259E+00 -0.6406429E-02  0.3010608E-01
   01 -0.5709863E+05  0.1002515E+01 -0.1458130E+00 -0.5872930E-02  0.3109160E-01
   01 -0.5702214E+05  0.1003507E+01 -0.1464012E+00 -0.5387788E-02  0.3208354E-01
   01 -0.5694564E+05  0.1004505E+01 -0.1469910E+00 -0.4955586E-02  0.3308097E-01
   01 -0.5686914E+05  0.1005507E+01 -0.1475826E+00 -0.4580746E-02  0.3408295E-01
   01 -0.5679265E+05  0.1006512E+01 -0.1481763E+00 -0.4267469E-02  0.3508848E-01
   01 -0.5671615E+05  0.1007520E+01 -0.1487727E+00 -0.4019677E-02  0.3609658E-01
   01 -0.5663965E+05  0.1008530E+01 -0.1493719E+00 -0.3840950E-02  0.3710623E-01
   01 -0.5656316E+05  0.1009540E+01 -0.1499743E+00 -0.3734488E-02  0.3811643E-01
   01 -0.5648666E+05  0.1010550E+01 -0.1505803E+00 -0.3703069E-02  0.3912619E-01
   01 -0.5641016E+05  0.1011558E+01 -0.1511901E+00 -0.3749039E-02  0.4013453E-01
   01 -0.5633366E+05  0.1012564E+01 -0.1518040E+00 -0.3874312E-02  0.4114050E-01
   01 -0.5625717E+05  0.1013567E+01 -0.1524222E+00 -0.4079949E-02  0.4214318E-01
   01 -0.5618067E+05  0.1014565E+01 -0.1530448E+00 -0.4366008E-02  0.4314176E-01
   01 -0.5610417E+05  0.1015559E+01 -0.1536720E+00 -0.4732301E-02  0.4413547E-01
   01 -0.5602768E+05  0.1016547E+01 -0.1543039E+00 -0.5178558E-02  0.4512352E-01
   01 -0.5595118E+05  0.1017529E+01 -0.1549403E+00 -0.5704506E-02  0.4610515E-01
   01 -0.5587468E+05  0.1018503E+01 -0.1555814E+00 -0.6309936E-02  0.4707958E-01
   01 -0.5579819E+05  0.1019469E+01 -0.1562270E+00 -0.7005179E-02  0.4804492E-01
   01 -0.5572169E+05  0.1020413E+01 -0.1568768E+00 -0.7899434E-02  0.4898897E-01
   01 -0.5564519E+05  0.1021335E+01 -0.1575311E+00 -0.8974022E-02  0.4991169E-01
   01 -0.5556870E+05  0.1022237E+01 -0.1581898E+00 -0.1021919E-01  0.5081368E-01
   01 -0.5554286E+05  0.1022534E+01 -0.1582480E+00 -0.1058003E-01  0.5111059E-01
   01 -0.5546636E+05  0.1023409E+01 -0.1589309E+00 -0.1203862E-01  0.5198495E-01
   01 -0.5538986E+05  0.1024262E+01 -0.1596148E+00 -0.1363235E-01  0.5283882E-01
   01 -0.5531337E+05  0.1025096E+01 -0.1602991E+00 -0.1534799E-01  0.5367233E-01
   01 -0.5523687E+05  0.1025909E+01 -0.1609831E+00 -0.1717319E-01  0.5448565E-01
   01 -0.5516037E+05  0.1026703E+01 -0.1616658E+00 -0.1909639E-01  0.5527897E-01
   01 -0.5508388E+05  0.1027476E+01 -0.1623461E+00 -0.2110681E-01  0.5605246E-01
   01 -0.5500738E+05  0.1028230E+01 -0.1630230E+00 -0.2319436E-01  0.5680635E-01
   01 -0.5493088E+05  0.1028964E+01 -0.1636955E+00 -0.2534959E-01  0.5754084E-01
   01 -0.5485439E+05  0.1029680E+01 -0.1643624E+00 -0.2756367E-01  0.5825616E-01
   01 -0.5477789E+05  0.1030376E+01 -0.1650226E+00 -0.2982835E-01  0.5895254E-01
   01 -0.5470139E+05  0.1031054E+01 -0.1656752E+00 -0.3213592E-01  0.5963024E-01
   01 -0.5462489E+05  0.1031713E+01 -0.1663192E+00 -0.3447917E-01  0.6028950E-01
   01 -0.5454840E+05  0.1032354E+01 -0.1669537E+00 -0.3685138E-01  0.6093057E-01
   01 -0.5447190E+05  0.1032977E+01 -0.1675779E+00 -0.3924630E-01  0.6155374E-01
   01 -0.5439540E+05  0.1033583E+01 -0.1681912E+00 -0.4165810E-01  0.6215925E-01
   01 -0.5431891E+05  0.1034171E+01 -0.1687929E+00 -0.4408138E-01  0.6274738E-01
   01 -0.5424241E+05  0.1034742E+01 -0.1693826E+00 -0.4651278E-01  0.6331828E-01
   01 -0.5416591E+05  0.1035291E+01 -0.1699598E+00 -0.4888764E-01  0.6386725E-01
   01 -0.5408942E+05  0.1035818E+01 -0.1705247E+00 -0.5120991E-01  0.6439468E-01
   01 -0.5401292E+05  0.1036327E+01 -0.1710774E+00 -0.5351115E-01  0.6490305E-01
   01 -0.5393642E+05  0.1036816E+01 -0.1716179E+00 -0.5579049E-01  0.6539243E-01
   01 -0.5385993E+05  0.1037287E+01 -0.1721463E+00 -0.5804715E-01  0.6586291E-01
   01 -0.5378343E+05  0.1037738E+01 -0.1726627E+00 -0.6028041E-01  0.6631458E-01
   01 -0.5370693E+05  0.1038171E+01 -0.1731673E+00 -0.6248964E-01  0.6674752E-01
   01 -0.5363044E+05  0.1038585E+01 -0.1736605E+00 -0.6467426E-01  0.6716183E-01
   01 -0.5355394E+05  0.1038981E+01 -0.1741424E+00 -0.6683376E-01  0.6755760E-01
   01 -0.5347744E+05  0.1039359E+01 -0.1746133E+00 -0.6896766E-01  0.6793494E-01
   01 -0.5340095E+05  0.1039718E+01 -0.1750737E+00 -0.7107556E-01  0.6829394E-01
   01 -0.5332445E+05  0.1040058E+01 -0.1755239E+00 -0.7315707E-01  0.6863472E-01
   01 -0.5324795E+05  0.1040381E+01 -0.1759642E+00 -0.7521185E-01  0.6895739E-01
   01 -0.5317145E+05  0.1040686E+01 -0.1763950E+00 -0.7723959E-01  0.6926205E-01
   01 -0.5309496E+05  0.1040972E+01 -0.1768168E+00 -0.7924002E-01  0.6954884E-01
   01 -0.5301846E+05  0.1041242E+01 -0.1772300E+00 -0.8121380E-01  0.6981794E-01
   01 -0.5294196E+05  0.1041494E+01 -0.1776347E+00 -0.8317857E-01  0.7007085E-01
   01 -0.5286547E+05  0.1041731E+01 -0.1780310E+00 -0.8513316E-01  0.7030765E-01
   01 -0.5278897E+05  0.1041952E+01 -0.1784193E+00 -0.8707649E-01  0.7052846E-01
   01 -0.5271247E+05  0.1042157E+01 -0.1787997E+00 -0.8900756E-01  0.7073337E-01
   01 -0.5263598E+05  0.1042346E+01 -0.1791724E+00 -0.9092546E-01  0.7092250E-01
   01 -0.5255948E+05  0.1042520E+01 -0.1795376E+00 -0.9282931E-01  0.7109597E-01
   01 -0.5248298E+05  0.1042678E+01 -0.1798956E+00 -0.9471832E-01  0.7125390E-01
   01 -0.5245714E+05  0.1042723E+01 -0.1797406E+00 -0.9514822E-01  0.7129984E-01
   01 -0.5238065E+05  0.1042861E+01 -0.1801274E+00 -0.9704381E-01  0.7143769E-01
   01 -0.5230415E+05  0.1042984E+01 -0.1805024E+00 -0.9891944E-01  0.7156024E-01
   01 -0.5222765E+05  0.1043091E+01 -0.1808667E+00 -0.1007749E+00  0.7166763E-01
   01 -0.5215116E+05  0.1043184E+01 -0.1812210E+00 -0.1026098E+00  0.7176002E-01
   01 -0.5207466E+05  0.1043261E+01 -0.1815663E+00 -0.1044241E+00  0.7183759E-01
   01 -0.5199816E+05  0.1043324E+01 -0.1819032E+00 -0.1062173E+00  0.7190050E-01
   01 -0.5192167E+05  0.1043373E+01 -0.1822324E+00 -0.1079893E+00  0.7194892E-01
   01 -0.5184517E+05  0.1043407E+01 -0.1825546E+00 -0.1097398E+00  0.7198304E-01
   01 -0.5176867E+05  0.1043427E+01 -0.1828704E+00 -0.1114685E+00  0.7200304E-01
   01 -0.5169217E+05  0.1043433E+01 -0.1831804E+00 -0.1131751E+00  0.7200912E-01
   01 -0.5161568E+05  0.1043425E+01 -0.1834850E+00 -0.1148595E+00  0.7200147E-01
   01 -0.5153918E+05  0.1043404E+01 -0.1837848E+00 -0.1165213E+00  0.7198029E-01
   01 -0.5146268E+05  0.1043369E+01 -0.1840802E+00 -0.1181603E+00  0.7194580E-01
   01 -0.5138619E+05  0.1043322E+01 -0.1843709E+00 -0.1197764E+00  0.7189821E-01
   01 -0.5130969E+05  0.1043261E+01 -0.1846573E+00 -0.1213691E+00  0.7183776E-01
   01 -0.5123319E+05  0.1043188E+01 -0.1849397E+00 -0.1229380E+00  0.7176471E-01
   01 -0.5115670E+05  0.1043103E+01 -0.1852188E+00 -0.1244826E+00  0.7167933E-01
   01 -0.5108020E+05  0.1043006E+01 -0.1854951E+00 -0.1260026E+00  0.7158188E-01
   01 -0.5100370E+05  0.1042896E+01 -0.1857689E+00 -0.1274976E+00  0.7147263E-01
   01 -0.5092721E+05  0.1042775E+01 -0.1860409E+00 -0.1289675E+00  0.7135185E-01
   01 -0.5085071E+05  0.1042643E+01 -0.1863113E+00 -0.1304120E+00  0.7121981E-01
   01 -0.5077421E+05  0.1042500E+01 -0.1865805E+00 -0.1318309E+00  0.7107680E-01
   01 -0.5069772E+05  0.1042347E+01 -0.1868490E+00 -0.1332241E+00  0.7092309E-01
   01 -0.5062122E+05  0.1042183E+01 -0.1871171E+00 -0.1345917E+00  0.7075896E-01
   01 -0.5054472E+05  0.1042008E+01 -0.1873852E+00 -0.1359334E+00  0.7058468E-01
   01 -0.5046823E+05  0.1041824E+01 -0.1876535E+00 -0.1372495E+00  0.7040054E-01
   01 -0.5039173E+05  0.1041630E+01 -0.1879223E+00 -0.1385399E+00  0.7020681E-01
   01 -0.5031523E+05  0.1041427E+01 -0.1881920E+00 -0.1398047E+00  0.7000377E-01
   01 -0.5023874E+05  0.1041215E+01 -0.1884628E+00 -0.1410441E+00  0.6979170E-01
   01 -0.5016224E+05  0.1040995E+01 -0.1887349E+00 -0.1422582E+00  0.6957088E-01
   01 -0.5008574E+05  0.1040765E+01 -0.1890085E+00 -0.1434472E+00  0.6934157E-01
   01 -0.5000925E+05  0.1040528E+01 -0.1892840E+00 -0.1446113E+00  0.6910405E-01
   01 -0.4993275E+05  0.1040282E+01 -0.1895614E+00 -0.1457509E+00  0.6885859E-01
   01 -0.4985625E+05  0.1040029E+01 -0.1898409E+00 -0.1468662E+00  0.6860545E-01
   01 -0.4977976E+05  0.1039769E+01 -0.1901228E+00 -0.1479575E+00  0.6834490E-01
   01 -0.4970326E+05  0.1039501E+01 -0.1904071E+00 -0.1490252E+00  0.6807720E-01
   01 -0.4962676E+05  0.1039226E+01 -0.1906941E+00 -0.1500694E+00  0.6780260E-01
   01 -0.4955026E+05  0.1038945E+01 -0.1909838E+00 -0.1510908E+00  0.6752137E-01
   01 -0.4947377E+05  0.1038657E+01 -0.1912763E+00 -0.1520895E+00  0.6723376E-01
   01 -0.4939727E+05  0.1038364E+01 -0.1915717E+00 -0.1530660E+00  0.6694000E-01
   01 -0.4937143E+05  0.1038259E+01 -0.1912976E+00 -0.1530569E+00  0.6683555E-01
   01 -0.4929493E+05  0.1037958E+01 -0.1916567E+00 -0.1540625E+00  0.6653453E-01
   01 -0.4921844E+05  0.1037651E+01 -0.1920095E+00 -0.1550376E+00  0.6622779E-01
   01 -0.4914194E+05  0.1037339E+01 -0.1923575E+00 -0.1559840E+00  0.6591559E-01
   01 -0.4906544E+05  0.1037022E+01 -0.1927020E+00 -0.1569033E+00  0.6559818E-01
   01 -0.4898894E+05  0.1036699E+01 -0.1930440E+00 -0.1577972E+00  0.6527580E-01
   01 -0.4891245E+05  0.1036372E+01 -0.1933847E+00 -0.1586669E+00  0.6494867E-01
   01 -0.4883595E+05  0.1036041E+01 -0.1937247E+00 -0.1595137E+00  0.6461704E-01
   01 -0.4875945E+05  0.1035705E+01 -0.1940646E+00 -0.1603387E+00  0.6428110E-01
   01 -0.4868296E+05  0.1035365E+01 -0.1944051E+00 -0.1611429E+00  0.6394108E-01
   01 -0.4860646E+05  0.1035021E+01 -0.1947467E+00 -0.1619273E+00  0.6359718E-01
   01 -0.4852996E+05  0.1034673E+01 -0.1950895E+00 -0.1626928E+00  0.6324958E-01
   01 -0.4845347E+05  0.1034322E+01 -0.1954341E+00 -0.1634403E+00  0.6289849E-01
   01 -0.4837697E+05  0.1033968E+01 -0.1957806E+00 -0.1641704E+00  0.6254408E-01
   01 -0.4830047E+05  0.1033610E+01 -0.1961293E+00 -0.1648839E+00  0.6218652E-01
   01 -0.4822398E+05  0.1033250E+01 -0.1964802E+00 -0.1655816E+00  0.6182600E-01
   01 -0.4814748E+05  0.1032886E+01 -0.1968335E+00 -0.1662640E+00  0.6146267E-01
   01 -0.4807098E+05  0.1032520E+01 -0.1971893E+00 -0.1669318E+00  0.6109670E-01
   01 -0.4799449E+05  0.1032152E+01 -0.1975477E+00 -0.1675855E+00  0.6072824E-01
   01 -0.4791799E+05  0.1031781E+01 -0.1979088E+00 -0.1682258E+00  0.6035744E-01
   01 -0.4784149E+05  0.1031408E+01 -0.1982724E+00 -0.1688532E+00  0.5998445E-01
   01 -0.4776500E+05  0.1031033E+01 -0.1986387E+00 -0.1694681E+00  0.5960940E-01
   01 -0.4768850E+05  0.1030656E+01 -0.1990077E+00 -0.1700710E+00  0.5923243E-01
   01 -0.4761200E+05  0.1030277E+01 -0.1993793E+00 -0.1706625E+00  0.5885368E-01
   01 -0.4753551E+05  0.1029897E+01 -0.1997534E+00 -0.1712430E+00  0.5847327E-01
   01 -0.4745901E+05  0.1029515E+01 -0.2001302E+00 -0.1718130E+00  0.5809132E-01
   01 -0.4738251E+05  0.1029132E+01 -0.2005095E+00 -0.1723728E+00  0.5770795E-01
   01 -0.4730602E+05  0.1028747E+01 -0.2008914E+00 -0.1729228E+00  0.5732327E-01
   01 -0.4722952E+05  0.1028361E+01 -0.2012756E+00 -0.1734635E+00  0.5693741E-01
   01 -0.4715302E+05  0.1027974E+01 -0.2016623E+00 -0.1739952E+00  0.5655045E-01
   01 -0.4707653E+05  0.1027586E+01 -0.2020514E+00 -0.1745183E+00  0.5616251E-01
   01 -0.4700003E+05  0.1027197E+01 -0.2024427E+00 -0.1750332E+00  0.5577369E-01
   01 -0.4692353E+05  0.1026808E+01 -0.2028363E+00 -0.1755402E+00  0.5538407E-01
   01 -0.4684704E+05  0.1026417E+01 -0.2032322E+00 -0.1760395E+00  0.5499377E-01
   01 -0.4677054E+05  0.1026027E+01 -0.2036301E+00 -0.1765316E+00  0.5460286E-01
   01 -0.4669404E+05  0.1025635E+01 -0.2040302E+00 -0.1770167E+00  0.5421144E-01
   01 -0.4661755E+05  0.1025243E+01 -0.2044322E+00 -0.1774950E+00  0.5381959E-01
   01 -0.4654105E+05  0.1024851E+01 -0.2048363E+00 -0.1779669E+00  0.5342739E-01
   01 -0.4646455E+05  0.1024459E+01 -0.2052423E+00 -0.1784326E+00  0.5303494E-01
   01 -0.4638806E+05  0.1024066E+01 -0.2056502E+00 -0.1788920E+00  0.5264233E-01
   01 -0.4631156E+05  0.1023673E+01 -0.2060600E+00 -0.1793449E+00  0.5224969E-01
   01 -0.4628571E+05  0.1023536E+01 -0.2056982E+00 -0.1790353E+00  0.5211234E-01
   01 -0.4620922E+05  0.1023144E+01 -0.2061988E+00 -0.1795695E+00  0.5172059E-01
   01 -0.4613272E+05  0.1022752E+01 -0.2066856E+00 -0.1800813E+00  0.5132881E-01
   01 -0.4605622E+05  0.1022361E+01 -0.2071613E+00 -0.1805739E+00  0.5093714E-01
   01 -0.4597973E+05  0.1021969E+01 -0.2076281E+00 -0.1810497E+00  0.5054570E-01
   01 -0.4590323E+05  0.1021578E+01 -0.2080879E+00 -0.1815110E+00  0.5015460E-01
   01 -0.4582673E+05  0.1021188E+01 -0.2085423E+00 -0.1819596E+00  0.4976394E-01
   01 -0.4575024E+05  0.1020797E+01 -0.2089925E+00 -0.1823971E+00  0.4937381E-01
   01 -0.4567374E+05  0.1020408E+01 -0.2094395E+00 -0.1828250E+00  0.4898428E-01
   01 -0.4559724E+05  0.1020002E+01 -0.2098749E+00 -0.1833927E+00  0.4857871E-01
   01 -0.4552075E+05  0.1019582E+01 -0.2102959E+00 -0.1840643E+00  0.4815850E-01
   01 -0.4544425E+05  0.1019150E+01 -0.2107022E+00 -0.1848000E+00  0.4772620E-01
   01 -0.4536775E+05  0.1018708E+01 -0.2110946E+00 -0.1855691E+00  0.4728405E-01
   01 -0.4529126E+05  0.1018263E+01 -0.2114779E+00 -0.1863012E+00  0.4683934E-01
   01 -0.4521476E+05  0.1017818E+01 -0.2118558E+00 -0.1869805E+00  0.4639460E-01
   01 -0.4513826E+05  0.1017374E+01 -0.2122312E+00 -0.1876111E+00  0.4595037E-01
   01 -0.4506177E+05  0.1016931E+01 -0.2126063E+00 -0.1881970E+00  0.4550714E-01
   01 -0.4498527E+05  0.1016489E+01 -0.2129829E+00 -0.1887415E+00  0.4506538E-01
   01 -0.4490877E+05  0.1016049E+01 -0.2133625E+00 -0.1892479E+00  0.4462553E-01
   01 -0.4483228E+05  0.1015612E+01 -0.2137462E+00 -0.1897189E+00  0.4418800E-01
   01 -0.4475578E+05  0.1015177E+01 -0.2141349E+00 -0.1901570E+00  0.4375319E-01
   01 -0.4467928E+05  0.1014745E+01 -0.2145291E+00 -0.1905642E+00  0.4332148E-01
   01 -0.4460279E+05  0.1014317E+01 -0.2149296E+00 -0.1909426E+00  0.4289324E-01
   01 -0.4452629E+05  0.1013892E+01 -0.2153365E+00 -0.1912940E+00  0.4246883E-01
   01 -0.4444979E+05  0.1013472E+01 -0.2157502E+00 -0.1916204E+00  0.4204853E-01
   01 -0.4437330E+05  0.1013056E+01 -0.2161709E+00 -0.1919236E+00  0.4163263E-01
   01 -0.4429680E+05  0.1012645E+01 -0.2165985E+00 -0.1922055E+00  0.4122138E-01
   01 -0.4422030E+05  0.1012239E+01 -0.2170330E+00 -0.1924679E+00  0.4081498E-01
   01 -0.4414381E+05  0.1011837E+01 -0.2174745E+00 -0.1927126E+00  0.4041362E-01
   01 -0.4406731E+05  0.1011441E+01 -0.2179226E+00 -0.1929414E+00  0.4001744E-01
   02 -0.4399081E+05  0.2213194E+01 -0.3749726E+00 -0.3316657E+00  0.4953321E-01
   02 -0.4391432E+05  0.2214972E+01 -0.3772037E+00 -0.3400007E+00  0.5131027E-01
   02 -0.4383782E+05  0.2216917E+01 -0.3788419E+00 -0.3479328E+00  0.5325598E-01
   01 -0.4376132E+05  0.1011236E+01 -0.1812038E+00 -0.1597708E+00  0.3981219E-01
   01 -0.4368483E+05  0.1010974E+01 -0.1885389E+00 -0.1662622E+00  0.3955020E-01
   01 -0.4360833E+05  0.1010695E+01 -0.1947529E+00 -0.1716947E+00  0.3927157E-01
   02 -0.4353183E+05  0.2212387E+01 -0.3434357E+00 -0.3025924E+00  0.4872524E-01
   02 -0.4345534E+05  0.2213999E+01 -0.3485842E+00 -0.3129102E+00  0.5033818E-01
   02 -0.4337884E+05  0.2215801E+01 -0.3529804E+00 -0.3229433E+00  0.5213960E-01
   01 -0.4330234E+05  0.1010749E+01 -0.1711061E+00 -0.1504635E+00  0.3932517E-01
   01 -0.4322584E+05  0.1010565E+01 -0.1806630E+00 -0.1586909E+00  0.3914126E-01
