# gauge_id= 1 location=( -0.8940740833E+02  0.2893238167E+02 ) num_var=  4
# Stationary gauge
# level, time, q[  1  2  3], eta, aux[]
# file format ascii, time series follow in this file
   01 -0.8640000E+05  0.4372796E+02  0.0000000E+00  0.0000000E+00  0.0000000E+00
   01 -0.8639998E+05  0.4372796E+02  0.1024668E-05 -0.1247621E-05  0.1926654E-07
   01 -0.8632349E+05  0.4372802E+02  0.5024895E-02 -0.6267895E-02  0.5865786E-04
   01 -0.8624699E+05  0.4372804E+02  0.1029311E-01 -0.1289486E-01  0.8190833E-04
   01 -0.8617049E+05  0.4372802E+02  0.1592110E-01 -0.2017186E-01  0.5847527E-04
   01 -0.8609400E+05  0.4372794E+02  0.2205674E-01 -0.2816666E-01 -0.1887605E-04
   01 -0.8601750E+05  0.4372780E+02  0.2887382E-01 -0.3697685E-01 -0.1592422E-03
   01 -0.8594100E+05  0.4372759E+02  0.3651453E-01 -0.4673482E-01 -0.3722704E-03
   01 -0.8586450E+05  0.4372729E+02  0.4508412E-01 -0.5759531E-01 -0.6680906E-03
   01 -0.8578801E+05  0.4372691E+02  0.5461916E-01 -0.6968995E-01 -0.1055650E-02
   01 -0.8571151E+05  0.4372642E+02  0.6514189E-01 -0.8320960E-01 -0.1542104E-02
   01 -0.8563501E+05  0.4372582E+02  0.7672882E-01 -0.9837033E-01 -0.2138124E-02
   01 -0.8555852E+05  0.4372510E+02  0.8946668E-01 -0.1154214E+00 -0.2857223E-02
   01 -0.8548202E+05  0.4372425E+02  0.1034730E+00 -0.1346372E+00 -0.3715069E-02
   01 -0.8540552E+05  0.4372323E+02  0.1190040E+00 -0.1564226E+00 -0.4732430E-02
   01 -0.8532902E+05  0.4372203E+02  0.1362148E+00 -0.1810706E+00 -0.5929803E-02
   01 -0.8525253E+05  0.4372064E+02  0.1552149E+00 -0.2087099E+00 -0.7321447E-02
   01 -0.8517603E+05  0.4371905E+02  0.1760728E+00 -0.2393431E+00 -0.8916516E-02
   01 -0.8509953E+05  0.4371725E+02  0.1985765E+00 -0.2728780E+00 -0.1071097E-01
   01 -0.8502304E+05  0.4371526E+02  0.2225396E+00 -0.3091231E+00 -0.1270009E-01
   01 -0.8494654E+05  0.4371309E+02  0.2479188E+00 -0.3476770E+00 -0.1487367E-01
   01 -0.8487004E+05  0.4371073E+02  0.2746392E+00 -0.3885249E+00 -0.1723621E-01
   01 -0.8479355E+05  0.4370816E+02  0.3037376E+00 -0.4321272E+00 -0.1980552E-01
   01 -0.8471705E+05  0.4370531E+02  0.3366970E+00 -0.4793766E+00 -0.2265318E-01
   01 -0.8464055E+05  0.4370208E+02  0.3755949E+00 -0.5315881E+00 -0.2587874E-01
   01 -0.8456405E+05  0.4369841E+02  0.4209163E+00 -0.5906634E+00 -0.2955259E-01
   01 -0.8448756E+05  0.4369427E+02  0.4717026E+00 -0.6586236E+00 -0.3369456E-01
   01 -0.8441106E+05  0.4368951E+02  0.5263883E+00 -0.7428774E+00 -0.3845229E-01
   01 -0.8433456E+05  0.4368477E+02  0.5836809E+00 -0.8214176E+00 -0.4319381E-01
   01 -0.8425807E+05  0.4368012E+02  0.6418015E+00 -0.8933839E+00 -0.4784006E-01
   01 -0.8418157E+05  0.4367531E+02  0.7103838E+00 -0.9574635E+00 -0.5265263E-01
   01 -0.8410507E+05  0.4367108E+02  0.7677204E+00 -0.1012813E+01 -0.5688565E-01
   01 -0.8402857E+05  0.4366772E+02  0.8138314E+00 -0.1052451E+01 -0.6023950E-01
   01 -0.8395208E+05  0.4366503E+02  0.8445673E+00 -0.1079808E+01 -0.6292811E-01
   01 -0.8387558E+05  0.4366285E+02  0.8562089E+00 -0.1102084E+01 -0.6511341E-01
   01 -0.8379908E+05  0.4366148E+02  0.8433882E+00 -0.1117219E+01 -0.6648297E-01
   01 -0.8372259E+05  0.4366037E+02  0.8260616E+00 -0.1123468E+01 -0.6758835E-01
   01 -0.8364609E+05  0.4365959E+02  0.8047773E+00 -0.1120140E+01 -0.6837276E-01
   01 -0.8356959E+05  0.4365973E+02  0.7795217E+00 -0.1084165E+01 -0.6823587E-01
   01 -0.8349309E+05  0.4366129E+02  0.7335262E+00 -0.1016416E+01 -0.6667053E-01
   01 -0.8341660E+05  0.4366425E+02  0.6610541E+00 -0.9243064E+00 -0.6371539E-01
   01 -0.8334010E+05  0.4366823E+02  0.5679388E+00 -0.8151541E+00 -0.5972693E-01
   01 -0.8331429E+05  0.4366981E+02  0.5327337E+00 -0.7759267E+00 -0.5814998E-01
   01 -0.8323779E+05  0.4367512E+02  0.4178397E+00 -0.6466652E+00 -0.5284232E-01
   01 -0.8316129E+05  0.4368157E+02  0.2922866E+00 -0.4952402E+00 -0.4639413E-01
   01 -0.8308479E+05  0.4368883E+02  0.1551278E+00 -0.3384421E+00 -0.3913025E-01
   01 -0.8300830E+05  0.4369628E+02  0.2005985E-01 -0.1858933E+00 -0.3168192E-01
   01 -0.8293180E+05  0.4370337E+02 -0.9813933E-01 -0.4508296E-01 -0.2459232E-01
   01 -0.8285530E+05  0.4371002E+02 -0.1996871E+00  0.8515088E-01 -0.1793797E-01
   01 -0.8277881E+05  0.4371605E+02 -0.2855796E+00  0.2021919E+00 -0.1191018E-01
   01 -0.8270231E+05  0.4372130E+02 -0.3585854E+00  0.3023686E+00 -0.6660055E-02
   01 -0.8262581E+05  0.4372589E+02 -0.4213828E+00  0.3871263E+00 -0.2073686E-02
   01 -0.8254931E+05  0.4372986E+02 -0.4758729E+00  0.4585733E+00  0.1894456E-02
   01 -0.8247282E+05  0.4373329E+02 -0.5229759E+00  0.5186372E+00  0.5331885E-02
   01 -0.8239632E+05  0.4373633E+02 -0.5604746E+00  0.5684686E+00  0.8363730E-02
   01 -0.8231982E+05  0.4373883E+02 -0.5894856E+00  0.6065659E+00  0.1086872E-01
   01 -0.8224333E+05  0.4374094E+02 -0.6118303E+00  0.6352868E+00  0.1297527E-01
   01 -0.8216683E+05  0.4374283E+02 -0.6294012E+00  0.6585092E+00  0.1486744E-01
   01 -0.8209033E+05  0.4374458E+02 -0.6444682E+00  0.6772905E+00  0.1661801E-01
   01 -0.8201384E+05  0.4374626E+02 -0.6584506E+00  0.6926395E+00  0.1829379E-01
   01 -0.8193734E+05  0.4374791E+02 -0.6722436E+00  0.7051229E+00  0.1995278E-01
   01 -0.8186084E+05  0.4374957E+02 -0.6865320E+00  0.7154376E+00  0.2160363E-01
   01 -0.8178434E+05  0.4375124E+02 -0.7016627E+00  0.7247696E+00  0.2327753E-01
   01 -0.8170785E+05  0.4375294E+02 -0.7182170E+00  0.7339935E+00  0.2497926E-01
   01 -0.8163135E+05  0.4375468E+02 -0.7361524E+00  0.7435085E+00  0.2671613E-01
   01 -0.8155485E+05  0.4375648E+02 -0.7549123E+00  0.7536588E+00  0.2852035E-01
   01 -0.8147836E+05  0.4375837E+02 -0.7737833E+00  0.7646031E+00  0.3040721E-01
   01 -0.8140186E+05  0.4376034E+02 -0.7925306E+00  0.7763509E+00  0.3237541E-01
   01 -0.8132536E+05  0.4376238E+02 -0.8116914E+00  0.7885459E+00  0.3441894E-01
   01 -0.8124886E+05  0.4376449E+02 -0.8304499E+00  0.8009440E+00  0.3653036E-01
   01 -0.8117237E+05  0.4376665E+02 -0.8481891E+00  0.8133520E+00  0.3869247E-01
   01 -0.8109587E+05  0.4376887E+02 -0.8640153E+00  0.8256616E+00  0.4090824E-01
   01 -0.8101937E+05  0.4377113E+02 -0.8779118E+00  0.8376037E+00  0.4316597E-01
   01 -0.8094288E+05  0.4377340E+02 -0.8899539E+00  0.8487174E+00  0.4543478E-01
   01 -0.8086638E+05  0.4377566E+02 -0.8995055E+00  0.8586300E+00  0.4769528E-01
   01 -0.8078988E+05  0.4377788E+02 -0.9063105E+00  0.8670332E+00  0.4991514E-01
   01 -0.8071339E+05  0.4378004E+02 -0.9101831E+00  0.8732859E+00  0.5208034E-01
   01 -0.8063689E+05  0.4378211E+02 -0.9104821E+00  0.8768270E+00  0.5414721E-01
   01 -0.8056039E+05  0.4378409E+02 -0.9072213E+00  0.8781892E+00  0.5612741E-01
   01 -0.8048389E+05  0.4378596E+02 -0.9006397E+00  0.8770271E+00  0.5799363E-01
   01 -0.8040740E+05  0.4378767E+02 -0.8917128E+00  0.8737113E+00  0.5971132E-01
   01 -0.8033090E+05  0.4378926E+02 -0.8813893E+00  0.8683896E+00  0.6129809E-01
   01 -0.8025440E+05  0.4379078E+02 -0.8715004E+00  0.8612776E+00  0.6281798E-01
   01 -0.8022857E+05  0.4379129E+02 -0.8683053E+00  0.8582560E+00  0.6332623E-01
   01 -0.8015207E+05  0.4379272E+02 -0.8588785E+00  0.8484443E+00  0.6476258E-01
   01 -0.8007558E+05  0.4379410E+02 -0.8496115E+00  0.8363624E+00  0.6613573E-01
   01 -0.7999908E+05  0.4379540E+02 -0.8403974E+00  0.8218054E+00  0.6744049E-01
   01 -0.7992258E+05  0.4379662E+02 -0.8307427E+00  0.8046266E+00  0.6865460E-01
   01 -0.7984609E+05  0.4379769E+02 -0.8192812E+00  0.7848715E+00  0.6973066E-01
   01 -0.7976959E+05  0.4379864E+02 -0.8063760E+00  0.7627291E+00  0.7067375E-01
   01 -0.7969309E+05  0.4379945E+02 -0.7923567E+00  0.7384482E+00  0.7149022E-01
   01 -0.7961660E+05  0.4380015E+02 -0.7774757E+00  0.7122800E+00  0.7218686E-01
   01 -0.7954010E+05  0.4380073E+02 -0.7619472E+00  0.6844660E+00  0.7276951E-01
   01 -0.7946360E+05  0.4380120E+02 -0.7460316E+00  0.6552423E+00  0.7324119E-01
   01 -0.7938710E+05  0.4380156E+02 -0.7301736E+00  0.6248275E+00  0.7359881E-01
   01 -0.7931061E+05  0.4380181E+02 -0.7143908E+00  0.5934181E+00  0.7384822E-01
   01 -0.7923411E+05  0.4380196E+02 -0.6986923E+00  0.5611788E+00  0.7399771E-01
   01 -0.7915761E+05  0.4380201E+02 -0.6829272E+00  0.5282300E+00  0.7404693E-01
   01 -0.7908112E+05  0.4380195E+02 -0.6668573E+00  0.4946958E+00  0.7399094E-01
   01 -0.7900462E+05  0.4380178E+02 -0.6503839E+00  0.4604285E+00  0.7381843E-01
   01 -0.7892812E+05  0.4380148E+02 -0.6334404E+00  0.4252429E+00  0.7351353E-01
   01 -0.7885163E+05  0.4380104E+02 -0.6160113E+00  0.3892431E+00  0.7308129E-01
   01 -0.7877513E+05  0.4380048E+02 -0.5979278E+00  0.3524729E+00  0.7252283E-01
   01 -0.7869863E+05  0.4379981E+02 -0.5789509E+00  0.3149670E+00  0.7184362E-01
   01 -0.7862213E+05  0.4379901E+02 -0.5590224E+00  0.2768053E+00  0.7104534E-01
   01 -0.7854564E+05  0.4379813E+02 -0.5392336E+00  0.2381345E+00  0.7016567E-01
   01 -0.7846914E+05  0.4379717E+02 -0.5194063E+00  0.1990966E+00  0.6920421E-01
   01 -0.7839264E+05  0.4379613E+02 -0.4994832E+00  0.1598515E+00  0.6816918E-01
   01 -0.7831615E+05  0.4379509E+02 -0.4801049E+00  0.1212974E+00  0.6712488E-01
   01 -0.7823965E+05  0.4379403E+02 -0.4615723E+00  0.8328914E-01  0.6607178E-01
   01 -0.7816315E+05  0.4379298E+02 -0.4439196E+00  0.4596529E-01  0.6501377E-01
   01 -0.7808666E+05  0.4379190E+02 -0.4274856E+00  0.8853851E-02  0.6393770E-01
   01 -0.7801016E+05  0.4379083E+02 -0.4131696E+00 -0.2815106E-01  0.6286726E-01
   01 -0.7793366E+05  0.4378982E+02 -0.4017207E+00 -0.6370144E-01  0.6186062E-01
   01 -0.7785716E+05  0.4378891E+02 -0.3930507E+00 -0.9631445E-01  0.6094988E-01
   01 -0.7778067E+05  0.4378808E+02 -0.3868554E+00 -0.1261344E+00  0.6011823E-01
   01 -0.7770417E+05  0.4378731E+02 -0.3829318E+00 -0.1531506E+00  0.5934877E-01
   01 -0.7762767E+05  0.4378667E+02 -0.3814644E+00 -0.1762144E+00  0.5870344E-01
   01 -0.7755118E+05  0.4378612E+02 -0.3822042E+00 -0.1954951E+00  0.5815649E-01
   01 -0.7747468E+05  0.4378565E+02 -0.3848004E+00 -0.2114932E+00  0.5768582E-01
   01 -0.7739818E+05  0.4378521E+02 -0.3891062E+00 -0.2260739E+00  0.5724375E-01
   01 -0.7732168E+05  0.4378480E+02 -0.3949530E+00 -0.2392255E+00  0.5684207E-01
   01 -0.7724519E+05  0.4378446E+02 -0.4023728E+00 -0.2504634E+00  0.5650088E-01
   01 -0.7716869E+05  0.4378421E+02 -0.4113266E+00 -0.2590678E+00  0.5624330E-01
   01 -0.7714286E+05  0.4378414E+02 -0.4145137E+00 -0.2613508E+00  0.5617702E-01
   01 -0.7706636E+05  0.4378396E+02 -0.4239911E+00 -0.2663708E+00  0.5600185E-01
   01 -0.7698986E+05  0.4378384E+02 -0.4335092E+00 -0.2690403E+00  0.5587458E-01
   01 -0.7691337E+05  0.4378374E+02 -0.4432155E+00 -0.2698493E+00  0.5577772E-01
   01 -0.7683687E+05  0.4378367E+02 -0.4531089E+00 -0.2688195E+00  0.5571120E-01
   01 -0.7676037E+05  0.4378365E+02 -0.4631468E+00 -0.2653009E+00  0.5568737E-01
   01 -0.7668387E+05  0.4378365E+02 -0.4732473E+00 -0.2600753E+00  0.5568467E-01
   01 -0.7660738E+05  0.4378366E+02 -0.4833099E+00 -0.2535069E+00  0.5569956E-01
   01 -0.7653088E+05  0.4378373E+02 -0.4944027E+00 -0.2456491E+00  0.5576434E-01
   01 -0.7645438E+05  0.4378382E+02 -0.5064299E+00 -0.2371898E+00  0.5585913E-01
   01 -0.7637789E+05  0.4378394E+02 -0.5191087E+00 -0.2281548E+00  0.5597859E-01
   01 -0.7630139E+05  0.4378408E+02 -0.5321213E+00 -0.2186526E+00  0.5612159E-01
   01 -0.7622489E+05  0.4378425E+02 -0.5452257E+00 -0.2089347E+00  0.5628790E-01
   01 -0.7614840E+05  0.4378443E+02 -0.5584778E+00 -0.1991825E+00  0.5647319E-01
   01 -0.7607190E+05  0.4378463E+02 -0.5719065E+00 -0.1894217E+00  0.5667063E-01
   01 -0.7599540E+05  0.4378484E+02 -0.5854781E+00 -0.1797486E+00  0.5687885E-01
   01 -0.7591890E+05  0.4378507E+02 -0.5990652E+00 -0.1701737E+00  0.5710485E-01
   01 -0.7584241E+05  0.4378532E+02 -0.6125991E+00 -0.1606230E+00  0.5735417E-01
   01 -0.7576591E+05  0.4378558E+02 -0.6260301E+00 -0.1512496E+00  0.5762109E-01
   01 -0.7568941E+05  0.4378587E+02 -0.6395378E+00 -0.1421941E+00  0.5790649E-01
   01 -0.7561292E+05  0.4378614E+02 -0.6529265E+00 -0.1340300E+00  0.5817391E-01
   01 -0.7553642E+05  0.4378638E+02 -0.6658435E+00 -0.1267575E+00  0.5841480E-01
   01 -0.7545992E+05  0.4378659E+02 -0.6781571E+00 -0.1204091E+00  0.5862881E-01
   01 -0.7538343E+05  0.4378676E+02 -0.6898539E+00 -0.1153927E+00  0.5879376E-01
   01 -0.7530693E+05  0.4378690E+02 -0.7011412E+00 -0.1106672E+00  0.5894254E-01
   01 -0.7523043E+05  0.4378705E+02 -0.7119591E+00 -0.1059358E+00  0.5908457E-01
   01 -0.7515393E+05  0.4378717E+02 -0.7223202E+00 -0.1012703E+00  0.5921311E-01
   01 -0.7507744E+05  0.4378730E+02 -0.7322158E+00 -0.9644177E-01  0.5933976E-01
   01 -0.7500094E+05  0.4378742E+02 -0.7414130E+00 -0.9147458E-01  0.5945988E-01
   01 -0.7492444E+05  0.4378753E+02 -0.7496739E+00 -0.8640510E-01  0.5957303E-01
   01 -0.7484795E+05  0.4378764E+02 -0.7569525E+00 -0.8126618E-01  0.5968243E-01
   01 -0.7477145E+05  0.4378775E+02 -0.7631831E+00 -0.7611510E-01  0.5978830E-01
   01 -0.7469495E+05  0.4378785E+02 -0.7683150E+00 -0.7100705E-01  0.5989055E-01
   01 -0.7461846E+05  0.4378795E+02 -0.7723756E+00 -0.6599880E-01  0.5999084E-01
   01 -0.7454196E+05  0.4378802E+02 -0.7753954E+00 -0.6224305E-01  0.6006135E-01
   01 -0.7446546E+05  0.4378806E+02 -0.7774609E+00 -0.5989870E-01  0.6009841E-01
   01 -0.7438897E+05  0.4378807E+02 -0.7786880E+00 -0.5887766E-01  0.6010381E-01
   01 -0.7431247E+05  0.4378804E+02 -0.7791817E+00 -0.5900174E-01  0.6008257E-01
   01 -0.7423597E+05  0.4378800E+02 -0.7790382E+00 -0.6010353E-01  0.6003971E-01
   01 -0.7415947E+05  0.4378794E+02 -0.7783443E+00 -0.6202688E-01  0.5997944E-01
   01 -0.7408298E+05  0.4378787E+02 -0.7771824E+00 -0.6475679E-01  0.5990805E-01
   01 -0.7405714E+05  0.4378785E+02 -0.7767243E+00 -0.6569584E-01  0.5989137E-01
   01 -0.7398065E+05  0.4378779E+02 -0.7751886E+00 -0.6955161E-01  0.5982463E-01
   01 -0.7390415E+05  0.4378773E+02 -0.7735552E+00 -0.7408803E-01  0.5976327E-01
   01 -0.7382765E+05  0.4378767E+02 -0.7718500E+00 -0.7920779E-01  0.5970508E-01
   01 -0.7375116E+05  0.4378761E+02 -0.7700992E+00 -0.8473188E-01  0.5964865E-01
   01 -0.7367466E+05  0.4378755E+02 -0.7683270E+00 -0.9059122E-01  0.5959280E-01
   01 -0.7359816E+05  0.4378750E+02 -0.7665562E+00 -0.9673745E-01  0.5953589E-01
   01 -0.7352166E+05  0.4378744E+02 -0.7648725E+00 -0.1031494E+00  0.5947720E-01
   01 -0.7344517E+05  0.4378738E+02 -0.7633774E+00 -0.1098740E+00  0.5941594E-01
   01 -0.7336867E+05  0.4378731E+02 -0.7620953E+00 -0.1169938E+00  0.5934475E-01
   01 -0.7329217E+05  0.4378722E+02 -0.7610495E+00 -0.1245002E+00  0.5926151E-01
   01 -0.7321568E+05  0.4378713E+02 -0.7602511E+00 -0.1323956E+00  0.5916383E-01
   01 -0.7313918E+05  0.4378701E+02 -0.7598431E+00 -0.1406908E+00  0.5904562E-01
   01 -0.7306268E+05  0.4378686E+02 -0.7598994E+00 -0.1493994E+00  0.5890261E-01
   01 -0.7298619E+05  0.4378670E+02 -0.7603834E+00 -0.1585363E+00  0.5873338E-01
   01 -0.7290969E+05  0.4378650E+02 -0.7612602E+00 -0.1681164E+00  0.5853648E-01
   01 -0.7283319E+05  0.4378627E+02 -0.7624974E+00 -0.1781552E+00  0.5831087E-01
   01 -0.7275669E+05  0.4378602E+02 -0.7640697E+00 -0.1886633E+00  0.5805587E-01
   01 -0.7268020E+05  0.4378573E+02 -0.7659607E+00 -0.1996388E+00  0.5777099E-01
   01 -0.7260370E+05  0.4378542E+02 -0.7681651E+00 -0.2110706E+00  0.5745615E-01
   01 -0.7252720E+05  0.4378507E+02 -0.7706857E+00 -0.2229371E+00  0.5711180E-01
   01 -0.7245071E+05  0.4378470E+02 -0.7735320E+00 -0.2352065E+00  0.5673891E-01
   01 -0.7237421E+05  0.4378430E+02 -0.7767187E+00 -0.2478377E+00  0.5633895E-01
   01 -0.7229771E+05  0.4378388E+02 -0.7802650E+00 -0.2607806E+00  0.5591385E-01
   01 -0.7222122E+05  0.4378343E+02 -0.7841622E+00 -0.2739141E+00  0.5546994E-01
   01 -0.7214472E+05  0.4378297E+02 -0.7883821E+00 -0.2871789E+00  0.5501089E-01
   01 -0.7206822E+05  0.4378250E+02 -0.7929087E+00 -0.3005077E+00  0.5454043E-01
   01 -0.7199173E+05  0.4378202E+02 -0.7977366E+00 -0.3138260E+00  0.5406245E-01
   01 -0.7191523E+05  0.4378154E+02 -0.8028696E+00 -0.3270538E+00  0.5358087E-01
   01 -0.7183873E+05  0.4378106E+02 -0.8083178E+00 -0.3401080E+00  0.5309965E-01
   01 -0.7176223E+05  0.4378058E+02 -0.8140951E+00 -0.3529052E+00  0.5262265E-01
   01 -0.7168574E+05  0.4378012E+02 -0.8202164E+00 -0.3653646E+00  0.5215355E-01
   01 -0.7160924E+05  0.4377966E+02 -0.8266976E+00 -0.3774067E+00  0.5169561E-01
   01 -0.7153274E+05  0.4377921E+02 -0.8335543E+00 -0.3889595E+00  0.5125187E-01
   01 -0.7145625E+05  0.4377879E+02 -0.8408012E+00 -0.3998418E+00  0.5083150E-01
   01 -0.7137975E+05  0.4377840E+02 -0.8484501E+00 -0.4098786E+00  0.5044316E-01
   01 -0.7130325E+05  0.4377805E+02 -0.8565140E+00 -0.4190698E+00  0.5008681E-01
   01 -0.7122676E+05  0.4377772E+02 -0.8650049E+00 -0.4274204E+00  0.4976322E-01
   01 -0.7115026E+05  0.4377743E+02 -0.8739178E+00 -0.4349422E+00  0.4947116E-01
   01 -0.7107376E+05  0.4377717E+02 -0.8832415E+00 -0.4416507E+00  0.4920952E-01
   01 -0.7099727E+05  0.4377694E+02 -0.8929587E+00 -0.4475670E+00  0.4897777E-01
   01 -0.7097143E+05  0.4377687E+02 -0.8963866E+00 -0.4494072E+00  0.4890935E-01
   01 -0.7089493E+05  0.4377668E+02 -0.9065979E+00 -0.4543179E+00  0.4871380E-01
   01 -0.7081843E+05  0.4377651E+02 -0.9171611E+00 -0.4584945E+00  0.4854468E-01
   01 -0.7074194E+05  0.4377636E+02 -0.9280453E+00 -0.4619862E+00  0.4839953E-01
   01 -0.7066544E+05  0.4377624E+02 -0.9392206E+00 -0.4648463E+00  0.4827589E-01
   01 -0.7058894E+05  0.4377613E+02 -0.9506598E+00 -0.4671404E+00  0.4817097E-01
   01 -0.7051245E+05  0.4377604E+02 -0.9623411E+00 -0.4689500E+00  0.4808136E-01
   01 -0.7043595E+05  0.4377597E+02 -0.9742428E+00 -0.4703207E+00  0.4800467E-01
   01 -0.7035945E+05  0.4377590E+02 -0.9863362E+00 -0.4712973E+00  0.4793863E-01
   01 -0.7028296E+05  0.4377584E+02 -0.9985863E+00 -0.4719239E+00  0.4788110E-01
   01 -0.7020646E+05  0.4377579E+02 -0.1010954E+01 -0.4722437E+00  0.4783002E-01
   01 -0.7012996E+05  0.4377575E+02 -0.1023396E+01 -0.4722935E+00  0.4778342E-01
   01 -0.7005347E+05  0.4377570E+02 -0.1035871E+01 -0.4721109E+00  0.4773946E-01
   01 -0.6997697E+05  0.4377566E+02 -0.1048339E+01 -0.4716486E+00  0.4770032E-01
   01 -0.6990047E+05  0.4377563E+02 -0.1060770E+01 -0.4708889E+00  0.4766756E-01
   01 -0.6982397E+05  0.4377560E+02 -0.1073134E+01 -0.4698785E+00  0.4763919E-01
   01 -0.6974748E+05  0.4377558E+02 -0.1085406E+01 -0.4686612E+00  0.4761345E-01
   01 -0.6967098E+05  0.4377555E+02 -0.1097564E+01 -0.4672790E+00  0.4758882E-01
   01 -0.6959448E+05  0.4377553E+02 -0.1109585E+01 -0.4657795E+00  0.4756419E-01
   01 -0.6951799E+05  0.4377550E+02 -0.1121449E+01 -0.4641964E+00  0.4753831E-01
   01 -0.6944149E+05  0.4377547E+02 -0.1133141E+01 -0.4625134E+00  0.4750995E-01
   01 -0.6936499E+05  0.4377544E+02 -0.1144645E+01 -0.4607606E+00  0.4747800E-01
   01 -0.6928850E+05  0.4377540E+02 -0.1155957E+01 -0.4590080E+00  0.4744026E-01
   01 -0.6921200E+05  0.4377536E+02 -0.1167082E+01 -0.4573143E+00  0.4739460E-01
   01 -0.6913550E+05  0.4377530E+02 -0.1178019E+01 -0.4556858E+00  0.4734099E-01
   01 -0.6905901E+05  0.4377524E+02 -0.1188755E+01 -0.4541339E+00  0.4727953E-01
   01 -0.6898251E+05  0.4377517E+02 -0.1199270E+01 -0.4526830E+00  0.4720972E-01
   01 -0.6890601E+05  0.4377509E+02 -0.1209553E+01 -0.4513551E+00  0.4713104E-01
   01 -0.6882952E+05  0.4377500E+02 -0.1219593E+01 -0.4501689E+00  0.4704303E-01
   01 -0.6875302E+05  0.4377491E+02 -0.1229388E+01 -0.4491399E+00  0.4694524E-01
   01 -0.6867652E+05  0.4377480E+02 -0.1238936E+01 -0.4482787E+00  0.4683735E-01
   01 -0.6860002E+05  0.4377468E+02 -0.1248235E+01 -0.4475912E+00  0.4671919E-01
   01 -0.6852353E+05  0.4377455E+02 -0.1257289E+01 -0.4470780E+00  0.4659077E-01
   01 -0.6844703E+05  0.4377441E+02 -0.1266110E+01 -0.4467350E+00  0.4645225E-01
   01 -0.6837053E+05  0.4377427E+02 -0.1274712E+01 -0.4465539E+00  0.4630395E-01
   01 -0.6829404E+05  0.4377411E+02 -0.1283112E+01 -0.4465231E+00  0.4614643E-01
   01 -0.6821754E+05  0.4377394E+02 -0.1291327E+01 -0.4466286E+00  0.4598036E-01
   01 -0.6814104E+05  0.4377377E+02 -0.1299378E+01 -0.4468544E+00  0.4580643E-01
   01 -0.6806455E+05  0.4377359E+02 -0.1307293E+01 -0.4471832E+00  0.4562533E-01
   01 -0.6798805E+05  0.4377340E+02 -0.1315099E+01 -0.4475955E+00  0.4543781E-01
   01 -0.6791155E+05  0.4377321E+02 -0.1322828E+01 -0.4480709E+00  0.4524467E-01
   01 -0.6788571E+05  0.4377315E+02 -0.1325494E+01 -0.4479928E+00  0.4519005E-01
   01 -0.6780922E+05  0.4377295E+02 -0.1333146E+01 -0.4485585E+00  0.4498776E-01
   01 -0.6773272E+05  0.4377275E+02 -0.1340810E+01 -0.4491076E+00  0.4478361E-01
   01 -0.6765622E+05  0.4377254E+02 -0.1348513E+01 -0.4496413E+00  0.4457844E-01
   01 -0.6757973E+05  0.4377233E+02 -0.1356279E+01 -0.4501458E+00  0.4437309E-01
   01 -0.6750323E+05  0.4377213E+02 -0.1364138E+01 -0.4506028E+00  0.4416855E-01
   01 -0.6742673E+05  0.4377193E+02 -0.1372116E+01 -0.4509889E+00  0.4396589E-01
   01 -0.6735024E+05  0.4377173E+02 -0.1380240E+01 -0.4512758E+00  0.4376631E-01
   01 -0.6727374E+05  0.4377153E+02 -0.1388536E+01 -0.4514320E+00  0.4357111E-01
   01 -0.6719724E+05  0.4377134E+02 -0.1397027E+01 -0.4514252E+00  0.4338162E-01
   01 -0.6712075E+05  0.4377116E+02 -0.1405733E+01 -0.4512247E+00  0.4319909E-01
   01 -0.6704425E+05  0.4377099E+02 -0.1414668E+01 -0.4508033E+00  0.4302468E-01
   01 -0.6696775E+05  0.4377082E+02 -0.1423846E+01 -0.4501367E+00  0.4285945E-01
   01 -0.6689126E+05  0.4377067E+02 -0.1433275E+01 -0.4492055E+00  0.4270437E-01
   01 -0.6681476E+05  0.4377052E+02 -0.1442964E+01 -0.4479937E+00  0.4256033E-01
   01 -0.6673826E+05  0.4377039E+02 -0.1452915E+01 -0.4464874E+00  0.4242819E-01
   01 -0.6666176E+05  0.4377027E+02 -0.1463135E+01 -0.4446721E+00  0.4230887E-01
   01 -0.6658527E+05  0.4377017E+02 -0.1473624E+01 -0.4425312E+00  0.4220342E-01
   01 -0.6650877E+05  0.4377007E+02 -0.1484387E+01 -0.4400456E+00  0.4211299E-01
   01 -0.6643227E+05  0.4377000E+02 -0.1495424E+01 -0.4371949E+00  0.4203880E-01
   01 -0.6635578E+05  0.4376994E+02 -0.1506734E+01 -0.4339586E+00  0.4198210E-01
   01 -0.6627928E+05  0.4376991E+02 -0.1518313E+01 -0.4303174E+00  0.4194405E-01
   01 -0.6620278E+05  0.4376989E+02 -0.1530161E+01 -0.4262679E+00  0.4192484E-01
   01 -0.6612629E+05  0.4376989E+02 -0.1542286E+01 -0.4218154E+00  0.4192395E-01
   01 -0.6604979E+05  0.4376990E+02 -0.1554697E+01 -0.4169516E+00  0.4194146E-01
   01 -0.6597329E+05  0.4376994E+02 -0.1567395E+01 -0.4116755E+00  0.4197728E-01
   01 -0.6589680E+05  0.4376999E+02 -0.1580375E+01 -0.4060077E+00  0.4203036E-01
   01 -0.6582030E+05  0.4377005E+02 -0.1593623E+01 -0.4001471E+00  0.4209022E-01
   01 -0.6574380E+05  0.4377012E+02 -0.1607120E+01 -0.3940962E+00  0.4215777E-01
   01 -0.6566731E+05  0.4377020E+02 -0.1620845E+01 -0.3878619E+00  0.4223376E-01
   01 -0.6559081E+05  0.4377028E+02 -0.1634776E+01 -0.3814528E+00  0.4231893E-01
   01 -0.6551431E+05  0.4377038E+02 -0.1648890E+01 -0.3748776E+00  0.4241403E-01
   01 -0.6543782E+05  0.4377048E+02 -0.1663170E+01 -0.3681441E+00  0.4251981E-01
   01 -0.6536132E+05  0.4377060E+02 -0.1677596E+01 -0.3612587E+00  0.4263706E-01
   01 -0.6528482E+05  0.4377073E+02 -0.1692154E+01 -0.3542260E+00  0.4276664E-01
   01 -0.6520832E+05  0.4377087E+02 -0.1706830E+01 -0.3470498E+00  0.4290941E-01
   01 -0.6513183E+05  0.4377103E+02 -0.1721615E+01 -0.3397330E+00  0.4306623E-01
   01 -0.6505533E+05  0.4377120E+02 -0.1736495E+01 -0.3322793E+00  0.4323794E-01
   01 -0.6497883E+05  0.4377139E+02 -0.1751458E+01 -0.3246936E+00  0.4342535E-01
   01 -0.6490234E+05  0.4377159E+02 -0.1766493E+01 -0.3169878E+00  0.4362923E-01
   01 -0.6482584E+05  0.4377181E+02 -0.1781586E+01 -0.3091882E+00  0.4385044E-01
   01 -0.6480000E+05  0.4377190E+02 -0.1786754E+01 -0.3063123E+00  0.4394281E-01
   01 -0.6472350E+05  0.4377215E+02 -0.1801854E+01 -0.2984857E+00  0.4418374E-01
   01 -0.6464701E+05  0.4377241E+02 -0.1816946E+01 -0.2906244E+00  0.4444538E-01
   01 -0.6457051E+05  0.4377269E+02 -0.1832003E+01 -0.2827633E+00  0.4472656E-01
   01 -0.6449401E+05  0.4377299E+02 -0.1846998E+01 -0.2749335E+00  0.4502616E-01
   01 -0.6441752E+05  0.4377330E+02 -0.1861903E+01 -0.2671610E+00  0.4534305E-01
   01 -0.6434102E+05  0.4377364E+02 -0.1876689E+01 -0.2594700E+00  0.4567597E-01
   01 -0.6426452E+05  0.4377399E+02 -0.1891321E+01 -0.2518866E+00  0.4602345E-01
   01 -0.6418802E+05  0.4377435E+02 -0.1905763E+01 -0.2444414E+00  0.4638369E-01
   01 -0.6411153E+05  0.4377472E+02 -0.1919974E+01 -0.2371711E+00  0.4675446E-01
   01 -0.6403503E+05  0.4377509E+02 -0.1933907E+01 -0.2301189E+00  0.4713314E-01
   01 -0.6395853E+05  0.4377548E+02 -0.1947515E+01 -0.2233309E+00  0.4751683E-01
   01 -0.6388204E+05  0.4377586E+02 -0.1960755E+01 -0.2168530E+00  0.4790271E-01
   01 -0.6380554E+05  0.4377625E+02 -0.1973603E+01 -0.2107244E+00  0.4828852E-01
   01 -0.6372904E+05  0.4377663E+02 -0.1986062E+01 -0.2049670E+00  0.4867314E-01
   01 -0.6365255E+05  0.4377702E+02 -0.1998177E+01 -0.1995729E+00  0.4905730E-01
   01 -0.6357605E+05  0.4377741E+02 -0.2010025E+01 -0.1944934E+00  0.4944577E-01
   01 -0.6349955E+05  0.4377781E+02 -0.2021746E+01 -0.1896404E+00  0.4984468E-01
   01 -0.6342306E+05  0.4377822E+02 -0.2033530E+01 -0.1848830E+00  0.5026188E-01
   01 -0.6334656E+05  0.4377867E+02 -0.2045593E+01 -0.1800491E+00  0.5070654E-01
   01 -0.6327006E+05  0.4377915E+02 -0.2058156E+01 -0.1749458E+00  0.5118857E-01
   01 -0.6319357E+05  0.4377968E+02 -0.2071419E+01 -0.1693844E+00  0.5171746E-01
   01 -0.6311707E+05  0.4378026E+02 -0.2085537E+01 -0.1632048E+00  0.5230094E-01
   01 -0.6304057E+05  0.4378091E+02 -0.2100597E+01 -0.1563009E+00  0.5294374E-01
   01 -0.6296407E+05  0.4378161E+02 -0.2116606E+01 -0.1486409E+00  0.5364669E-01
   01 -0.6288758E+05  0.4378237E+02 -0.2133484E+01 -0.1402771E+00  0.5440633E-01
   01 -0.6281108E+05  0.4378318E+02 -0.2151079E+01 -0.1313418E+00  0.5521516E-01
   01 -0.6273458E+05  0.4378402E+02 -0.2169178E+01 -0.1220325E+00  0.5606247E-01
   01 -0.6265809E+05  0.4378490E+02 -0.2187535E+01 -0.1125892E+00  0.5693535E-01
   01 -0.6258159E+05  0.4378578E+02 -0.2205893E+01 -0.1032727E+00  0.5782004E-01
   01 -0.6250509E+05  0.4378667E+02 -0.2224013E+01 -0.9433644E-01  0.5870325E-01
   01 -0.6242860E+05  0.4378753E+02 -0.2241691E+01 -0.8600343E-01  0.5957319E-01
   01 -0.6235210E+05  0.4378838E+02 -0.2258773E+01 -0.7845148E-01  0.6042036E-01
   01 -0.6227560E+05  0.4378920E+02 -0.2275161E+01 -0.7180289E-01  0.6123805E-01
   01 -0.6219911E+05  0.4378998E+02 -0.2290813E+01 -0.6611909E-01  0.6202248E-01
   01 -0.6212261E+05  0.4379073E+02 -0.2305742E+01 -0.6140077E-01  0.6277269E-01
   01 -0.6204611E+05  0.4379145E+02 -0.2320001E+01 -0.5759476E-01  0.6349023E-01
   01 -0.6196961E+05  0.4379214E+02 -0.2333677E+01 -0.5460638E-01  0.6417860E-01
   01 -0.6189312E+05  0.4379280E+02 -0.2346878E+01 -0.5231374E-01  0.6484257E-01
   01 -0.6181662E+05  0.4379345E+02 -0.2359720E+01 -0.5058232E-01  0.6548761E-01
   01 -0.6174012E+05  0.4379408E+02 -0.2372316E+01 -0.4927787E-01  0.6611938E-01
   01 -0.6171429E+05  0.4379431E+02 -0.2376556E+01 -0.4874574E-01  0.6634785E-01
   01 -0.6163779E+05  0.4379493E+02 -0.2388925E+01 -0.4790785E-01  0.6696383E-01
   01 -0.6156129E+05  0.4379554E+02 -0.2401299E+01 -0.4720614E-01  0.6757972E-01
   01 -0.6148480E+05  0.4379616E+02 -0.2413743E+01 -0.4658360E-01  0.6819840E-01
   01 -0.6140830E+05  0.4379678E+02 -0.2426304E+01 -0.4600080E-01  0.6882204E-01
   01 -0.6133180E+05  0.4379741E+02 -0.2439016E+01 -0.4543107E-01  0.6945224E-01
   01 -0.6125530E+05  0.4379805E+02 -0.2451899E+01 -0.4485862E-01  0.7009007E-01
   01 -0.6117881E+05  0.4379870E+02 -0.2464968E+01 -0.4427795E-01  0.7073617E-01
   01 -0.6110231E+05  0.4379935E+02 -0.2478228E+01 -0.4369262E-01  0.7139075E-01
   01 -0.6102581E+05  0.4380002E+02 -0.2491680E+01 -0.4311281E-01  0.7205365E-01
   01 -0.6094932E+05  0.4380069E+02 -0.2505317E+01 -0.4255188E-01  0.7272447E-01
   01 -0.6087282E+05  0.4380136E+02 -0.2519130E+01 -0.4202275E-01  0.7340266E-01
   01 -0.6079632E+05  0.4380205E+02 -0.2533110E+01 -0.4153529E-01  0.7408762E-01
   01 -0.6071983E+05  0.4380274E+02 -0.2547243E+01 -0.4109535E-01  0.7477877E-01
   01 -0.6064333E+05  0.4380344E+02 -0.2561518E+01 -0.4070495E-01  0.7547559E-01
   01 -0.6056683E+05  0.4380414E+02 -0.2575924E+01 -0.4036315E-01  0.7617757E-01
   01 -0.6049034E+05  0.4380485E+02 -0.2590452E+01 -0.4006728E-01  0.7688426E-01
   01 -0.6041384E+05  0.4380556E+02 -0.2605093E+01 -0.3981408E-01  0.7759525E-01
   01 -0.6033734E+05  0.4380627E+02 -0.2619841E+01 -0.3960046E-01  0.7831012E-01
   01 -0.6026084E+05  0.4380699E+02 -0.2634690E+01 -0.3942426E-01  0.7902846E-01
   01 -0.6018435E+05  0.4380771E+02 -0.2649632E+01 -0.3928470E-01  0.7974982E-01
   01 -0.6010785E+05  0.4380844E+02 -0.2664660E+01 -0.3918300E-01  0.8047372E-01
   01 -0.6003135E+05  0.4380916E+02 -0.2679766E+01 -0.3912242E-01  0.8119959E-01
   01 -0.5995486E+05  0.4380989E+02 -0.2694942E+01 -0.3910781E-01  0.8192684E-01
   01 -0.5987836E+05  0.4381062E+02 -0.2710182E+01 -0.3914519E-01  0.8265507E-01
   01 -0.5980186E+05  0.4381135E+02 -0.2725481E+01 -0.3924188E-01  0.8338380E-01
   01 -0.5972537E+05  0.4381207E+02 -0.2740833E+01 -0.3940555E-01  0.8411256E-01
   01 -0.5964887E+05  0.4381280E+02 -0.2756236E+01 -0.3964334E-01  0.8484099E-01
   01 -0.5957237E+05  0.4381353E+02 -0.2771688E+01 -0.3996190E-01  0.8556875E-01
   01 -0.5949588E+05  0.4381426E+02 -0.2787189E+01 -0.4036802E-01  0.8629554E-01
   01 -0.5941938E+05  0.4381498E+02 -0.2802733E+01 -0.4086952E-01  0.8702095E-01
   01 -0.5934288E+05  0.4381571E+02 -0.2818316E+01 -0.4147567E-01  0.8774447E-01
   01 -0.5926639E+05  0.4381643E+02 -0.2833927E+01 -0.4219753E-01  0.8846542E-01
   01 -0.5918989E+05  0.4381714E+02 -0.2849554E+01 -0.4304787E-01  0.8918301E-01
   01 -0.5911339E+05  0.4381786E+02 -0.2865183E+01 -0.4404088E-01  0.8989633E-01
   01 -0.5903689E+05  0.4381857E+02 -0.2880797E+01 -0.4519131E-01  0.9060440E-01
   01 -0.5896040E+05  0.4381927E+02 -0.2896381E+01 -0.4651361E-01  0.9130625E-01
   01 -0.5888390E+05  0.4381996E+02 -0.2911918E+01 -0.4802093E-01  0.9200093E-01
   01 -0.5880740E+05  0.4382065E+02 -0.2927397E+01 -0.4972437E-01  0.9268760E-01
   01 -0.5873091E+05  0.4382133E+02 -0.2942805E+01 -0.5163246E-01  0.9336554E-01
   01 -0.5865441E+05  0.4382200E+02 -0.2958134E+01 -0.5375102E-01  0.9403410E-01
   01 -0.5862857E+05  0.4382224E+02 -0.2963373E+01 -0.5427020E-01  0.9427996E-01
   01 -0.5855207E+05  0.4382289E+02 -0.2978479E+01 -0.5677599E-01  0.9492725E-01
   01 -0.5847558E+05  0.4382353E+02 -0.2993542E+01 -0.5946030E-01  0.9556651E-01
   01 -0.5839908E+05  0.4382416E+02 -0.3008543E+01 -0.6234663E-01  0.9619620E-01
   01 -0.5832258E+05  0.4382478E+02 -0.3023465E+01 -0.6544936E-01  0.9681513E-01
   01 -0.5824609E+05  0.4382538E+02 -0.3038296E+01 -0.6879085E-01  0.9742270E-01
   01 -0.5816959E+05  0.4382598E+02 -0.3053029E+01 -0.7240439E-01  0.9801873E-01
   01 -0.5809309E+05  0.4382656E+02 -0.3067662E+01 -0.7628969E-01  0.9860259E-01
   01 -0.5801660E+05  0.4382714E+02 -0.3082197E+01 -0.8044229E-01  0.9917391E-01
   01 -0.5794010E+05  0.4382769E+02 -0.3096638E+01 -0.8485437E-01  0.9973250E-01
   01 -0.5786360E+05  0.4382824E+02 -0.3110990E+01 -0.8951584E-01  0.1002783E+00
   01 -0.5778711E+05  0.4382877E+02 -0.3125258E+01 -0.9441525E-01  0.1008113E+00
   01 -0.5771061E+05  0.4382929E+02 -0.3139449E+01 -0.9954041E-01  0.1013315E+00
   01 -0.5763411E+05  0.4382980E+02 -0.3153574E+01 -0.1048788E+00  0.1018391E+00
   01 -0.5755761E+05  0.4383030E+02 -0.3167640E+01 -0.1104177E+00  0.1023343E+00
   01 -0.5748112E+05  0.4383078E+02 -0.3181658E+01 -0.1161447E+00  0.1028172E+00
   01 -0.5740462E+05  0.4383125E+02 -0.3195638E+01 -0.1220479E+00  0.1032881E+00
   01 -0.5732812E+05  0.4383171E+02 -0.3209587E+01 -0.1281156E+00  0.1037470E+00
   01 -0.5725163E+05  0.4383216E+02 -0.3223513E+01 -0.1343364E+00  0.1041941E+00
   01 -0.5717513E+05  0.4383259E+02 -0.3237422E+01 -0.1406985E+00  0.1046295E+00
   01 -0.5709863E+05  0.4383302E+02 -0.3251320E+01 -0.1471909E+00  0.1050533E+00
   01 -0.5702214E+05  0.4383343E+02 -0.3265213E+01 -0.1538034E+00  0.1054656E+00
   01 -0.5694564E+05  0.4383383E+02 -0.3279107E+01 -0.1605277E+00  0.1058664E+00
   01 -0.5686914E+05  0.4383422E+02 -0.3293008E+01 -0.1673574E+00  0.1062558E+00
   01 -0.5679265E+05  0.4383460E+02 -0.3306921E+01 -0.1742877E+00  0.1066337E+00
   01 -0.5671615E+05  0.4383496E+02 -0.3320855E+01 -0.1813144E+00  0.1070000E+00
   01 -0.5663965E+05  0.4383532E+02 -0.3334815E+01 -0.1884332E+00  0.1073549E+00
   01 -0.5656316E+05  0.4383566E+02 -0.3348812E+01 -0.1956388E+00  0.1076984E+00
   01 -0.5648666E+05  0.4383599E+02 -0.3362856E+01 -0.2029247E+00  0.1080307E+00
   01 -0.5641016E+05  0.4383631E+02 -0.3376955E+01 -0.2102825E+00  0.1083520E+00
   01 -0.5633366E+05  0.4383662E+02 -0.3391121E+01 -0.2177018E+00  0.1086625E+00
   01 -0.5625717E+05  0.4383692E+02 -0.3405361E+01 -0.2251710E+00  0.1089630E+00
   01 -0.5618067E+05  0.4383722E+02 -0.3419684E+01 -0.2326794E+00  0.1092540E+00
   01 -0.5610417E+05  0.4383750E+02 -0.3434098E+01 -0.2402254E+00  0.1095361E+00
   01 -0.5602768E+05  0.4383777E+02 -0.3448615E+01 -0.2477933E+00  0.1098096E+00
   01 -0.5595118E+05  0.4383804E+02 -0.3463243E+01 -0.2553669E+00  0.1100748E+00
   01 -0.5587468E+05  0.4383829E+02 -0.3477994E+01 -0.2629292E+00  0.1103322E+00
   01 -0.5579819E+05  0.4383854E+02 -0.3492881E+01 -0.2704628E+00  0.1105824E+00
   01 -0.5572169E+05  0.4383879E+02 -0.3507921E+01 -0.2779506E+00  0.1108261E+00
   01 -0.5564519E+05  0.4383903E+02 -0.3523131E+01 -0.2853756E+00  0.1110641E+00
   01 -0.5556870E+05  0.4383926E+02 -0.3538532E+01 -0.2927212E+00  0.1112974E+00
   01 -0.5554286E+05  0.4383937E+02 -0.3544007E+01 -0.2947511E+00  0.1114047E+00
   01 -0.5546636E+05  0.4383959E+02 -0.3559547E+01 -0.3020739E+00  0.1116232E+00
   01 -0.5538986E+05  0.4383980E+02 -0.3575356E+01 -0.3092293E+00  0.1118417E+00
   01 -0.5531337E+05  0.4384002E+02 -0.3591428E+01 -0.3162337E+00  0.1120594E+00
   01 -0.5523687E+05  0.4384024E+02 -0.3607759E+01 -0.3230945E+00  0.1122760E+00
   01 -0.5516037E+05  0.4384045E+02 -0.3624347E+01 -0.3298103E+00  0.1124916E+00
   01 -0.5508388E+05  0.4384067E+02 -0.3641194E+01 -0.3363738E+00  0.1127065E+00
   01 -0.5500738E+05  0.4384088E+02 -0.3658305E+01 -0.3427770E+00  0.1129211E+00
   01 -0.5493088E+05  0.4384110E+02 -0.3675685E+01 -0.3490144E+00  0.1131358E+00
   01 -0.5485439E+05  0.4384131E+02 -0.3693332E+01 -0.3550834E+00  0.1133507E+00
   01 -0.5477789E+05  0.4384153E+02 -0.3711247E+01 -0.3609837E+00  0.1135660E+00
   01 -0.5470139E+05  0.4384174E+02 -0.3729425E+01 -0.3667163E+00  0.1137818E+00
   01 -0.5462489E+05  0.4384196E+02 -0.3747868E+01 -0.3722826E+00  0.1139981E+00
   01 -0.5454840E+05  0.4384218E+02 -0.3766580E+01 -0.3776841E+00  0.1142152E+00
   01 -0.5447190E+05  0.4384240E+02 -0.3785567E+01 -0.3829223E+00  0.1144335E+00
   01 -0.5439540E+05  0.4384262E+02 -0.3804838E+01 -0.3879983E+00  0.1146535E+00
   01 -0.5431891E+05  0.4384284E+02 -0.3824402E+01 -0.3929133E+00  0.1148756E+00
   01 -0.5424241E+05  0.4384306E+02 -0.3844264E+01 -0.3976680E+00  0.1151004E+00
   01 -0.5416591E+05  0.4384329E+02 -0.3864427E+01 -0.4022632E+00  0.1153287E+00
   01 -0.5408942E+05  0.4384352E+02 -0.3884891E+01 -0.4066999E+00  0.1155610E+00
   01 -0.5401292E+05  0.4384376E+02 -0.3905656E+01 -0.4109785E+00  0.1157977E+00
   01 -0.5393642E+05  0.4384400E+02 -0.3926716E+01 -0.4150993E+00  0.1160393E+00
   01 -0.5385993E+05  0.4384425E+02 -0.3948064E+01 -0.4190630E+00  0.1162863E+00
   01 -0.5378343E+05  0.4384450E+02 -0.3969695E+01 -0.4228711E+00  0.1165391E+00
   01 -0.5370693E+05  0.4384476E+02 -0.3991601E+01 -0.4265267E+00  0.1167979E+00
   01 -0.5363044E+05  0.4384502E+02 -0.4013776E+01 -0.4300345E+00  0.1170631E+00
   01 -0.5355394E+05  0.4384530E+02 -0.4036214E+01 -0.4334004E+00  0.1173352E+00
   01 -0.5347744E+05  0.4384558E+02 -0.4058912E+01 -0.4366319E+00  0.1176142E+00
   01 -0.5340095E+05  0.4384586E+02 -0.4081866E+01 -0.4397369E+00  0.1179006E+00
   01 -0.5332445E+05  0.4384616E+02 -0.4105070E+01 -0.4427241E+00  0.1181943E+00
   01 -0.5324795E+05  0.4384646E+02 -0.4128520E+01 -0.4456023E+00  0.1184956E+00
   01 -0.5317145E+05  0.4384677E+02 -0.4152209E+01 -0.4483809E+00  0.1188044E+00
   01 -0.5309496E+05  0.4384708E+02 -0.4176129E+01 -0.4510692E+00  0.1191206E+00
   01 -0.5301846E+05  0.4384741E+02 -0.4200269E+01 -0.4536766E+00  0.1194439E+00
   01 -0.5294196E+05  0.4384774E+02 -0.4224620E+01 -0.4562124E+00  0.1197743E+00
   01 -0.5286547E+05  0.4384807E+02 -0.4249171E+01 -0.4586851E+00  0.1201113E+00
   01 -0.5278897E+05  0.4384842E+02 -0.4273913E+01 -0.4611034E+00  0.1204547E+00
   01 -0.5271247E+05  0.4384877E+02 -0.4298835E+01 -0.4634758E+00  0.1208043E+00
   01 -0.5263598E+05  0.4384912E+02 -0.4323930E+01 -0.4658113E+00  0.1211597E+00
   01 -0.5255948E+05  0.4384948E+02 -0.4349189E+01 -0.4681192E+00  0.1215206E+00
   01 -0.5248298E+05  0.4384985E+02 -0.4374605E+01 -0.4704094E+00  0.1218868E+00
   01 -0.5245714E+05  0.4385001E+02 -0.4383566E+01 -0.4706663E+00  0.1220486E+00
   01 -0.5238065E+05  0.4385037E+02 -0.4409001E+01 -0.4730664E+00  0.1224093E+00
   01 -0.5230415E+05  0.4385074E+02 -0.4434655E+01 -0.4754120E+00  0.1227786E+00
   01 -0.5222765E+05  0.4385112E+02 -0.4460499E+01 -0.4777455E+00  0.1231548E+00
   01 -0.5215116E+05  0.4385150E+02 -0.4486506E+01 -0.4800985E+00  0.1235362E+00
   01 -0.5207466E+05  0.4385188E+02 -0.4512655E+01 -0.4824908E+00  0.1239218E+00
   01 -0.5199816E+05  0.4385227E+02 -0.4538935E+01 -0.4849334E+00  0.1243109E+00
   01 -0.5192167E+05  0.4385267E+02 -0.4565339E+01 -0.4874316E+00  0.1247033E+00
   01 -0.5184517E+05  0.4385306E+02 -0.4591858E+01 -0.4899895E+00  0.1250987E+00
   01 -0.5176867E+05  0.4385346E+02 -0.4618478E+01 -0.4926135E+00  0.1254963E+00
   01 -0.5169217E+05  0.4385386E+02 -0.4645182E+01 -0.4953133E+00  0.1258954E+00
   01 -0.5161568E+05  0.4385426E+02 -0.4671950E+01 -0.4981000E+00  0.1262949E+00
   01 -0.5153918E+05  0.4385466E+02 -0.4698769E+01 -0.5009849E+00  0.1266942E+00
   01 -0.5146268E+05  0.4385505E+02 -0.4725628E+01 -0.5039781E+00  0.1270924E+00
   01 -0.5138619E+05  0.4385545E+02 -0.4752522E+01 -0.5070886E+00  0.1274890E+00
   01 -0.5130969E+05  0.4385585E+02 -0.4779447E+01 -0.5103264E+00  0.1278835E+00
   01 -0.5123319E+05  0.4385624E+02 -0.4806400E+01 -0.5137032E+00  0.1282751E+00
   01 -0.5115670E+05  0.4385663E+02 -0.4833379E+01 -0.5172310E+00  0.1286634E+00
   01 -0.5108020E+05  0.4385701E+02 -0.4860379E+01 -0.5209204E+00  0.1290475E+00
   01 -0.5100370E+05  0.4385739E+02 -0.4887398E+01 -0.5247799E+00  0.1294269E+00
   01 -0.5092721E+05  0.4385776E+02 -0.4914432E+01 -0.5288155E+00  0.1298009E+00
   01 -0.5085071E+05  0.4385813E+02 -0.4941476E+01 -0.5330307E+00  0.1301690E+00
   01 -0.5077421E+05  0.4385849E+02 -0.4968531E+01 -0.5374275E+00  0.1305306E+00
   01 -0.5069772E+05  0.4385885E+02 -0.4995596E+01 -0.5420059E+00  0.1308855E+00
   01 -0.5062122E+05  0.4385920E+02 -0.5022674E+01 -0.5467639E+00  0.1312334E+00
   01 -0.5054472E+05  0.4385954E+02 -0.5049773E+01 -0.5516980E+00  0.1315742E+00
   01 -0.5046823E+05  0.4385987E+02 -0.5076899E+01 -0.5568033E+00  0.1319077E+00
   01 -0.5039173E+05  0.4386020E+02 -0.5104063E+01 -0.5620747E+00  0.1322340E+00
   01 -0.5031523E+05  0.4386051E+02 -0.5131272E+01 -0.5675073E+00  0.1325531E+00
   01 -0.5023874E+05  0.4386083E+02 -0.5158536E+01 -0.5730956E+00  0.1328648E+00
   01 -0.5016224E+05  0.4386113E+02 -0.5185861E+01 -0.5788345E+00  0.1331691E+00
   01 -0.5008574E+05  0.4386143E+02 -0.5213253E+01 -0.5847184E+00  0.1334659E+00
   01 -0.5000925E+05  0.4386172E+02 -0.5240717E+01 -0.5907414E+00  0.1337549E+00
   01 -0.4993275E+05  0.4386200E+02 -0.5268259E+01 -0.5968965E+00  0.1340362E+00
   01 -0.4985625E+05  0.4386227E+02 -0.5295884E+01 -0.6031744E+00  0.1343098E+00
   01 -0.4977976E+05  0.4386254E+02 -0.5323596E+01 -0.6095653E+00  0.1345755E+00
   01 -0.4970326E+05  0.4386280E+02 -0.5351400E+01 -0.6160605E+00  0.1348334E+00
   01 -0.4962676E+05  0.4386305E+02 -0.5379300E+01 -0.6226542E+00  0.1350833E+00
   01 -0.4955026E+05  0.4386329E+02 -0.5407299E+01 -0.6293427E+00  0.1353252E+00
   01 -0.4947377E+05  0.4386352E+02 -0.5435402E+01 -0.6361237E+00  0.1355589E+00
   01 -0.4939727E+05  0.4386375E+02 -0.5463614E+01 -0.6429938E+00  0.1357842E+00
   01 -0.4937143E+05  0.4386387E+02 -0.5473726E+01 -0.6446106E+00  0.1359078E+00
   01 -0.4929493E+05  0.4386407E+02 -0.5501842E+01 -0.6517281E+00  0.1361063E+00
   01 -0.4921844E+05  0.4386426E+02 -0.5530203E+01 -0.6588492E+00  0.1363027E+00
   01 -0.4914194E+05  0.4386446E+02 -0.5558780E+01 -0.6660006E+00  0.1364950E+00
   01 -0.4906544E+05  0.4386464E+02 -0.5587557E+01 -0.6732009E+00  0.1366819E+00
   01 -0.4898894E+05  0.4386482E+02 -0.5616527E+01 -0.6804502E+00  0.1368628E+00
   01 -0.4891245E+05  0.4386500E+02 -0.5645696E+01 -0.6877354E+00  0.1370380E+00
   01 -0.4883595E+05  0.4386517E+02 -0.5675075E+01 -0.6950342E+00  0.1372082E+00
   01 -0.4875945E+05  0.4386534E+02 -0.5704675E+01 -0.7023209E+00  0.1373743E+00
   01 -0.4868296E+05  0.4386550E+02 -0.5734500E+01 -0.7095707E+00  0.1375368E+00
   01 -0.4860646E+05  0.4386566E+02 -0.5764547E+01 -0.7167644E+00  0.1376960E+00
   01 -0.4852996E+05  0.4386581E+02 -0.5794810E+01 -0.7238886E+00  0.1378523E+00
   01 -0.4845347E+05  0.4386597E+02 -0.5825290E+01 -0.7309335E+00  0.1380057E+00
   01 -0.4837697E+05  0.4386612E+02 -0.5855992E+01 -0.7378902E+00  0.1381569E+00
   01 -0.4830047E+05  0.4386627E+02 -0.5886926E+01 -0.7447502E+00  0.1383063E+00
   01 -0.4822398E+05  0.4386642E+02 -0.5918102E+01 -0.7515072E+00  0.1384546E+00
   01 -0.4814748E+05  0.4386656E+02 -0.5949533E+01 -0.7581597E+00  0.1386023E+00
   01 -0.4807098E+05  0.4386671E+02 -0.5981227E+01 -0.7647106E+00  0.1387497E+00
   01 -0.4799449E+05  0.4386686E+02 -0.6013189E+01 -0.7711664E+00  0.1388970E+00
   01 -0.4791799E+05  0.4386701E+02 -0.6045424E+01 -0.7775340E+00  0.1390442E+00
   01 -0.4784149E+05  0.4386715E+02 -0.6077934E+01 -0.7838188E+00  0.1391914E+00
   01 -0.4776500E+05  0.4386730E+02 -0.6110721E+01 -0.7900233E+00  0.1393387E+00
   01 -0.4768850E+05  0.4386745E+02 -0.6143784E+01 -0.7961472E+00  0.1394864E+00
   01 -0.4761200E+05  0.4386760E+02 -0.6177126E+01 -0.8021875E+00  0.1396348E+00
   01 -0.4753551E+05  0.4386775E+02 -0.6210749E+01 -0.8081396E+00  0.1397843E+00
   01 -0.4745901E+05  0.4386790E+02 -0.6244660E+01 -0.8139972E+00  0.1399357E+00
   01 -0.4738251E+05  0.4386805E+02 -0.6278863E+01 -0.8197514E+00  0.1400894E+00
   01 -0.4730602E+05  0.4386821E+02 -0.6313357E+01 -0.8253888E+00  0.1402462E+00
   01 -0.4722952E+05  0.4386837E+02 -0.6348141E+01 -0.8308936E+00  0.1404067E+00
   01 -0.4715302E+05  0.4386853E+02 -0.6383213E+01 -0.8362495E+00  0.1405716E+00
   01 -0.4707653E+05  0.4386870E+02 -0.6418568E+01 -0.8414400E+00  0.1407417E+00
   01 -0.4700003E+05  0.4386888E+02 -0.6454198E+01 -0.8464560E+00  0.1409173E+00
   01 -0.4692353E+05  0.4386906E+02 -0.6490089E+01 -0.8512957E+00  0.1410985E+00
   01 -0.4684704E+05  0.4386925E+02 -0.6526233E+01 -0.8559586E+00  0.1412854E+00
   01 -0.4677054E+05  0.4386944E+02 -0.6562610E+01 -0.8604498E+00  0.1414779E+00
   01 -0.4669404E+05  0.4386964E+02 -0.6599199E+01 -0.8647824E+00  0.1416755E+00
   01 -0.4661755E+05  0.4386984E+02 -0.6635975E+01 -0.8689741E+00  0.1418775E+00
   01 -0.4654105E+05  0.4387005E+02 -0.6672921E+01 -0.8730420E+00  0.1420834E+00
   01 -0.4646455E+05  0.4387025E+02 -0.6710021E+01 -0.8770004E+00  0.1422927E+00
   01 -0.4638806E+05  0.4387047E+02 -0.6747268E+01 -0.8808606E+00  0.1425056E+00
   01 -0.4631156E+05  0.4387068E+02 -0.6784662E+01 -0.8846325E+00  0.1427221E+00
   01 -0.4628571E+05  0.4387082E+02 -0.6798071E+01 -0.8849719E+00  0.1428570E+00
   01 -0.4620922E+05  0.4387102E+02 -0.6835304E+01 -0.8888048E+00  0.1430578E+00
   01 -0.4613272E+05  0.4387123E+02 -0.6872877E+01 -0.8924461E+00  0.1432727E+00
   01 -0.4605622E+05  0.4387146E+02 -0.6910734E+01 -0.8959472E+00  0.1434987E+00
   01 -0.4597973E+05  0.4387169E+02 -0.6948830E+01 -0.8993795E+00  0.1437330E+00
   01 -0.4590323E+05  0.4387194E+02 -0.6987126E+01 -0.9027914E+00  0.1439734E+00
   01 -0.4582673E+05  0.4387218E+02 -0.7025598E+01 -0.9062048E+00  0.1442188E+00
   01 -0.4575024E+05  0.4387243E+02 -0.7064236E+01 -0.9096228E+00  0.1444691E+00
   01 -0.4567374E+05  0.4387269E+02 -0.7103019E+01 -0.9130478E+00  0.1447241E+00
   01 -0.4559724E+05  0.4387294E+02 -0.7141923E+01 -0.9164890E+00  0.1449829E+00
   01 -0.4552075E+05  0.4387321E+02 -0.7180929E+01 -0.9199593E+00  0.1452449E+00
   01 -0.4544425E+05  0.4387347E+02 -0.7220024E+01 -0.9234751E+00  0.1455095E+00
   01 -0.4536775E+05  0.4387374E+02 -0.7259206E+01 -0.9270538E+00  0.1457762E+00
   01 -0.4529126E+05  0.4387401E+02 -0.7298483E+01 -0.9307118E+00  0.1460451E+00
   01 -0.4521476E+05  0.4387428E+02 -0.7337870E+01 -0.9344627E+00  0.1463160E+00
   01 -0.4513826E+05  0.4387455E+02 -0.7377385E+01 -0.9383176E+00  0.1465893E+00
   01 -0.4506177E+05  0.4387483E+02 -0.7417047E+01 -0.9422839E+00  0.1468651E+00
   01 -0.4498527E+05  0.4387511E+02 -0.7456866E+01 -0.9463647E+00  0.1471435E+00
   01 -0.4490877E+05  0.4387539E+02 -0.7496847E+01 -0.9505587E+00  0.1474245E+00
   01 -0.4483228E+05  0.4387567E+02 -0.7536989E+01 -0.9548613E+00  0.1477080E+00
   01 -0.4475578E+05  0.4387596E+02 -0.7576799E+01 -0.9592733E+00  0.1479939E+00
   01 -0.4467928E+05  0.4387624E+02 -0.7616841E+01 -0.9637861E+00  0.1482815E+00
   01 -0.4460279E+05  0.4387653E+02 -0.7657101E+01 -0.9683697E+00  0.1485713E+00
   01 -0.4452629E+05  0.4387683E+02 -0.7697561E+01 -0.9729954E+00  0.1488635E+00
   01 -0.4444979E+05  0.4387712E+02 -0.7738203E+01 -0.9776546E+00  0.1491580E+00
   01 -0.4437330E+05  0.4387742E+02 -0.7779013E+01 -0.9823509E+00  0.1494543E+00
   01 -0.4429680E+05  0.4387771E+02 -0.7819978E+01 -0.9870873E+00  0.1497520E+00
   01 -0.4422030E+05  0.4387801E+02 -0.7861091E+01 -0.9918665E+00  0.1500509E+00
   01 -0.4414381E+05  0.4387831E+02 -0.7902351E+01 -0.9966905E+00  0.1503509E+00
   01 -0.4406731E+05  0.4387861E+02 -0.7943761E+01 -0.1001560E+01  0.1506521E+00
   01 -0.4399081E+05  0.4387892E+02 -0.7985325E+01 -0.1006476E+01  0.1509548E+00
   01 -0.4391432E+05  0.4387920E+02 -0.8027050E+01 -0.1011006E+01  0.1512402E+00
   01 -0.4383782E+05  0.4387948E+02 -0.8068870E+01 -0.1015472E+01  0.1515203E+00
   01 -0.4376132E+05  0.4387975E+02 -0.8110441E+01 -0.1019886E+01  0.1517835E+00
   01 -0.4368483E+05  0.4388001E+02 -0.8151932E+01 -0.1024744E+01  0.1520515E+00
   01 -0.4360833E+05  0.4388029E+02 -0.8193797E+01 -0.1029733E+01  0.1523259E+00
   01 -0.4353183E+05  0.4388058E+02 -0.8236508E+01 -0.1034855E+01  0.1526230E+00
   01 -0.4345534E+05  0.4388089E+02 -0.8280286E+01 -0.1039601E+01  0.1529318E+00
   01 -0.4337884E+05  0.4388123E+02 -0.8324979E+01 -0.1044273E+01  0.1532633E+00
   01 -0.4330234E+05  0.4388156E+02 -0.8369965E+01 -0.1048875E+01  0.1535992E+00
   01 -0.4322584E+05  0.4388192E+02 -0.8415161E+01 -0.1053928E+01  0.1539537E+00
