# gauge_id=     1 location=(  0.5000000000E+00  0.5000000000E+00 ) num_var=  4
# Stationary gauge
# level, time, q[  1  2  3], eta, aux[]
   02  0.0000000E+00  0.7495478E-01  0.0000000E+00  0.5249511E-01  0.2500000E-01
   02  0.1000000E-03  0.7496222E-01 -0.7353374E-05  0.5249995E-01  0.2500744E-01
   02  0.1092669E-01  0.7576085E-01 -0.8074278E-03  0.5301910E-01  0.2580607E-01
   02  0.2175339E-01  0.7650413E-01 -0.1623788E-02  0.5352165E-01  0.2654935E-01
   02  0.3258008E-01  0.7723575E-01 -0.2455324E-02  0.5400308E-01  0.2728097E-01
   02  0.4340678E-01  0.7795754E-01 -0.3301598E-02  0.5446354E-01  0.2800276E-01
   02  0.5423347E-01  0.7866941E-01 -0.4162083E-02  0.5490175E-01  0.2871462E-01
   02  0.6506017E-01  0.7936934E-01 -0.5036112E-02  0.5531708E-01  0.2941456E-01
   02  0.7588687E-01  0.8005638E-01 -0.5922963E-02  0.5570874E-01  0.3010160E-01
   02  0.8671357E-01  0.8072995E-01 -0.6821923E-02  0.5607644E-01  0.3077517E-01
   02  0.9754028E-01  0.8138977E-01 -0.7732304E-02  0.5642011E-01  0.3143499E-01
   02  0.1083670E+00  0.8203592E-01 -0.8653445E-02  0.5673965E-01  0.3208113E-01
   02  0.1219258E+00  0.8282558E-01 -0.9820007E-02  0.5710662E-01  0.3287080E-01
   02  0.1354846E+00  0.8359273E-01 -0.1100100E-01  0.5743515E-01  0.3363795E-01
   02  0.1490433E+00  0.8433666E-01 -0.1219494E-01  0.5772476E-01  0.3438188E-01
   02  0.1626021E+00  0.8505663E-01 -0.1340019E-01  0.5797505E-01  0.3510185E-01
   02  0.1734834E+00  0.8561635E-01 -0.1437523E-01  0.5814646E-01  0.3566156E-01
   02  0.1843648E+00  0.8615983E-01 -0.1535553E-01  0.5829234E-01  0.3620505E-01
   02  0.1952461E+00  0.8668658E-01 -0.1634015E-01  0.5841234E-01  0.3673179E-01
   02  0.2061274E+00  0.8719619E-01 -0.1732823E-01  0.5850627E-01  0.3724141E-01
   02  0.2170087E+00  0.8768873E-01 -0.1831900E-01  0.5857453E-01  0.3773395E-01
   02  0.2279515E+00  0.8816792E-01 -0.1931751E-01  0.5861924E-01  0.3821314E-01
   02  0.2388942E+00  0.8863243E-01 -0.2031773E-01  0.5864250E-01  0.3867765E-01
   02  0.2498370E+00  0.8908135E-01 -0.2131874E-01  0.5864296E-01  0.3912657E-01
   02  0.2607797E+00  0.8950755E-01 -0.2231806E-01  0.5860931E-01  0.3955277E-01
   02  0.2717225E+00  0.8990548E-01 -0.2331278E-01  0.5853268E-01  0.3995070E-01
   02  0.2855232E+00  0.9038215E-01 -0.2456166E-01  0.5839872E-01  0.4042737E-01
   02  0.2993239E+00  0.9084052E-01 -0.2580664E-01  0.5823779E-01  0.4088574E-01
   02  0.3131246E+00  0.9128188E-01 -0.2704819E-01  0.5805018E-01  0.4132710E-01
   02  0.3269253E+00  0.9169872E-01 -0.2828292E-01  0.5782143E-01  0.4174393E-01
   02  0.3380902E+00  0.9201587E-01 -0.2927519E-01  0.5760068E-01  0.4206109E-01
   02  0.3492550E+00  0.9231643E-01 -0.3026184E-01  0.5734840E-01  0.4236165E-01
   02  0.3604199E+00  0.9260219E-01 -0.3124308E-01  0.5706569E-01  0.4264741E-01
   02  0.3715848E+00  0.9287489E-01 -0.3221910E-01  0.5675384E-01  0.4292011E-01
   02  0.3827496E+00  0.9313576E-01 -0.3318986E-01  0.5641384E-01  0.4318098E-01
   02  0.3940226E+00  0.9338777E-01 -0.3416432E-01  0.5604259E-01  0.4343299E-01
   02  0.4052955E+00  0.9362834E-01 -0.3513238E-01  0.5564355E-01  0.4367356E-01
   02  0.4165684E+00  0.9385699E-01 -0.3609308E-01  0.5521690E-01  0.4390221E-01
   02  0.4278413E+00  0.9407291E-01 -0.3704525E-01  0.5476292E-01  0.4411813E-01
   02  0.4391142E+00  0.9427507E-01 -0.3798758E-01  0.5428204E-01  0.4432029E-01
   02  0.4499854E+00  0.9445602E-01 -0.3888579E-01  0.5379334E-01  0.4450124E-01
   02  0.4608566E+00  0.9462228E-01 -0.3977239E-01  0.5328092E-01  0.4466750E-01
   02  0.4717278E+00  0.9477305E-01 -0.4064622E-01  0.5274553E-01  0.4481826E-01
   02  0.4825990E+00  0.9490761E-01 -0.4150618E-01  0.5218790E-01  0.4495283E-01
   02  0.4934702E+00  0.9502536E-01 -0.4235115E-01  0.5160860E-01  0.4507058E-01
   02  0.4947762E+00  0.9503831E-01 -0.4245180E-01  0.5153747E-01  0.4508353E-01
   02  0.4960821E+00  0.9505101E-01 -0.4255221E-01  0.5146604E-01  0.4509622E-01
   02  0.4973881E+00  0.9506345E-01 -0.4265237E-01  0.5139430E-01  0.4510867E-01
   02  0.4986940E+00  0.9507563E-01 -0.4275229E-01  0.5132226E-01  0.4512085E-01
