# gauge_id=     1 location=( -0.7600000000E+02 -0.3600000000E+02 ) num_var=  4
# Stationary gauge
# level, time, q[  1  2  3], eta, aux[]
   03  0.0000000E+00  0.4030748E+04  0.0000000E+00  0.0000000E+00  0.0000000E+00
   03  0.2000000E+00  0.4030748E+04  0.5956372E-13  0.3857790E-14  0.0000000E+00
   03  0.4000000E+00  0.4030748E+04  0.1190809E-12  0.7711718E-14  0.0000000E+00
   03  0.6000000E+00  0.4030748E+04  0.1785518E-12  0.1156178E-13  0.0000000E+00
   03  0.8000000E+00  0.4030748E+04  0.2379763E-12  0.1540799E-13  0.0000000E+00
   03  0.1000000E+01  0.4030748E+04  0.2973546E-12  0.1925033E-13  0.0000000E+00
   03  0.1200000E+01  0.4030748E+04 -0.1284890E-02  0.6834723E-04  0.3856093E-01
   03  0.6141947E+02  0.4030748E+04 -0.3937048E+00  0.2007377E-01  0.3860222E-01
   03  0.1216389E+03  0.4030748E+04 -0.7950483E+00  0.3960629E-01  0.3876283E-01
   03  0.1818584E+03  0.4030749E+04 -0.1191813E+01  0.6714273E-01  0.3916551E-01
   03  0.2420779E+03  0.4030749E+04 -0.1621223E+01  0.1051909E+00  0.3970528E-01
   03  0.3022973E+03  0.4030750E+04 -0.2189589E+01  0.1529423E+00  0.3997290E-01
   03  0.3625168E+03  0.4030749E+04 -0.3008688E+01  0.2128525E+00  0.3958770E-01
   03  0.4227363E+03  0.4030748E+04 -0.4095701E+01  0.2909547E+00  0.3872430E-01
   03  0.4829557E+03  0.4030748E+04 -0.5401415E+01  0.4023699E+00  0.3812735E-01
   03  0.5431752E+03  0.4030749E+04 -0.6872377E+01  0.5762172E+00  0.3908189E-01
   03  0.6033947E+03  0.4030753E+04 -0.8578807E+01  0.8596645E+00  0.4294634E-01
   03  0.6636141E+03  0.4030760E+04 -0.1071869E+02  0.1296070E+01  0.5077228E-01
   03  0.7238336E+03  0.4030773E+04 -0.1351685E+02  0.1929833E+01  0.6327510E-01
   03  0.7878078E+03  0.4030791E+04 -0.1740558E+02  0.2839822E+01  0.8176993E-01
   03  0.8517820E+03  0.4030815E+04 -0.2227586E+02  0.3995804E+01  0.1053921E+00
   03  0.9157563E+03  0.4030843E+04 -0.2801707E+02  0.5369572E+01  0.1334982E+00
   03  0.9797305E+03  0.4030875E+04 -0.3443578E+02  0.6894016E+01  0.1649843E+00
   03  0.1043705E+04  0.4030908E+04 -0.4132563E+02  0.8415329E+01  0.1985737E+00
   03  0.1107679E+04  0.4030943E+04 -0.4850415E+02  0.9755172E+01  0.2330825E+00
   03  0.1171653E+04  0.4030977E+04 -0.5577878E+02  0.1066878E+02  0.2671912E+00
   03  0.1235627E+04  0.4031009E+04 -0.6292204E+02  0.1092841E+02  0.2996746E+00
   03  0.1299602E+04  0.4031039E+04 -0.6971959E+02  0.1019682E+02  0.3290449E+00
   03  0.1363576E+04  0.4031064E+04 -0.7605481E+02  0.8329581E+01  0.3548397E+00
   03  0.1427550E+04  0.4031087E+04 -0.8191745E+02  0.5301361E+01  0.3770983E+00
   03  0.1491524E+04  0.4031106E+04 -0.8733522E+02  0.1229416E+01  0.3963016E+00
   03  0.1542937E+04  0.4031119E+04 -0.9136492E+02 -0.2690669E+01  0.4097909E+00
   03  0.1594350E+04  0.4031131E+04 -0.9505674E+02 -0.7031763E+01  0.4214584E+00
   03  0.1645762E+04  0.4031141E+04 -0.9836953E+02 -0.1169784E+02  0.4313805E+00
   03  0.1697175E+04  0.4031149E+04 -0.1012099E+03 -0.1654367E+02  0.4391460E+00
   03  0.1748587E+04  0.4031154E+04 -0.1035221E+03 -0.2144323E+02  0.4445176E+00
   03  0.1800000E+04  0.4031155E+04 -0.1050258E+03 -0.2607952E+02  0.4458570E+00
   03  0.1863974E+04  0.4031151E+04 -0.1055067E+03 -0.3125526E+02  0.4409397E+00
   03  0.1927948E+04  0.4031139E+04 -0.1046282E+03 -0.3553325E+02  0.4289713E+00
   03  0.1991923E+04  0.4031121E+04 -0.1026450E+03 -0.3886998E+02  0.4114027E+00
   03  0.2055897E+04  0.4031097E+04 -0.9955893E+02 -0.4115017E+02  0.3879180E+00
   03  0.2119871E+04  0.4031067E+04 -0.9512561E+02 -0.4221527E+02  0.3576732E+00
   03  0.2183845E+04  0.4031031E+04 -0.8950816E+02 -0.4217306E+02  0.3213942E+00
   03  0.2247820E+04  0.4030990E+04 -0.8301434E+02 -0.4121560E+02  0.2805661E+00
   03  0.2311794E+04  0.4030946E+04 -0.7586747E+02 -0.3959218E+02  0.2367317E+00
   03  0.2375768E+04  0.4030900E+04 -0.6823151E+02 -0.3746588E+02  0.1908727E+00
   03  0.2439742E+04  0.4030853E+04 -0.6019808E+02 -0.3493606E+02  0.1435381E+00
   03  0.2503716E+04  0.4030805E+04 -0.5182866E+02 -0.3204887E+02  0.9511292E-01
   03  0.2567691E+04  0.4030756E+04 -0.4318795E+02 -0.2880533E+02  0.4597406E-01
   03  0.2631665E+04  0.4030706E+04 -0.3434440E+02 -0.2522678E+02 -0.3473851E-02
   03  0.2695639E+04  0.4030657E+04 -0.2538251E+02 -0.2137366E+02 -0.5274181E-01
   03  0.2759613E+04  0.4030609E+04 -0.1642517E+02 -0.1731159E+02 -0.1010489E+00
   03  0.2823588E+04  0.4030562E+04 -0.7614418E+01 -0.1313314E+02 -0.1475378E+00
   03  0.2887562E+04  0.4030518E+04  0.9065839E+00 -0.8954128E+01 -0.1913464E+00
   03  0.2951536E+04  0.4030478E+04  0.9004039E+01 -0.4887183E+01 -0.2317425E+00
   03  0.3015510E+04  0.4030441E+04  0.1657421E+02 -0.1043855E+01 -0.2681282E+00
   03  0.3079484E+04  0.4030410E+04  0.2352337E+02  0.2484883E+01 -0.2999759E+00
   03  0.3143459E+04  0.4030383E+04  0.2975822E+02  0.5607642E+01 -0.3267817E+00
   03  0.3207433E+04  0.4030361E+04  0.3522678E+02  0.8289002E+01 -0.3483846E+00
   03  0.3271407E+04  0.4030345E+04  0.3992170E+02  0.1055913E+02 -0.3649685E+00
   03  0.3335381E+04  0.4030333E+04  0.4388206E+02  0.1246267E+02 -0.3768424E+00
   03  0.3401536E+04  0.4030325E+04  0.4722680E+02  0.1412211E+02 -0.3844536E+00
   03  0.3467691E+04  0.4030322E+04  0.4981745E+02  0.1548980E+02 -0.3875037E+00
   03  0.3533845E+04  0.4030323E+04  0.5166699E+02  0.1652174E+02 -0.3861261E+00
