# gauge_id= 1 location=( -0.2679491924E+01 -0.1776356839E-14 ) num_var=  4
# Stationary gauge
# level, time, q[  1  2  3], eta, aux[]
# file format ascii, time series follow in this file
   01  0.0000000E+00  0.1000000E+01  0.4331525E+00  0.2497572E+00 -0.2851381E-08
   01  0.1600000E-01  0.9999999E+00  0.4331533E+00  0.2497557E+00 -0.5850825E-07
   01  0.4999980E+00  0.9999987E+00  0.4331800E+00  0.2497023E+00 -0.1341530E-05
   01  0.9839881E+00  0.9999958E+00  0.4332106E+00  0.2496378E+00 -0.4189090E-05
   01  0.1467877E+01  0.9999907E+00  0.4332449E+00  0.2495604E+00 -0.9255703E-05
   01  0.1951775E+01  0.9999826E+00  0.4332830E+00  0.2494673E+00 -0.1735291E-04
   01  0.2435777E+01  0.9999706E+00  0.4333249E+00  0.2493558E+00 -0.2942864E-04
   01  0.2920006E+01  0.9999535E+00  0.4333704E+00  0.2492224E+00 -0.4651458E-04
   01  0.3404408E+01  0.9999304E+00  0.4334197E+00  0.2490635E+00 -0.6962913E-04
   01  0.3888949E+01  0.9999004E+00  0.4334733E+00  0.2488754E+00 -0.9955294E-04
   01  0.4373697E+01  0.9998633E+00  0.4335322E+00  0.2486542E+00 -0.1367466E-03
   01  0.4858505E+01  0.9998188E+00  0.4335983E+00  0.2483958E+00 -0.1812045E-03
   01  0.5343486E+01  0.9997680E+00  0.4336748E+00  0.2480966E+00 -0.2320391E-03
   01  0.5828469E+01  0.9997132E+00  0.4337664E+00  0.2477539E+00 -0.2868172E-03
   01  0.6313518E+01  0.9996587E+00  0.4338803E+00  0.2473663E+00 -0.3413235E-03
   01  0.6798730E+01  0.9996100E+00  0.4340256E+00  0.2469334E+00 -0.3899562E-03
   01  0.7284184E+01  0.9995733E+00  0.4342128E+00  0.2464544E+00 -0.4267320E-03
   01  0.7769951E+01  0.9995535E+00  0.4344520E+00  0.2459274E+00 -0.4465366E-03
   01  0.8255854E+01  0.9995540E+00  0.4347518E+00  0.2453489E+00 -0.4459936E-03
   01  0.8741760E+01  0.9995759E+00  0.4351174E+00  0.2447141E+00 -0.4240610E-03
   01  0.9227680E+01  0.9996174E+00  0.4355493E+00  0.2440173E+00 -0.3826414E-03
   01  0.9713712E+01  0.9996733E+00  0.4360438E+00  0.2432516E+00 -0.3267019E-03
   01  0.1000000E+02  0.9997109E+00  0.4363616E+00  0.2427753E+00 -0.2890883E-03
   01  0.1048619E+02  0.9997775E+00  0.4369436E+00  0.2418850E+00 -0.2224696E-03
   01  0.1097241E+02  0.9998401E+00  0.4375721E+00  0.2409037E+00 -0.1598753E-03
   01  0.1145880E+02  0.9998916E+00  0.4382422E+00  0.2398216E+00 -0.1084196E-03
   01  0.1194546E+02  0.9999253E+00  0.4389486E+00  0.2386297E+00 -0.7474833E-04
   01  0.1243239E+02  0.9999359E+00  0.4396867E+00  0.2373226E+00 -0.6414677E-04
   01  0.1291920E+02  0.9999206E+00  0.4404543E+00  0.2358995E+00 -0.7940443E-04
   01  0.1340597E+02  0.9998814E+00  0.4412564E+00  0.2343621E+00 -0.1186165E-03
   01  0.1389280E+02  0.9998255E+00  0.4421056E+00  0.2327144E+00 -0.1745363E-03
   01  0.1437980E+02  0.9997633E+00  0.4430195E+00  0.2309609E+00 -0.2367114E-03
   01  0.1486693E+02  0.9997061E+00  0.4440169E+00  0.2291057E+00 -0.2939191E-03
   01  0.1535414E+02  0.9996639E+00  0.4451134E+00  0.2271537E+00 -0.3360722E-03
   01  0.1584154E+02  0.9996428E+00  0.4463176E+00  0.2251086E+00 -0.3571529E-03
   01  0.1632914E+02  0.9996424E+00  0.4476280E+00  0.2229725E+00 -0.3576238E-03
   01  0.1681681E+02  0.9996562E+00  0.4490358E+00  0.2207452E+00 -0.3437984E-03
   01  0.1730450E+02  0.9996754E+00  0.4505290E+00  0.2184250E+00 -0.3246030E-03
   01  0.1779218E+02  0.9996915E+00  0.4520962E+00  0.2160117E+00 -0.3085150E-03
   01  0.1827993E+02  0.9996990E+00  0.4537278E+00  0.2135097E+00 -0.3010145E-03
   01  0.1876785E+02  0.9996958E+00  0.4554150E+00  0.2109306E+00 -0.3041879E-03
   01  0.1925601E+02  0.9996811E+00  0.4571480E+00  0.2082896E+00 -0.3189368E-03
   01  0.1974426E+02  0.9996536E+00  0.4589160E+00  0.2056032E+00 -0.3464240E-03
   01  0.2000000E+02  0.9996359E+00  0.4598681E+00  0.2041734E+00 -0.3640858E-03
   01  0.2048839E+02  0.9995879E+00  0.4616730E+00  0.2014427E+00 -0.4121219E-03
   01  0.2097680E+02  0.9995237E+00  0.4634896E+00  0.1987044E+00 -0.4762512E-03
   01  0.2146533E+02  0.9994434E+00  0.4653097E+00  0.1959755E+00 -0.5566319E-03
   01  0.2195390E+02  0.9993493E+00  0.4671232E+00  0.1932792E+00 -0.6507125E-03
   01  0.2244250E+02  0.9992396E+00  0.4689153E+00  0.1906343E+00 -0.7603904E-03
   01  0.2293124E+02  0.9991106E+00  0.4706702E+00  0.1880574E+00 -0.8893661E-03
   01  0.2342020E+02  0.9989604E+00  0.4723739E+00  0.1855671E+00 -0.1039590E-02
   01  0.2390941E+02  0.9987896E+00  0.4740139E+00  0.1831850E+00 -0.1210423E-02
   01  0.2439865E+02  0.9985999E+00  0.4755774E+00  0.1809345E+00 -0.1400112E-02
   01  0.2488783E+02  0.9983905E+00  0.4770483E+00  0.1788354E+00 -0.1609530E-02
   01  0.2537706E+02  0.9981587E+00  0.4784087E+00  0.1769050E+00 -0.1841311E-02
   01  0.2586641E+02  0.9979035E+00  0.4796426E+00  0.1751617E+00 -0.2096528E-02
   01  0.2635590E+02  0.9976241E+00  0.4807348E+00  0.1736249E+00 -0.2375856E-02
   01  0.2684543E+02  0.9973190E+00  0.4816688E+00  0.1723125E+00 -0.2681017E-02
   01  0.2733511E+02  0.9969871E+00  0.4824299E+00  0.1712408E+00 -0.3012905E-02
   01  0.2782503E+02  0.9966291E+00  0.4830062E+00  0.1704245E+00 -0.3370857E-02
   01  0.2831504E+02  0.9962473E+00  0.4833891E+00  0.1698765E+00 -0.3752745E-02
   01  0.2880509E+02  0.9958454E+00  0.4835731E+00  0.1696109E+00 -0.4154584E-02
   01  0.2929511E+02  0.9954274E+00  0.4835527E+00  0.1696408E+00 -0.4572582E-02
   01  0.2978517E+02  0.9949964E+00  0.4833210E+00  0.1699775E+00 -0.5003626E-02
   01  0.3000000E+02  0.9947947E+00  0.4831557E+00  0.1701405E+00 -0.5205290E-02
   01  0.3049041E+02  0.9943493E+00  0.4826079E+00  0.1709380E+00 -0.5650745E-02
   01  0.3098083E+02  0.9939037E+00  0.4818396E+00  0.1720735E+00 -0.6096299E-02
   01  0.3147133E+02  0.9934539E+00  0.4808440E+00  0.1735450E+00 -0.6546143E-02
   01  0.3196199E+02  0.9929978E+00  0.4796177E+00  0.1753501E+00 -0.7002184E-02
   01  0.3245265E+02  0.9925378E+00  0.4781598E+00  0.1774893E+00 -0.7462175E-02
   01  0.3294340E+02  0.9920795E+00  0.4764719E+00  0.1799653E+00 -0.7920463E-02
   01  0.3343421E+02  0.9916312E+00  0.4745593E+00  0.1827765E+00 -0.8368804E-02
   01  0.3392504E+02  0.9911995E+00  0.4724291E+00  0.1859173E+00 -0.8800462E-02
   01  0.3441596E+02  0.9907870E+00  0.4700898E+00  0.1893785E+00 -0.9212995E-02
   01  0.3490706E+02  0.9903959E+00  0.4675532E+00  0.1931488E+00 -0.9604136E-02
   01  0.3539840E+02  0.9900299E+00  0.4648339E+00  0.1972118E+00 -0.9970116E-02
   01  0.3588984E+02  0.9896931E+00  0.4619458E+00  0.2015465E+00 -0.1030692E-01
   01  0.3638122E+02  0.9893923E+00  0.4589122E+00  0.2061283E+00 -0.1060774E-01
   01  0.3687261E+02  0.9891175E+00  0.4557482E+00  0.2109456E+00 -0.1088245E-01
   01  0.3736410E+02  0.9888858E+00  0.4524732E+00  0.2159677E+00 -0.1111424E-01
   01  0.3785573E+02  0.9886976E+00  0.4491058E+00  0.2211634E+00 -0.1130242E-01
   01  0.3834738E+02  0.9885577E+00  0.4456711E+00  0.2264963E+00 -0.1144227E-01
   01  0.3883915E+02  0.9884656E+00  0.4422014E+00  0.2319290E+00 -0.1153441E-01
   01  0.3933111E+02  0.9884193E+00  0.4387175E+00  0.2374324E+00 -0.1158067E-01
   01  0.3982322E+02  0.9884316E+00  0.4352294E+00  0.2429768E+00 -0.1156837E-01
   01  0.4000000E+02  0.9884558E+00  0.4339827E+00  0.2449741E+00 -0.1154421E-01
   01  0.4049211E+02  0.9885542E+00  0.4305234E+00  0.2505086E+00 -0.1144580E-01
   01  0.4098421E+02  0.9887150E+00  0.4271138E+00  0.2559919E+00 -0.1128499E-01
   01  0.4147636E+02  0.9889164E+00  0.4237750E+00  0.2613853E+00 -0.1108362E-01
   01  0.4196865E+02  0.9891121E+00  0.4205084E+00  0.2666844E+00 -0.1088785E-01
   01  0.4246109E+02  0.9893222E+00  0.4173286E+00  0.2718732E+00 -0.1067782E-01
   01  0.4295359E+02  0.9895699E+00  0.4142627E+00  0.2769069E+00 -0.1043008E-01
   01  0.4344625E+02  0.9898677E+00  0.4113276E+00  0.2817580E+00 -0.1013228E-01
   01  0.4393895E+02  0.9902197E+00  0.4085359E+00  0.2863956E+00 -0.9780269E-02
   01  0.4443171E+02  0.9906054E+00  0.4059057E+00  0.2907805E+00 -0.9394619E-02
   01  0.4492454E+02  0.9910206E+00  0.4034581E+00  0.2948838E+00 -0.8979364E-02
   01  0.4541737E+02  0.9914721E+00  0.4011922E+00  0.2987005E+00 -0.8527911E-02
   01  0.4591027E+02  0.9919254E+00  0.3990875E+00  0.3022519E+00 -0.8074611E-02
   01  0.4640332E+02  0.9923583E+00  0.3971426E+00  0.3055450E+00 -0.7641710E-02
   01  0.4689658E+02  0.9927754E+00  0.3953667E+00  0.3085658E+00 -0.7224609E-02
   01  0.4738993E+02  0.9931705E+00  0.3937775E+00  0.3112905E+00 -0.6829456E-02
   01  0.4788328E+02  0.9935524E+00  0.3923773E+00  0.3137051E+00 -0.6447632E-02
   01  0.4837662E+02  0.9939261E+00  0.3911674E+00  0.3158029E+00 -0.6073942E-02
   01  0.4887005E+02  0.9943002E+00  0.3901494E+00  0.3175813E+00 -0.5699775E-02
   01  0.4936361E+02  0.9946979E+00  0.3893382E+00  0.3190353E+00 -0.5302122E-02
   01  0.4985717E+02  0.9951494E+00  0.3887426E+00  0.3201460E+00 -0.4850604E-02
   01  0.5000000E+02  0.9952817E+00  0.3885755E+00  0.3204607E+00 -0.4718297E-02
   01  0.5049382E+02  0.9957200E+00  0.3882222E+00  0.3211823E+00 -0.4279965E-02
   01  0.5098768E+02  0.9961186E+00  0.3880445E+00  0.3216200E+00 -0.3881379E-02
   01  0.5148168E+02  0.9964685E+00  0.3880328E+00  0.3217847E+00 -0.3531457E-02
   01  0.5197571E+02  0.9967742E+00  0.3881833E+00  0.3216855E+00 -0.3225765E-02
   01  0.5246969E+02  0.9970493E+00  0.3884924E+00  0.3213313E+00 -0.2950717E-02
   01  0.5296370E+02  0.9973045E+00  0.3889582E+00  0.3207305E+00 -0.2695526E-02
   01  0.5345783E+02  0.9975528E+00  0.3895828E+00  0.3198877E+00 -0.2447195E-02
   01  0.5395210E+02  0.9978109E+00  0.3903669E+00  0.3188039E+00 -0.2189059E-02
   01  0.5444641E+02  0.9980727E+00  0.3912945E+00  0.3174987E+00 -0.1927287E-02
   01  0.5494086E+02  0.9983227E+00  0.3923420E+00  0.3160011E+00 -0.1677287E-02
   01  0.5543540E+02  0.9985496E+00  0.3934858E+00  0.3143425E+00 -0.1450371E-02
   01  0.5592997E+02  0.9987477E+00  0.3947071E+00  0.3125515E+00 -0.1252301E-02
   01  0.5642463E+02  0.9989156E+00  0.3959922E+00  0.3106513E+00 -0.1084412E-02
   01  0.5691927E+02  0.9990547E+00  0.3973303E+00  0.3086616E+00 -0.9453110E-03
   01  0.5741396E+02  0.9991680E+00  0.3987129E+00  0.3065994E+00 -0.8319637E-03
   01  0.5790877E+02  0.9992667E+00  0.4001357E+00  0.3044749E+00 -0.7332660E-03
   01  0.5840378E+02  0.9993618E+00  0.4015924E+00  0.3022986E+00 -0.6382473E-03
   01  0.5889885E+02  0.9994576E+00  0.4030715E+00  0.3000854E+00 -0.5424377E-03
   01  0.5939398E+02  0.9995528E+00  0.4045600E+00  0.2978530E+00 -0.4472270E-03
   01  0.5988909E+02  0.9996427E+00  0.4060449E+00  0.2956197E+00 -0.3572690E-03
   01  0.6000000E+02  0.9996612E+00  0.4063630E+00  0.2951297E+00 -0.3388048E-03
   01  0.6049530E+02  0.9997384E+00  0.4078311E+00  0.2929161E+00 -0.2616152E-03
   01  0.6099059E+02  0.9998004E+00  0.4092749E+00  0.2907359E+00 -0.1996320E-03
   01  0.6148589E+02  0.9998452E+00  0.4106881E+00  0.2886003E+00 -0.1547950E-03
   01  0.6198127E+02  0.9998737E+00  0.4120663E+00  0.2865176E+00 -0.1262797E-03
   01  0.6247680E+02  0.9998912E+00  0.4134069E+00  0.2844920E+00 -0.1088465E-03
   01  0.6297251E+02  0.9999040E+00  0.4147078E+00  0.2825258E+00 -0.9603411E-04
   01  0.6346825E+02  0.9999171E+00  0.4159661E+00  0.2806216E+00 -0.8294539E-04
   01  0.6396394E+02  0.9999325E+00  0.4171789E+00  0.2787827E+00 -0.6746567E-04
   01  0.6445965E+02  0.9999500E+00  0.4183436E+00  0.2770123E+00 -0.5002288E-04
   01  0.6495544E+02  0.9999675E+00  0.4194577E+00  0.2753140E+00 -0.3254286E-04
   01  0.6545138E+02  0.9999827E+00  0.4205195E+00  0.2736907E+00 -0.1732772E-04
   01  0.6594735E+02  0.9999937E+00  0.4215273E+00  0.2721455E+00 -0.6296361E-05
   01  0.6644342E+02  0.9999991E+00  0.4224808E+00  0.2706798E+00 -0.8686120E-06
   01  0.6693961E+02  0.9999987E+00  0.4233803E+00  0.2692937E+00 -0.1309067E-05
   01  0.6743583E+02  0.9999934E+00  0.4242265E+00  0.2679861E+00 -0.6634819E-05
   01  0.6793215E+02  0.9999850E+00  0.4250211E+00  0.2667543E+00 -0.1503666E-04
   01  0.6842843E+02  0.9999756E+00  0.4257654E+00  0.2655954E+00 -0.2443904E-04
   01  0.6892474E+02  0.9999670E+00  0.4264610E+00  0.2645058E+00 -0.3301802E-04
   01  0.6942115E+02  0.9999605E+00  0.4271097E+00  0.2634824E+00 -0.3950463E-04
   01  0.6991773E+02  0.9999567E+00  0.4277130E+00  0.2625222E+00 -0.4334005E-04
   01  0.7000000E+02  0.9999562E+00  0.4278070E+00  0.2623670E+00 -0.4379843E-04
   01  0.7049674E+02  0.9999558E+00  0.4283597E+00  0.2614781E+00 -0.4417671E-04
   01  0.7099346E+02  0.9999569E+00  0.4288701E+00  0.2606483E+00 -0.4313226E-04
   01  0.7149017E+02  0.9999582E+00  0.4293399E+00  0.2598756E+00 -0.4182458E-04
   01  0.7198693E+02  0.9999586E+00  0.4297713E+00  0.2591578E+00 -0.4137542E-04
   01  0.7248380E+02  0.9999574E+00  0.4301663E+00  0.2584925E+00 -0.4255568E-04
   01  0.7298067E+02  0.9999545E+00  0.4305269E+00  0.2578771E+00 -0.4549738E-04
   01  0.7347760E+02  0.9999503E+00  0.4308557E+00  0.2573082E+00 -0.4972874E-04
   01  0.7397465E+02  0.9999455E+00  0.4311546E+00  0.2567827E+00 -0.5453757E-04
   01  0.7447189E+02  0.9999408E+00  0.4314257E+00  0.2562972E+00 -0.5921962E-04
   01  0.7496920E+02  0.9999368E+00  0.4316707E+00  0.2558487E+00 -0.6316107E-04
   01  0.7546644E+02  0.9999341E+00  0.4318915E+00  0.2554346E+00 -0.6592633E-04
   01  0.7596369E+02  0.9999327E+00  0.4320897E+00  0.2550521E+00 -0.6732922E-04
   01  0.7646099E+02  0.9999326E+00  0.4322671E+00  0.2546989E+00 -0.6744355E-04
   01  0.7695844E+02  0.9999335E+00  0.4324255E+00  0.2543730E+00 -0.6654997E-04
   01  0.7745591E+02  0.9999350E+00  0.4325663E+00  0.2540726E+00 -0.6502967E-04
   01  0.7795346E+02  0.9999366E+00  0.4326912E+00  0.2537960E+00 -0.6336141E-04
   01  0.7845114E+02  0.9999380E+00  0.4328016E+00  0.2535418E+00 -0.6199629E-04
   01  0.7894886E+02  0.9999388E+00  0.4328987E+00  0.2533082E+00 -0.6121021E-04
   01  0.7944666E+02  0.9999389E+00  0.4329840E+00  0.2530938E+00 -0.6109875E-04
   01  0.7994443E+02  0.9999384E+00  0.4330585E+00  0.2528969E+00 -0.6159577E-04
   01  0.8000000E+02  0.9999382E+00  0.4330658E+00  0.2528755E+00 -0.6177595E-04
   01  0.8049787E+02  0.9999374E+00  0.4331296E+00  0.2526964E+00 -0.6255979E-04
   01  0.8099574E+02  0.9999364E+00  0.4331845E+00  0.2525317E+00 -0.6355166E-04
   01  0.8149377E+02  0.9999357E+00  0.4332315E+00  0.2523797E+00 -0.6425688E-04
   01  0.8199185E+02  0.9999357E+00  0.4332716E+00  0.2522390E+00 -0.6428991E-04
   01  0.8249004E+02  0.9999364E+00  0.4333052E+00  0.2521087E+00 -0.6359241E-04
   01  0.8298820E+02  0.9999378E+00  0.4333333E+00  0.2519878E+00 -0.6220449E-04
   01  0.8348640E+02  0.9999396E+00  0.4333564E+00  0.2518756E+00 -0.6035349E-04
   01  0.8398470E+02  0.9999416E+00  0.4333751E+00  0.2517716E+00 -0.5838542E-04
   01  0.8448300E+02  0.9999435E+00  0.4333899E+00  0.2516750E+00 -0.5648664E-04
   01  0.8498134E+02  0.9999453E+00  0.4334013E+00  0.2515853E+00 -0.5472732E-04
   01  0.8547978E+02  0.9999467E+00  0.4334098E+00  0.2515019E+00 -0.5326566E-04
   01  0.8597839E+02  0.9999479E+00  0.4334158E+00  0.2514244E+00 -0.5214411E-04
   01  0.8647710E+02  0.9999485E+00  0.4334196E+00  0.2513523E+00 -0.5147223E-04
   01  0.8697575E+02  0.9999487E+00  0.4334214E+00  0.2512852E+00 -0.5126838E-04
   01  0.8747440E+02  0.9999488E+00  0.4334217E+00  0.2512225E+00 -0.5122993E-04
   01  0.8797309E+02  0.9999489E+00  0.4334207E+00  0.2511636E+00 -0.5111702E-04
   01  0.8847190E+02  0.9999493E+00  0.4334186E+00  0.2511081E+00 -0.5072890E-04
   01  0.8897074E+02  0.9999500E+00  0.4334154E+00  0.2510558E+00 -0.5001453E-04
   01  0.8946964E+02  0.9999511E+00  0.4334112E+00  0.2510062E+00 -0.4889854E-04
   01  0.8996866E+02  0.9999525E+00  0.4334060E+00  0.2509593E+00 -0.4748131E-04
   01  0.9000000E+02  0.9999526E+00  0.4334056E+00  0.2509564E+00 -0.4741276E-04
   01  0.9049914E+02  0.9999543E+00  0.4333998E+00  0.2509121E+00 -0.4565126E-04
   01  0.9099830E+02  0.9999562E+00  0.4333934E+00  0.2508700E+00 -0.4375668E-04
   01  0.9149743E+02  0.9999581E+00  0.4333865E+00  0.2508302E+00 -0.4185655E-04
   01  0.9199657E+02  0.9999600E+00  0.4333793E+00  0.2507925E+00 -0.4000532E-04
   01  0.9249577E+02  0.9999617E+00  0.4333719E+00  0.2507568E+00 -0.3827644E-04
   01  0.9299510E+02  0.9999633E+00  0.4333644E+00  0.2507230E+00 -0.3668397E-04
   01  0.9349449E+02  0.9999648E+00  0.4333569E+00  0.2506909E+00 -0.3521896E-04
   01  0.9399397E+02  0.9999661E+00  0.4333494E+00  0.2506605E+00 -0.3386889E-04
   01  0.9449346E+02  0.9999674E+00  0.4333421E+00  0.2506316E+00 -0.3262476E-04
   01  0.9499298E+02  0.9999685E+00  0.4333349E+00  0.2506042E+00 -0.3149320E-04
   01  0.9549257E+02  0.9999696E+00  0.4333279E+00  0.2505782E+00 -0.3041356E-04
   01  0.9599218E+02  0.9999707E+00  0.4333209E+00  0.2505533E+00 -0.2931553E-04
   01  0.9649182E+02  0.9999719E+00  0.4333141E+00  0.2505296E+00 -0.2814373E-04
   01  0.9699154E+02  0.9999731E+00  0.4333073E+00  0.2505070E+00 -0.2685912E-04
   01  0.9749139E+02  0.9999746E+00  0.4333006E+00  0.2504854E+00 -0.2544821E-04
   01  0.9799135E+02  0.9999761E+00  0.4332941E+00  0.2504647E+00 -0.2392307E-04
   01  0.9849130E+02  0.9999777E+00  0.4332876E+00  0.2504449E+00 -0.2232759E-04
   01  0.9899123E+02  0.9999793E+00  0.4332813E+00  0.2504261E+00 -0.2071118E-04
   01  0.9949119E+02  0.9999809E+00  0.4332751E+00  0.2504082E+00 -0.1909671E-04
   01  0.9999124E+02  0.9999825E+00  0.4332692E+00  0.2503910E+00 -0.1750039E-04
