# gauge_id= 4 location=(  0.2330127019E+02  0.1500000000E+02 ) num_var=  4
# Stationary gauge
# level, time, q[  1  2  3], eta, aux[]
# file format ascii, time series follow in this file
   01  0.0000000E+00  0.1000000E+01  0.4330127E+00  0.2500000E+00  0.0000000E+00
   01  0.1600000E-01  0.1000000E+01  0.4330127E+00  0.2500000E+00  0.0000000E+00
   01  0.4999980E+00  0.1000000E+01  0.4330127E+00  0.2500000E+00  0.0000000E+00
   01  0.9839881E+00  0.1000000E+01  0.4330127E+00  0.2500000E+00  0.0000000E+00
   01  0.1467877E+01  0.1000000E+01  0.4330127E+00  0.2500000E+00  0.0000000E+00
   01  0.1951775E+01  0.1000000E+01  0.4330127E+00  0.2500000E+00  0.0000000E+00
   01  0.2435777E+01  0.1000000E+01  0.4330127E+00  0.2500000E+00  0.0000000E+00
   01  0.2920006E+01  0.1000000E+01  0.4330127E+00  0.2500000E+00  0.0000000E+00
   01  0.3404408E+01  0.1000000E+01  0.4330127E+00  0.2500000E+00  0.0000000E+00
   01  0.3888949E+01  0.1000000E+01  0.4330127E+00  0.2500000E+00  0.0000000E+00
   01  0.4373697E+01  0.1000000E+01  0.4330127E+00  0.2500000E+00  0.0000000E+00
   01  0.4858505E+01  0.1000000E+01  0.4330127E+00  0.2500000E+00  0.0000000E+00
   01  0.5343486E+01  0.1000000E+01  0.4330127E+00  0.2500000E+00  0.0000000E+00
   01  0.5828469E+01  0.1000000E+01  0.4330127E+00  0.2500000E+00 -0.1110223E-15
   01  0.6313518E+01  0.1000000E+01  0.4330127E+00  0.2500000E+00 -0.5551115E-15
   01  0.6798730E+01  0.1000000E+01  0.4330127E+00  0.2500000E+00 -0.1443290E-14
   01  0.7284184E+01  0.1000000E+01  0.4330127E+00  0.2500000E+00 -0.4662937E-14
   01  0.7769951E+01  0.1000000E+01  0.4330127E+00  0.2500000E+00 -0.1343370E-13
   01  0.8255854E+01  0.1000000E+01  0.4330127E+00  0.2500000E+00 -0.3819167E-13
   01  0.8741760E+01  0.1000000E+01  0.4330127E+00  0.2500000E+00 -0.1069145E-12
   01  0.9227680E+01  0.1000000E+01  0.4330127E+00  0.2500000E+00 -0.2939871E-12
   01  0.9713712E+01  0.1000000E+01  0.4330127E+00  0.2500000E+00 -0.7949197E-12
   01  0.1000000E+02  0.1000000E+01  0.4330127E+00  0.2500000E+00 -0.1356248E-11
   01  0.1048619E+02  0.1000000E+01  0.4330127E+00  0.2500000E+00 -0.3572254E-11
   01  0.1097241E+02  0.1000000E+01  0.4330127E+00  0.2500000E+00 -0.9179435E-11
   01  0.1145880E+02  0.1000000E+01  0.4330127E+00  0.2500000E+00 -0.2297618E-10
   01  0.1194546E+02  0.1000000E+01  0.4330127E+00  0.2500000E+00 -0.5610878E-10
   01  0.1243239E+02  0.1000000E+01  0.4330127E+00  0.2500000E+00 -0.1337968E-09
   01  0.1291920E+02  0.1000000E+01  0.4330127E+00  0.2500000E+00 -0.3112862E-09
   01  0.1340597E+02  0.1000000E+01  0.4330127E+00  0.2500000E+00 -0.7064749E-09
   01  0.1389280E+02  0.1000000E+01  0.4330127E+00  0.2500000E+00 -0.1563902E-08
   01  0.1437980E+02  0.1000000E+01  0.4330127E+00  0.2500000E+00 -0.3376550E-08
   01  0.1486693E+02  0.1000000E+01  0.4330127E+00  0.2500000E+00 -0.7108857E-08
   01  0.1535414E+02  0.1000000E+01  0.4330127E+00  0.2500000E+00 -0.1459206E-07
   01  0.1584154E+02  0.1000000E+01  0.4330127E+00  0.2500000E+00 -0.2920507E-07
   01  0.1632914E+02  0.9999999E+00  0.4330126E+00  0.2500000E+00 -0.5698578E-07
   01  0.1681681E+02  0.9999999E+00  0.4330126E+00  0.2499999E+00 -0.1083749E-06
   01  0.1730450E+02  0.9999998E+00  0.4330124E+00  0.2499998E+00 -0.2008683E-06
   01  0.1779218E+02  0.9999996E+00  0.4330122E+00  0.2499997E+00 -0.3628498E-06
   01  0.1827993E+02  0.9999994E+00  0.4330119E+00  0.2499995E+00 -0.6388941E-06
   01  0.1876785E+02  0.9999989E+00  0.4330113E+00  0.2499991E+00 -0.1096531E-05
   01  0.1925601E+02  0.9999982E+00  0.4330103E+00  0.2499985E+00 -0.1834271E-05
   01  0.1974426E+02  0.9999970E+00  0.4330088E+00  0.2499976E+00 -0.2989715E-05
   01  0.2000000E+02  0.9999962E+00  0.4330077E+00  0.2499969E+00 -0.3816560E-05
   01  0.2048839E+02  0.9999940E+00  0.4330049E+00  0.2499951E+00 -0.5979886E-05
   01  0.2097680E+02  0.9999909E+00  0.4330008E+00  0.2499925E+00 -0.9127500E-05
   01  0.2146533E+02  0.9999864E+00  0.4329951E+00  0.2499887E+00 -0.1356995E-04
   01  0.2195390E+02  0.9999804E+00  0.4329871E+00  0.2499836E+00 -0.1964189E-04
   01  0.2244250E+02  0.9999723E+00  0.4329767E+00  0.2499768E+00 -0.2766764E-04
   01  0.2293124E+02  0.9999621E+00  0.4329633E+00  0.2499680E+00 -0.3790658E-04
   01  0.2342020E+02  0.9999495E+00  0.4329469E+00  0.2499570E+00 -0.5048047E-04
   01  0.2390941E+02  0.9999347E+00  0.4329274E+00  0.2499439E+00 -0.6529397E-04
   01  0.2439865E+02  0.9999181E+00  0.4329055E+00  0.2499289E+00 -0.8194066E-04
   01  0.2488783E+02  0.9999004E+00  0.4328822E+00  0.2499125E+00 -0.9961466E-04
   01  0.2537706E+02  0.9998831E+00  0.4328592E+00  0.2498955E+00 -0.1169413E-03
   01  0.2586641E+02  0.9998686E+00  0.4328398E+00  0.2498798E+00 -0.1314080E-03
   01  0.2635590E+02  0.9998604E+00  0.4328283E+00  0.2498681E+00 -0.1396380E-03
   01  0.2684543E+02  0.9998594E+00  0.4328261E+00  0.2498616E+00 -0.1406196E-03
   01  0.2733511E+02  0.9998633E+00  0.4328299E+00  0.2498592E+00 -0.1366949E-03
   01  0.2782503E+02  0.9998759E+00  0.4328450E+00  0.2498623E+00 -0.1241202E-03
   01  0.2831504E+02  0.9999024E+00  0.4328785E+00  0.2498747E+00 -0.9761376E-04
   01  0.2880509E+02  0.9999416E+00  0.4329284E+00  0.2498967E+00 -0.5836395E-04
   01  0.2929511E+02  0.9999890E+00  0.4329887E+00  0.2499253E+00 -0.1096326E-04
   01  0.2978517E+02  0.1000039E+01  0.4330526E+00  0.2499570E+00  0.3940268E-04
   01  0.3000000E+02  0.1000061E+01  0.4330807E+00  0.2499711E+00  0.6146861E-04
   01  0.3049041E+02  0.1000107E+01  0.4331387E+00  0.2500008E+00  0.1072843E-03
   01  0.3098083E+02  0.1000140E+01  0.4331800E+00  0.2500220E+00  0.1403313E-03
   01  0.3147133E+02  0.1000154E+01  0.4331957E+00  0.2500304E+00  0.1541346E-03
   01  0.3196199E+02  0.1000151E+01  0.4331882E+00  0.2500284E+00  0.1507302E-03
   01  0.3245265E+02  0.1000131E+01  0.4331596E+00  0.2500148E+00  0.1306935E-03
   01  0.3294340E+02  0.1000087E+01  0.4330993E+00  0.2499852E+00  0.8735651E-04
   01  0.3343421E+02  0.1000025E+01  0.4330129E+00  0.2499429E+00  0.2473854E-04
   01  0.3392504E+02  0.9999521E+00  0.4329130E+00  0.2498941E+00 -0.4786729E-04
   01  0.3441596E+02  0.9998799E+00  0.4328130E+00  0.2498454E+00 -0.1201008E-03
   01  0.3490706E+02  0.9998174E+00  0.4327255E+00  0.2498031E+00 -0.1826233E-03
   01  0.3539840E+02  0.9997725E+00  0.4326613E+00  0.2497720E+00 -0.2274834E-03
   01  0.3588984E+02  0.9997507E+00  0.4326282E+00  0.2497551E+00 -0.2492740E-03
   01  0.3638122E+02  0.9997486E+00  0.4326220E+00  0.2497501E+00 -0.2514142E-03
   01  0.3687261E+02  0.9997539E+00  0.4326257E+00  0.2497505E+00 -0.2460840E-03
   01  0.3736410E+02  0.9997667E+00  0.4326392E+00  0.2497550E+00 -0.2333361E-03
   01  0.3785573E+02  0.9997899E+00  0.4326670E+00  0.2497648E+00 -0.2101149E-03
   01  0.3834738E+02  0.9998177E+00  0.4327014E+00  0.2497765E+00 -0.1823135E-03
   01  0.3883915E+02  0.9998434E+00  0.4327331E+00  0.2497862E+00 -0.1566023E-03
   01  0.3933111E+02  0.9998640E+00  0.4327579E+00  0.2497922E+00 -0.1359725E-03
   01  0.3982322E+02  0.9998796E+00  0.4327757E+00  0.2497951E+00 -0.1204027E-03
   01  0.4000000E+02  0.9998842E+00  0.4327807E+00  0.2497956E+00 -0.1158201E-03
   01  0.4049211E+02  0.9998952E+00  0.4327917E+00  0.2497959E+00 -0.1047619E-03
   01  0.4098421E+02  0.9999044E+00  0.4327995E+00  0.2497952E+00 -0.9555172E-04
   01  0.4147636E+02  0.9999123E+00  0.4328049E+00  0.2497939E+00 -0.8765098E-04
   01  0.4196865E+02  0.9999191E+00  0.4328083E+00  0.2497918E+00 -0.8088476E-04
   01  0.4246109E+02  0.9999250E+00  0.4328102E+00  0.2497888E+00 -0.7501623E-04
   01  0.4295359E+02  0.9999303E+00  0.4328112E+00  0.2497850E+00 -0.6968134E-04
   01  0.4344625E+02  0.9999355E+00  0.4328121E+00  0.2497804E+00 -0.6445421E-04
   01  0.4393895E+02  0.9999410E+00  0.4328133E+00  0.2497748E+00 -0.5900089E-04
   01  0.4443171E+02  0.9999467E+00  0.4328151E+00  0.2497681E+00 -0.5327723E-04
   01  0.4492454E+02  0.9999523E+00  0.4328168E+00  0.2497601E+00 -0.4766895E-04
   01  0.4541737E+02  0.9999571E+00  0.4328174E+00  0.2497503E+00 -0.4294502E-04
   01  0.4591027E+02  0.9999600E+00  0.4328156E+00  0.2497385E+00 -0.3997482E-04
   01  0.4640332E+02  0.9999606E+00  0.4328106E+00  0.2497241E+00 -0.3937528E-04
   01  0.4689658E+02  0.9999588E+00  0.4328022E+00  0.2497070E+00 -0.4124012E-04
   01  0.4738993E+02  0.9999549E+00  0.4327910E+00  0.2496873E+00 -0.4513847E-04
   01  0.4788328E+02  0.9999497E+00  0.4327781E+00  0.2496653E+00 -0.5028062E-04
   01  0.4837662E+02  0.9999440E+00  0.4327642E+00  0.2496416E+00 -0.5595585E-04
   01  0.4887005E+02  0.9999385E+00  0.4327505E+00  0.2496165E+00 -0.6151419E-04
   01  0.4936361E+02  0.9999338E+00  0.4327378E+00  0.2495905E+00 -0.6623964E-04
   01  0.4985717E+02  0.9999307E+00  0.4327272E+00  0.2495639E+00 -0.6933022E-04
   01  0.5000000E+02  0.9999302E+00  0.4327246E+00  0.2495567E+00 -0.6978745E-04
   01  0.5049382E+02  0.9999303E+00  0.4327183E+00  0.2495293E+00 -0.6974368E-04
   01  0.5098768E+02  0.9999330E+00  0.4327158E+00  0.2495008E+00 -0.6701141E-04
   01  0.5148168E+02  0.9999376E+00  0.4327163E+00  0.2494702E+00 -0.6237482E-04
   01  0.5197571E+02  0.9999427E+00  0.4327179E+00  0.2494367E+00 -0.5734220E-04
   01  0.5246969E+02  0.9999465E+00  0.4327184E+00  0.2493996E+00 -0.5350265E-04
   01  0.5296370E+02  0.9999482E+00  0.4327169E+00  0.2493579E+00 -0.5180228E-04
   01  0.5345783E+02  0.9999475E+00  0.4327130E+00  0.2493110E+00 -0.5252482E-04
   01  0.5395210E+02  0.9999447E+00  0.4327077E+00  0.2492584E+00 -0.5531014E-04
   01  0.5444641E+02  0.9999405E+00  0.4327021E+00  0.2491998E+00 -0.5947593E-04
   01  0.5494086E+02  0.9999357E+00  0.4326974E+00  0.2491351E+00 -0.6429658E-04
   01  0.5543540E+02  0.9999308E+00  0.4326948E+00  0.2490642E+00 -0.6916900E-04
   01  0.5592997E+02  0.9999265E+00  0.4326954E+00  0.2489870E+00 -0.7351272E-04
   01  0.5642463E+02  0.9999232E+00  0.4327007E+00  0.2489032E+00 -0.7675323E-04
   01  0.5691927E+02  0.9999218E+00  0.4327121E+00  0.2488122E+00 -0.7821963E-04
   01  0.5741396E+02  0.9999225E+00  0.4327309E+00  0.2487132E+00 -0.7746024E-04
   01  0.5790877E+02  0.9999253E+00  0.4327574E+00  0.2486053E+00 -0.7470984E-04
   01  0.5840378E+02  0.9999291E+00  0.4327912E+00  0.2484871E+00 -0.7091007E-04
   01  0.5889885E+02  0.9999327E+00  0.4328311E+00  0.2483572E+00 -0.6725176E-04
   01  0.5939398E+02  0.9999351E+00  0.4328766E+00  0.2482138E+00 -0.6488599E-04
   01  0.5988909E+02  0.9999355E+00  0.4329279E+00  0.2480551E+00 -0.6450672E-04
   01  0.6000000E+02  0.9999351E+00  0.4329399E+00  0.2480183E+00 -0.6492497E-04
   01  0.6049530E+02  0.9999335E+00  0.4330002E+00  0.2478386E+00 -0.6649657E-04
   01  0.6099059E+02  0.9999309E+00  0.4330702E+00  0.2476404E+00 -0.6907259E-04
   01  0.6148589E+02  0.9999282E+00  0.4331522E+00  0.2474230E+00 -0.7176602E-04
   01  0.6198127E+02  0.9999259E+00  0.4332479E+00  0.2471855E+00 -0.7414623E-04
   01  0.6247680E+02  0.9999238E+00  0.4333589E+00  0.2469264E+00 -0.7621501E-04
   01  0.6297251E+02  0.9999222E+00  0.4334870E+00  0.2466440E+00 -0.7783871E-04
   01  0.6346825E+02  0.9999217E+00  0.4336350E+00  0.2463367E+00 -0.7826799E-04
   01  0.6396394E+02  0.9999236E+00  0.4338060E+00  0.2460031E+00 -0.7644196E-04
   01  0.6445965E+02  0.9999282E+00  0.4340025E+00  0.2456416E+00 -0.7181772E-04
   01  0.6495544E+02  0.9999350E+00  0.4342253E+00  0.2452500E+00 -0.6500474E-04
   01  0.6545138E+02  0.9999423E+00  0.4344744E+00  0.2448256E+00 -0.5770415E-04
   01  0.6594735E+02  0.9999481E+00  0.4347492E+00  0.2443649E+00 -0.5186029E-04
   01  0.6644342E+02  0.9999515E+00  0.4350506E+00  0.2438649E+00 -0.4853174E-04
   01  0.6693961E+02  0.9999526E+00  0.4353811E+00  0.2433236E+00 -0.4735462E-04
   01  0.6743583E+02  0.9999531E+00  0.4357438E+00  0.2427404E+00 -0.4690282E-04
   01  0.6793215E+02  0.9999543E+00  0.4361425E+00  0.2421145E+00 -0.4568345E-04
   01  0.6842843E+02  0.9999568E+00  0.4365798E+00  0.2414448E+00 -0.4316148E-04
   01  0.6892474E+02  0.9999598E+00  0.4370573E+00  0.2407286E+00 -0.4016553E-04
   01  0.6942115E+02  0.9999620E+00  0.4375757E+00  0.2399633E+00 -0.3796324E-04
   01  0.6991773E+02  0.9999634E+00  0.4381366E+00  0.2391474E+00 -0.3662308E-04
   01  0.7000000E+02  0.9999635E+00  0.4382343E+00  0.2390085E+00 -0.3653517E-04
   01  0.7049674E+02  0.9999666E+00  0.4388491E+00  0.2381342E+00 -0.3337548E-04
   01  0.7099346E+02  0.9999728E+00  0.4395130E+00  0.2372106E+00 -0.2720154E-04
   01  0.7149017E+02  0.9999819E+00  0.4402273E+00  0.2362372E+00 -0.1808053E-04
   01  0.7198693E+02  0.9999916E+00  0.4409906E+00  0.2352118E+00 -0.8431480E-05
   01  0.7248380E+02  0.9999986E+00  0.4418007E+00  0.2341315E+00 -0.1427553E-05
   01  0.7298067E+02  0.1000001E+01  0.4426556E+00  0.2329959E+00  0.1090595E-05
   01  0.7347760E+02  0.1000000E+01  0.4435558E+00  0.2318071E+00  0.2412678E-06
   01  0.7397465E+02  0.9999987E+00  0.4445031E+00  0.2305689E+00 -0.1331773E-05
   01  0.7447189E+02  0.9999975E+00  0.4454977E+00  0.2292840E+00 -0.2488566E-05
   01  0.7496920E+02  0.9999952E+00  0.4465376E+00  0.2279529E+00 -0.4806093E-05
   01  0.7546644E+02  0.9999889E+00  0.4476189E+00  0.2265757E+00 -0.1109150E-04
   01  0.7596369E+02  0.9999772E+00  0.4487388E+00  0.2251540E+00 -0.2281187E-04
   01  0.7646099E+02  0.9999614E+00  0.4498961E+00  0.2236932E+00 -0.3863270E-04
   01  0.7695844E+02  0.9999443E+00  0.4510898E+00  0.2222010E+00 -0.5568196E-04
   01  0.7745591E+02  0.9999275E+00  0.4523168E+00  0.2206843E+00 -0.7248694E-04
   01  0.7795346E+02  0.9999095E+00  0.4535713E+00  0.2191470E+00 -0.9045063E-04
   01  0.7845114E+02  0.9998874E+00  0.4548464E+00  0.2175917E+00 -0.1126481E-03
   01  0.7894886E+02  0.9998584E+00  0.4561345E+00  0.2160233E+00 -0.1415863E-03
   01  0.7944666E+02  0.9998220E+00  0.4574298E+00  0.2144489E+00 -0.1780347E-03
   01  0.7994443E+02  0.9997785E+00  0.4587260E+00  0.2128782E+00 -0.2215497E-03
   01  0.8000000E+02  0.9997734E+00  0.4588754E+00  0.2126984E+00 -0.2265807E-03
   01  0.8049787E+02  0.9997221E+00  0.4601645E+00  0.2111413E+00 -0.2779369E-03
   01  0.8099574E+02  0.9996625E+00  0.4614374E+00  0.2096054E+00 -0.3375133E-03
   01  0.8149377E+02  0.9995940E+00  0.4626860E+00  0.2080984E+00 -0.4060417E-03
   01  0.8199185E+02  0.9995172E+00  0.4639031E+00  0.2066308E+00 -0.4828345E-03
   01  0.8249004E+02  0.9994329E+00  0.4650816E+00  0.2052137E+00 -0.5671192E-03
   01  0.8298820E+02  0.9993408E+00  0.4662126E+00  0.2038580E+00 -0.6592153E-03
   01  0.8348640E+02  0.9992395E+00  0.4672864E+00  0.2025731E+00 -0.7605111E-03
   01  0.8398470E+02  0.9991276E+00  0.4682935E+00  0.2013677E+00 -0.8723654E-03
   01  0.8448300E+02  0.9990054E+00  0.4692253E+00  0.2002521E+00 -0.9945670E-03
   01  0.8498134E+02  0.9988747E+00  0.4700749E+00  0.1992381E+00 -0.1125315E-02
   01  0.8547978E+02  0.9987361E+00  0.4708340E+00  0.1983376E+00 -0.1263911E-02
   01  0.8597839E+02  0.9985885E+00  0.4714927E+00  0.1975600E+00 -0.1411453E-02
   01  0.8647710E+02  0.9984310E+00  0.4720420E+00  0.1969138E+00 -0.1569026E-02
   01  0.8697575E+02  0.9982628E+00  0.4724742E+00  0.1964069E+00 -0.1737215E-02
   01  0.8747440E+02  0.9980851E+00  0.4727845E+00  0.1960479E+00 -0.1914942E-02
   01  0.8797309E+02  0.9979002E+00  0.4729697E+00  0.1958462E+00 -0.2099839E-02
   01  0.8847190E+02  0.9977088E+00  0.4730247E+00  0.1958100E+00 -0.2291203E-02
   01  0.8897074E+02  0.9975097E+00  0.4729422E+00  0.1959446E+00 -0.2490283E-02
   01  0.8946964E+02  0.9973040E+00  0.4727187E+00  0.1962565E+00 -0.2696015E-02
   01  0.8996866E+02  0.9970935E+00  0.4723527E+00  0.1967518E+00 -0.2906477E-02
   01  0.9000000E+02  0.9970794E+00  0.4723268E+00  0.1967790E+00 -0.2920616E-02
   01  0.9049914E+02  0.9968659E+00  0.4718078E+00  0.1974754E+00 -0.3134123E-02
   01  0.9099830E+02  0.9966533E+00  0.4711454E+00  0.1983680E+00 -0.3346705E-02
   01  0.9149743E+02  0.9964407E+00  0.4703359E+00  0.1994575E+00 -0.3559280E-02
   01  0.9199657E+02  0.9962272E+00  0.4693761E+00  0.2007436E+00 -0.3772813E-02
   01  0.9249577E+02  0.9960144E+00  0.4682673E+00  0.2022276E+00 -0.3985624E-02
   01  0.9299510E+02  0.9958053E+00  0.4670136E+00  0.2039112E+00 -0.4194746E-02
   01  0.9349449E+02  0.9956009E+00  0.4656160E+00  0.2057944E+00 -0.4399127E-02
   01  0.9399397E+02  0.9954046E+00  0.4640785E+00  0.2078731E+00 -0.4595413E-02
   01  0.9449346E+02  0.9952150E+00  0.4624046E+00  0.2101426E+00 -0.4784962E-02
   01  0.9499298E+02  0.9950333E+00  0.4605969E+00  0.2125955E+00 -0.4966700E-02
   01  0.9549257E+02  0.9948633E+00  0.4586684E+00  0.2152222E+00 -0.5136694E-02
   01  0.9599218E+02  0.9947021E+00  0.4566297E+00  0.2180224E+00 -0.5297874E-02
   01  0.9649182E+02  0.9945578E+00  0.4544882E+00  0.2209813E+00 -0.5442218E-02
   01  0.9699154E+02  0.9944238E+00  0.4522488E+00  0.2240785E+00 -0.5576169E-02
   01  0.9749139E+02  0.9943139E+00  0.4499336E+00  0.2272915E+00 -0.5686071E-02
   01  0.9799135E+02  0.9942175E+00  0.4475507E+00  0.2306181E+00 -0.5782509E-02
   01  0.9849130E+02  0.9941487E+00  0.4451119E+00  0.2340322E+00 -0.5851343E-02
   01  0.9899123E+02  0.9941067E+00  0.4426294E+00  0.2375209E+00 -0.5893290E-02
   01  0.9949119E+02  0.9940799E+00  0.4401183E+00  0.2410554E+00 -0.5920091E-02
   01  0.9999124E+02  0.9940765E+00  0.4375805E+00  0.2446196E+00 -0.5923484E-02
