# gauge_id= 2 location=(  0.5980762113E+01  0.5000000000E+01 ) num_var=  4
# Stationary gauge
# level, time, q[  1  2  3], eta, aux[]
# file format ascii, time series follow in this file
   01  0.0000000E+00  0.1000000E+01  0.4330127E+00  0.2500000E+00  0.0000000E+00
   01  0.1600000E-01  0.1000000E+01  0.4330127E+00  0.2500000E+00 -0.2442480E-10
   01  0.4999980E+00  0.1000000E+01  0.4330127E+00  0.2500000E+00 -0.4340823E-09
   01  0.9839881E+00  0.1000000E+01  0.4330127E+00  0.2500000E+00 -0.1689347E-08
   01  0.1467877E+01  0.1000000E+01  0.4330127E+00  0.2499999E+00 -0.4701685E-08
   01  0.1951775E+01  0.1000000E+01  0.4330127E+00  0.2499999E+00 -0.1123688E-07
   01  0.2435777E+01  0.1000000E+01  0.4330127E+00  0.2499999E+00 -0.2459842E-07
   01  0.2920006E+01  0.9999999E+00  0.4330127E+00  0.2499998E+00 -0.5075949E-07
   01  0.3404408E+01  0.9999999E+00  0.4330127E+00  0.2499998E+00 -0.1003270E-06
   01  0.3888949E+01  0.9999998E+00  0.4330126E+00  0.2499996E+00 -0.1921027E-06
   01  0.4373697E+01  0.9999996E+00  0.4330124E+00  0.2499994E+00 -0.3572734E-06
   01  0.4858505E+01  0.9999994E+00  0.4330121E+00  0.2499991E+00 -0.6460364E-06
   01  0.5343486E+01  0.9999989E+00  0.4330115E+00  0.2499985E+00 -0.1136778E-05
   01  0.5828469E+01  0.9999981E+00  0.4330106E+00  0.2499977E+00 -0.1947833E-05
   01  0.6313518E+01  0.9999967E+00  0.4330090E+00  0.2499963E+00 -0.3251711E-05
   01  0.6798730E+01  0.9999947E+00  0.4330065E+00  0.2499943E+00 -0.5290210E-05
   01  0.7284184E+01  0.9999916E+00  0.4330027E+00  0.2499912E+00 -0.8389421E-05
   01  0.7769951E+01  0.9999870E+00  0.4329971E+00  0.2499867E+00 -0.1296947E-04
   01  0.8255854E+01  0.9999805E+00  0.4329889E+00  0.2499802E+00 -0.1954186E-04
   01  0.8741760E+01  0.9999713E+00  0.4329775E+00  0.2499712E+00 -0.2869770E-04
   01  0.9227680E+01  0.9999589E+00  0.4329619E+00  0.2499588E+00 -0.4107117E-04
   01  0.9713712E+01  0.9999427E+00  0.4329416E+00  0.2499425E+00 -0.5726568E-04
   01  0.1000000E+02  0.9999312E+00  0.4329270E+00  0.2499308E+00 -0.6879554E-04
   01  0.1048619E+02  0.9999081E+00  0.4328978E+00  0.2499067E+00 -0.9186306E-04
   01  0.1097241E+02  0.9998808E+00  0.4328630E+00  0.2498774E+00 -0.1192144E-03
   01  0.1145880E+02  0.9998499E+00  0.4328237E+00  0.2498429E+00 -0.1500935E-03
   01  0.1194546E+02  0.9998167E+00  0.4327812E+00  0.2498038E+00 -0.1832809E-03
   01  0.1243239E+02  0.9997833E+00  0.4327381E+00  0.2497612E+00 -0.2167379E-03
   01  0.1291920E+02  0.9997524E+00  0.4326981E+00  0.2497168E+00 -0.2476030E-03
   01  0.1340597E+02  0.9997279E+00  0.4326660E+00  0.2496740E+00 -0.2721469E-03
   01  0.1389280E+02  0.9997125E+00  0.4326453E+00  0.2496364E+00 -0.2875240E-03
   01  0.1437980E+02  0.9997109E+00  0.4326424E+00  0.2496042E+00 -0.2891035E-03
   01  0.1486693E+02  0.9997273E+00  0.4326632E+00  0.2495793E+00 -0.2726700E-03
   01  0.1535414E+02  0.9997626E+00  0.4327093E+00  0.2495604E+00 -0.2374243E-03
   01  0.1584154E+02  0.9998138E+00  0.4327776E+00  0.2495480E+00 -0.1862269E-03
   01  0.1632914E+02  0.9998730E+00  0.4328577E+00  0.2495384E+00 -0.1270435E-03
   01  0.1681681E+02  0.9999338E+00  0.4329408E+00  0.2495271E+00 -0.6618663E-04
   01  0.1730450E+02  0.9999906E+00  0.4330196E+00  0.2495093E+00 -0.9377840E-05
   01  0.1779218E+02  0.1000037E+01  0.4330869E+00  0.2494795E+00  0.3744309E-04
   01  0.1827993E+02  0.1000068E+01  0.4331349E+00  0.2494326E+00  0.6790221E-04
   01  0.1876785E+02  0.1000076E+01  0.4331561E+00  0.2493640E+00  0.7590374E-04
   01  0.1925601E+02  0.1000057E+01  0.4331458E+00  0.2492704E+00  0.5730362E-04
   01  0.1974426E+02  0.1000012E+01  0.4331041E+00  0.2491505E+00  0.1164212E-04
   01  0.2000000E+02  0.9999792E+00  0.4330726E+00  0.2490800E+00 -0.2083613E-04
   01  0.2048839E+02  0.9999024E+00  0.4329962E+00  0.2489256E+00 -0.9763417E-04
   01  0.2097680E+02  0.9998179E+00  0.4329153E+00  0.2487568E+00 -0.1821197E-03
   01  0.2146533E+02  0.9997385E+00  0.4328483E+00  0.2485793E+00 -0.2614616E-03
   01  0.2195390E+02  0.9996764E+00  0.4328135E+00  0.2483957E+00 -0.3235653E-03
   01  0.2244250E+02  0.9996391E+00  0.4328230E+00  0.2482055E+00 -0.3608817E-03
   01  0.2293124E+02  0.9996276E+00  0.4328810E+00  0.2480042E+00 -0.3723976E-03
   01  0.2342020E+02  0.9996386E+00  0.4329847E+00  0.2477857E+00 -0.3614153E-03
   01  0.2390941E+02  0.9996640E+00  0.4331246E+00  0.2475450E+00 -0.3360280E-03
   01  0.2439865E+02  0.9996939E+00  0.4332893E+00  0.2472755E+00 -0.3060555E-03
   01  0.2488783E+02  0.9997226E+00  0.4334729E+00  0.2469708E+00 -0.2774377E-03
   01  0.2537706E+02  0.9997467E+00  0.4336731E+00  0.2466256E+00 -0.2533159E-03
   01  0.2586641E+02  0.9997652E+00  0.4338906E+00  0.2462364E+00 -0.2348161E-03
   01  0.2635590E+02  0.9997787E+00  0.4341280E+00  0.2458012E+00 -0.2212758E-03
   01  0.2684543E+02  0.9997892E+00  0.4343895E+00  0.2453187E+00 -0.2107816E-03
   01  0.2733511E+02  0.9997987E+00  0.4346803E+00  0.2447868E+00 -0.2012545E-03
   01  0.2782503E+02  0.9998086E+00  0.4350050E+00  0.2442025E+00 -0.1914346E-03
   01  0.2831504E+02  0.9998186E+00  0.4353669E+00  0.2435619E+00 -0.1813626E-03
   01  0.2880509E+02  0.9998281E+00  0.4357680E+00  0.2428605E+00 -0.1718986E-03
   01  0.2929511E+02  0.9998365E+00  0.4362104E+00  0.2420950E+00 -0.1634785E-03
   01  0.2978517E+02  0.9998449E+00  0.4366982E+00  0.2412628E+00 -0.1550949E-03
   01  0.3000000E+02  0.9998493E+00  0.4369279E+00  0.2408836E+00 -0.1506602E-03
   01  0.3049041E+02  0.9998632E+00  0.4374926E+00  0.2399518E+00 -0.1367775E-03
   01  0.3098083E+02  0.9998806E+00  0.4381156E+00  0.2389466E+00 -0.1193787E-03
   01  0.3147133E+02  0.9998993E+00  0.4387982E+00  0.2378629E+00 -0.1006899E-03
   01  0.3196199E+02  0.9999158E+00  0.4395388E+00  0.2366960E+00 -0.8418258E-04
   01  0.3245265E+02  0.9999282E+00  0.4403357E+00  0.2354448E+00 -0.7179170E-04
   01  0.3294340E+02  0.9999366E+00  0.4411897E+00  0.2341096E+00 -0.6344314E-04
   01  0.3343421E+02  0.9999424E+00  0.4421032E+00  0.2326918E+00 -0.5762521E-04
   01  0.3392504E+02  0.9999470E+00  0.4430792E+00  0.2311927E+00 -0.5298775E-04
   01  0.3441596E+02  0.9999498E+00  0.4441191E+00  0.2296111E+00 -0.5023162E-04
   01  0.3490706E+02  0.9999482E+00  0.4452225E+00  0.2279449E+00 -0.5177614E-04
   01  0.3539840E+02  0.9999414E+00  0.4463890E+00  0.2261954E+00 -0.5859257E-04
   01  0.3588984E+02  0.9999311E+00  0.4476184E+00  0.2243689E+00 -0.6885436E-04
   01  0.3638122E+02  0.9999203E+00  0.4489101E+00  0.2224750E+00 -0.7968390E-04
   01  0.3687261E+02  0.9999105E+00  0.4502629E+00  0.2205207E+00 -0.8947367E-04
   01  0.3736410E+02  0.9999010E+00  0.4516743E+00  0.2185105E+00 -0.9895679E-04
   01  0.3785573E+02  0.9998893E+00  0.4531398E+00  0.2164473E+00 -0.1107059E-03
   01  0.3834738E+02  0.9998725E+00  0.4546530E+00  0.2143370E+00 -0.1274768E-03
   01  0.3883915E+02  0.9998492E+00  0.4562071E+00  0.2121884E+00 -0.1508148E-03
   01  0.3933111E+02  0.9998185E+00  0.4577934E+00  0.2100132E+00 -0.1815303E-03
   01  0.3982322E+02  0.9997784E+00  0.4594007E+00  0.2078232E+00 -0.2215880E-03
   01  0.4000000E+02  0.9997623E+00  0.4599941E+00  0.2070221E+00 -0.2377206E-03
   01  0.4049211E+02  0.9997056E+00  0.4616125E+00  0.2048259E+00 -0.2943629E-03
   01  0.4098421E+02  0.9996343E+00  0.4632275E+00  0.2026390E+00 -0.3656620E-03
   01  0.4147636E+02  0.9995492E+00  0.4648324E+00  0.2004749E+00 -0.4508353E-03
   01  0.4196865E+02  0.9994528E+00  0.4664199E+00  0.1983505E+00 -0.5471929E-03
   01  0.4246109E+02  0.9993445E+00  0.4679789E+00  0.1962806E+00 -0.6555137E-03
   01  0.4295359E+02  0.9992218E+00  0.4694955E+00  0.1942785E+00 -0.7781973E-03
   01  0.4344625E+02  0.9990833E+00  0.4709569E+00  0.1923583E+00 -0.9166960E-03
   01  0.4393895E+02  0.9989298E+00  0.4723522E+00  0.1905361E+00 -0.1070226E-02
   01  0.4443171E+02  0.9987630E+00  0.4736712E+00  0.1888285E+00 -0.1236993E-02
   01  0.4492454E+02  0.9985831E+00  0.4749013E+00  0.1872514E+00 -0.1416851E-02
   01  0.4541737E+02  0.9983882E+00  0.4760271E+00  0.1858184E+00 -0.1611830E-02
   01  0.4591027E+02  0.9981762E+00  0.4770343E+00  0.1845425E+00 -0.1823847E-02
   01  0.4640332E+02  0.9979464E+00  0.4779111E+00  0.1834367E+00 -0.2053598E-02
   01  0.4689658E+02  0.9976988E+00  0.4786468E+00  0.1825149E+00 -0.2301248E-02
   01  0.4738993E+02  0.9974328E+00  0.4792298E+00  0.1817906E+00 -0.2567227E-02
   01  0.4788328E+02  0.9971489E+00  0.4796497E+00  0.1812762E+00 -0.2851083E-02
   01  0.4837662E+02  0.9968487E+00  0.4798991E+00  0.1809822E+00 -0.3151258E-02
   01  0.4887005E+02  0.9965347E+00  0.4799727E+00  0.1809186E+00 -0.3465256E-02
   01  0.4936361E+02  0.9962096E+00  0.4798657E+00  0.1810960E+00 -0.3790419E-02
   01  0.4985717E+02  0.9958755E+00  0.4795727E+00  0.1815242E+00 -0.4124544E-02
   01  0.5000000E+02  0.9957725E+00  0.4794592E+00  0.1816430E+00 -0.4227472E-02
   01  0.5049382E+02  0.9954307E+00  0.4789205E+00  0.1824090E+00 -0.4569308E-02
   01  0.5098768E+02  0.9950909E+00  0.4781915E+00  0.1834502E+00 -0.4909071E-02
   01  0.5148168E+02  0.9947490E+00  0.4772649E+00  0.1847645E+00 -0.5250966E-02
   01  0.5197571E+02  0.9944042E+00  0.4761392E+00  0.1863504E+00 -0.5595778E-02
   01  0.5246969E+02  0.9940587E+00  0.4748161E+00  0.1882090E+00 -0.5941334E-02
   01  0.5296370E+02  0.9937139E+00  0.4732956E+00  0.1903417E+00 -0.6286073E-02
   01  0.5345783E+02  0.9933760E+00  0.4715835E+00  0.1927500E+00 -0.6623995E-02
   01  0.5395210E+02  0.9930503E+00  0.4696857E+00  0.1954312E+00 -0.6949697E-02
   01  0.5444641E+02  0.9927372E+00  0.4676057E+00  0.1983783E+00 -0.7262766E-02
   01  0.5494086E+02  0.9924425E+00  0.4653558E+00  0.2015799E+00 -0.7557457E-02
   01  0.5543540E+02  0.9921691E+00  0.4629472E+00  0.2050233E+00 -0.7830877E-02
   01  0.5592997E+02  0.9919148E+00  0.4603886E+00  0.2086959E+00 -0.8085189E-02
   01  0.5642463E+02  0.9916834E+00  0.4576967E+00  0.2125817E+00 -0.8316584E-02
   01  0.5691927E+02  0.9914741E+00  0.4548986E+00  0.2166579E+00 -0.8525908E-02
   01  0.5741396E+02  0.9912862E+00  0.4520069E+00  0.2209048E+00 -0.8713837E-02
   01  0.5790877E+02  0.9911423E+00  0.4490292E+00  0.2252962E+00 -0.8857695E-02
   01  0.5840378E+02  0.9910359E+00  0.4459789E+00  0.2298074E+00 -0.8964122E-02
   01  0.5889885E+02  0.9909699E+00  0.4428778E+00  0.2344081E+00 -0.9030111E-02
   01  0.5939398E+02  0.9909360E+00  0.4397500E+00  0.2390712E+00 -0.9063982E-02
   01  0.5988909E+02  0.9909344E+00  0.4366237E+00  0.2437667E+00 -0.9065592E-02
   01  0.6000000E+02  0.9909411E+00  0.4359281E+00  0.2448224E+00 -0.9058890E-02
   01  0.6049530E+02  0.9909897E+00  0.4328199E+00  0.2495224E+00 -0.9010334E-02
   01  0.6099059E+02  0.9910754E+00  0.4297511E+00  0.2541898E+00 -0.8924555E-02
   01  0.6148589E+02  0.9912035E+00  0.4267317E+00  0.2588016E+00 -0.8796487E-02
   01  0.6198127E+02  0.9913674E+00  0.4237765E+00  0.2633339E+00 -0.8632597E-02
   01  0.6247680E+02  0.9915414E+00  0.4208827E+00  0.2677744E+00 -0.8458605E-02
   01  0.6297251E+02  0.9917221E+00  0.4180631E+00  0.2721004E+00 -0.8277926E-02
   01  0.6346825E+02  0.9919168E+00  0.4153482E+00  0.2762810E+00 -0.8083171E-02
   01  0.6396394E+02  0.9921475E+00  0.4127532E+00  0.2802934E+00 -0.7852466E-02
   01  0.6445965E+02  0.9924123E+00  0.4102931E+00  0.2841168E+00 -0.7587654E-02
   01  0.6495544E+02  0.9927132E+00  0.4079759E+00  0.2877372E+00 -0.7286798E-02
   01  0.6545138E+02  0.9930534E+00  0.4058127E+00  0.2911343E+00 -0.6946553E-02
   01  0.6594735E+02  0.9934131E+00  0.4038002E+00  0.2942937E+00 -0.6586931E-02
   01  0.6644342E+02  0.9937518E+00  0.4019309E+00  0.2972283E+00 -0.6248192E-02
   01  0.6693961E+02  0.9940632E+00  0.4002038E+00  0.2999421E+00 -0.5936844E-02
   01  0.6743583E+02  0.9943600E+00  0.3986257E+00  0.3024241E+00 -0.5639990E-02
   01  0.6793215E+02  0.9946556E+00  0.3972028E+00  0.3046636E+00 -0.5344394E-02
   01  0.6842843E+02  0.9949509E+00  0.3959440E+00  0.3066508E+00 -0.5049118E-02
   01  0.6892474E+02  0.9952460E+00  0.3948548E+00  0.3083765E+00 -0.4754003E-02
   01  0.6942115E+02  0.9955496E+00  0.3939464E+00  0.3098329E+00 -0.4450367E-02
   01  0.6991773E+02  0.9958904E+00  0.3932394E+00  0.3109984E+00 -0.4109578E-02
   01  0.7000000E+02  0.9959495E+00  0.3931227E+00  0.3111928E+00 -0.4050529E-02
   01  0.7049674E+02  0.9962959E+00  0.3926173E+00  0.3120494E+00 -0.3704067E-02
   01  0.7099346E+02  0.9966216E+00  0.3922668E+00  0.3126651E+00 -0.3378414E-02
   01  0.7149017E+02  0.9969158E+00  0.3920627E+00  0.3130512E+00 -0.3084207E-02
   01  0.7198693E+02  0.9971764E+00  0.3920042E+00  0.3132128E+00 -0.2823572E-02
   01  0.7248380E+02  0.9974070E+00  0.3920930E+00  0.3131520E+00 -0.2592980E-02
   01  0.7298067E+02  0.9976149E+00  0.3923303E+00  0.3128721E+00 -0.2385145E-02
   01  0.7347760E+02  0.9978135E+00  0.3927175E+00  0.3123767E+00 -0.2186513E-02
   01  0.7397465E+02  0.9980229E+00  0.3932550E+00  0.3116664E+00 -0.1977085E-02
   01  0.7447189E+02  0.9982446E+00  0.3939313E+00  0.3107542E+00 -0.1755367E-02
   01  0.7496920E+02  0.9984644E+00  0.3947261E+00  0.3096635E+00 -0.1535559E-02
   01  0.7546644E+02  0.9986671E+00  0.3956205E+00  0.3084193E+00 -0.1332884E-02
   01  0.7596369E+02  0.9988431E+00  0.3965994E+00  0.3070439E+00 -0.1156898E-02
   01  0.7646099E+02  0.9989903E+00  0.3976511E+00  0.3055564E+00 -0.1009725E-02
   01  0.7695844E+02  0.9991115E+00  0.3987655E+00  0.3039733E+00 -0.8884906E-03
   01  0.7745591E+02  0.9992118E+00  0.3999335E+00  0.3023097E+00 -0.7881739E-03
   01  0.7795346E+02  0.9993024E+00  0.4011506E+00  0.3005741E+00 -0.6976283E-03
   01  0.7845114E+02  0.9993925E+00  0.4024112E+00  0.2987750E+00 -0.6074748E-03
   01  0.7894886E+02  0.9994844E+00  0.4037058E+00  0.2969251E+00 -0.5156134E-03
   01  0.7944666E+02  0.9995749E+00  0.4050226E+00  0.2950403E+00 -0.4251035E-03
   01  0.7994443E+02  0.9996591E+00  0.4063491E+00  0.2931377E+00 -0.3409264E-03
   01  0.8000000E+02  0.9996676E+00  0.4064904E+00  0.2929299E+00 -0.3323720E-03
   01  0.8049787E+02  0.9997400E+00  0.4078158E+00  0.2910253E+00 -0.2600171E-03
   01  0.8099574E+02  0.9997987E+00  0.4091301E+00  0.2891340E+00 -0.2012931E-03
   01  0.8149377E+02  0.9998426E+00  0.4104271E+00  0.2872664E+00 -0.1573923E-03
   01  0.8199185E+02  0.9998725E+00  0.4117017E+00  0.2854313E+00 -0.1274661E-03
   01  0.8249004E+02  0.9998929E+00  0.4129513E+00  0.2836332E+00 -0.1070778E-03
   01  0.8298820E+02  0.9999091E+00  0.4141732E+00  0.2818752E+00 -0.9090027E-04
   01  0.8348640E+02  0.9999251E+00  0.4153648E+00  0.2801604E+00 -0.7491715E-04
   01  0.8398470E+02  0.9999427E+00  0.4165226E+00  0.2784921E+00 -0.5732634E-04
   01  0.8448300E+02  0.9999616E+00  0.4176427E+00  0.2768754E+00 -0.3842152E-04
   01  0.8498134E+02  0.9999801E+00  0.4187216E+00  0.2753148E+00 -0.1985004E-04
   01  0.8547978E+02  0.9999963E+00  0.4197567E+00  0.2738143E+00 -0.3713588E-05
   01  0.8597839E+02  0.1000008E+01  0.4207462E+00  0.2723771E+00  0.8001580E-05
   01  0.8647710E+02  0.1000014E+01  0.4216888E+00  0.2710059E+00  0.1376197E-04
   01  0.8697575E+02  0.1000013E+01  0.4225839E+00  0.2697018E+00  0.1345041E-04
   01  0.8747440E+02  0.1000008E+01  0.4234320E+00  0.2684640E+00  0.8446122E-05
   01  0.8797309E+02  0.1000001E+01  0.4242339E+00  0.2672905E+00  0.9856958E-06
   01  0.8847190E+02  0.9999933E+00  0.4249907E+00  0.2661789E+00 -0.6660721E-05
   01  0.8897074E+02  0.9999872E+00  0.4257031E+00  0.2651272E+00 -0.1282393E-04
   01  0.8946964E+02  0.9999833E+00  0.4263720E+00  0.2641334E+00 -0.1672692E-04
   01  0.8996866E+02  0.9999816E+00  0.4269984E+00  0.2631959E+00 -0.1841189E-04
   01  0.9000000E+02  0.9999815E+00  0.4270356E+00  0.2631382E+00 -0.1852222E-04
   01  0.9049914E+02  0.9999817E+00  0.4276183E+00  0.2622591E+00 -0.1827925E-04
   01  0.9099830E+02  0.9999825E+00  0.4281605E+00  0.2614339E+00 -0.1747552E-04
   01  0.9149743E+02  0.9999828E+00  0.4286636E+00  0.2606613E+00 -0.1719744E-04
   01  0.9199657E+02  0.9999817E+00  0.4291292E+00  0.2599398E+00 -0.1833088E-04
   01  0.9249577E+02  0.9999787E+00  0.4295588E+00  0.2592673E+00 -0.2129725E-04
   01  0.9299510E+02  0.9999741E+00  0.4299546E+00  0.2586413E+00 -0.2594623E-04
   01  0.9349449E+02  0.9999683E+00  0.4303184E+00  0.2580591E+00 -0.3169105E-04
   01  0.9399397E+02  0.9999623E+00  0.4306521E+00  0.2575178E+00 -0.3769859E-04
   01  0.9449346E+02  0.9999569E+00  0.4309575E+00  0.2570146E+00 -0.4313654E-04
   01  0.9499298E+02  0.9999526E+00  0.4312361E+00  0.2565467E+00 -0.4736630E-04
   01  0.9549257E+02  0.9999499E+00  0.4314897E+00  0.2561118E+00 -0.5005679E-04
   01  0.9599218E+02  0.9999488E+00  0.4317198E+00  0.2557077E+00 -0.5123561E-04
   01  0.9649182E+02  0.9999488E+00  0.4319279E+00  0.2553325E+00 -0.5117291E-04
   01  0.9699154E+02  0.9999497E+00  0.4321156E+00  0.2549846E+00 -0.5028069E-04
   01  0.9749139E+02  0.9999510E+00  0.4322846E+00  0.2546622E+00 -0.4904613E-04
   01  0.9799135E+02  0.9999521E+00  0.4324362E+00  0.2543639E+00 -0.4790285E-04
   01  0.9849130E+02  0.9999528E+00  0.4325719E+00  0.2540883E+00 -0.4721156E-04
   01  0.9899123E+02  0.9999529E+00  0.4326929E+00  0.2538338E+00 -0.4714686E-04
   01  0.9949119E+02  0.9999523E+00  0.4328006E+00  0.2535988E+00 -0.4766862E-04
   01  0.9999124E+02  0.9999514E+00  0.4328961E+00  0.2533818E+00 -0.4863007E-04
