# gauge_id=     0 location=(  -0.1000000E+00  -0.0000000E+00 ) num_var=  8
 # level, time, q[  1  2  3  4  5  6], eta[  1  2], aux[]
   01  0.0000000E+00  0.6062128E+00  0.0000000E+00  0.0000000E+00  0.4038871E+00  0.0000000E+00  0.0000000E+00  0.1009994E-01 -0.5961129E+00
   01  0.2250000E-02  0.6062695E+00  0.3558453E-02  0.3558453E-02  0.4039935E+00  0.2239113E-02  0.2239113E-02  0.1026293E-01 -0.5960065E+00
   01  0.1123843E-01  0.6048463E+00  0.9848551E-02  0.9848551E-02  0.4032812E+00  0.6544369E-02  0.6544369E-02  0.8127531E-02 -0.5967188E+00
   01  0.2024300E-01  0.6026352E+00  0.6251544E-02  0.6251544E-02  0.4016423E+00  0.4483829E-02  0.4483829E-02  0.4277498E-02 -0.5983577E+00
   01  0.2928417E-01  0.6006786E+00  0.1214002E-02  0.1214002E-02  0.4003297E+00  0.1248806E-02  0.1248806E-02  0.1008380E-02 -0.5996703E+00
   01  0.3833298E-01  0.5999551E+00 -0.7480348E-03 -0.7480348E-03  0.3997814E+00 -0.2089046E-03 -0.2089046E-03 -0.2634637E-03 -0.6002186E+00
   01  0.4738440E-01  0.6000223E+00 -0.5748000E-03 -0.5748000E-03  0.3997229E+00 -0.2417911E-03 -0.2417912E-03 -0.2547415E-03 -0.6002771E+00
   01  0.5643778E-01  0.6002261E+00 -0.2259709E-04 -0.2259703E-04  0.3997811E+00  0.3384922E-04  0.3384928E-04  0.7188972E-05 -0.6002189E+00
   01  0.6549277E-01  0.6003103E+00  0.1260450E-03  0.1260526E-03  0.3997460E+00  0.8659502E-04  0.8659926E-04  0.5633531E-04 -0.6002540E+00
   01  0.7454907E-01  0.6003433E+00  0.6907183E-04  0.6922537E-04  0.3996933E+00  0.1092132E-05  0.1184341E-05  0.3660959E-04 -0.6003067E+00
   01  0.8360645E-01  0.6003462E+00  0.4916505E-04  0.4860929E-04  0.3996546E+00 -0.6150635E-04 -0.6182726E-04  0.8443152E-06 -0.6003454E+00
   01  0.9266474E-01  0.6003498E+00  0.6306067E-04  0.5730251E-04  0.3996448E+00 -0.9226522E-04 -0.9601547E-04 -0.5430478E-05 -0.6003552E+00
   01  0.1017238E+00  0.6003563E+00  0.9326673E-04  0.8969205E-04  0.3996441E+00 -0.1013843E-03 -0.1046295E-03  0.3125925E-06 -0.6003559E+00
   01  0.1107836E+00  0.6003644E+00  0.7438481E-04  0.1037594E-03  0.3996601E+00 -0.1297026E-03 -0.1143431E-03  0.2457430E-04 -0.6003399E+00
   01  0.1198439E+00  0.6003950E+00 -0.5537294E-04  0.1102180E-03  0.3997008E+00 -0.2166316E-03 -0.1212042E-03  0.9581324E-04 -0.6002992E+00
   01  0.1289048E+00  0.6004949E+00 -0.4314924E-03  0.1139962E-03  0.3997977E+00 -0.4462431E-03 -0.1229513E-03  0.2925996E-03 -0.6002023E+00
   01  0.1379661E+00  0.6007020E+00 -0.1151042E-02  0.1243308E-03  0.3999678E+00 -0.8856639E-03 -0.1163495E-03  0.6698480E-03 -0.6000322E+00
   01  0.1470280E+00  0.6009889E+00 -0.2140815E-02  0.1278128E-03  0.4001945E+00 -0.1496797E-02 -0.1084090E-03  0.1183322E-02 -0.5998055E+00
   01  0.1560903E+00  0.6012335E+00 -0.2998072E-02  0.1021826E-03  0.4003941E+00 -0.2036552E-02 -0.1131546E-03  0.1627622E-02 -0.5996059E+00
   01  0.1651530E+00  0.6013334E+00 -0.3391102E-02  0.6804674E-04  0.4004932E+00 -0.2289090E-02 -0.1219450E-03  0.1826601E-02 -0.5995068E+00
   01  0.1742161E+00  0.6012645E+00 -0.3268033E-02  0.6856773E-04  0.4004844E+00 -0.2212387E-02 -0.1094314E-03  0.1748897E-02 -0.5995156E+00
   01  0.1832797E+00  0.6010724E+00 -0.2755725E-02  0.9975018E-04  0.4004014E+00 -0.1891389E-02 -0.7620450E-04  0.1473818E-02 -0.5995986E+00
   01  0.1923436E+00  0.6007859E+00 -0.1949157E-02  0.9824089E-04  0.4002647E+00 -0.1379915E-02 -0.5998036E-04  0.1050627E-02 -0.5997353E+00
   01  0.2014079E+00  0.6004792E+00 -0.1070624E-02  0.1015579E-04  0.4001126E+00 -0.8116080E-03 -0.9507391E-04  0.5917383E-03 -0.5998874E+00
   01  0.2104727E+00  0.6002119E+00 -0.3173984E-03 -0.2036622E-03  0.3999761E+00 -0.3161025E-03 -0.2093077E-03  0.1879688E-03 -0.6000239E+00
   01  0.2195378E+00  0.5999783E+00  0.2956706E-03 -0.4859290E-03  0.3998533E+00  0.8908384E-04 -0.3690295E-03 -0.1684550E-03 -0.6001467E+00
   01  0.2286034E+00  0.5997598E+00  0.8083490E-03 -0.7371425E-03  0.3997346E+00  0.4292784E-03 -0.5130581E-03 -0.5055826E-03 -0.6002654E+00
   01  0.2376694E+00  0.5995565E+00  0.1225252E-02 -0.9050921E-03  0.3996226E+00  0.7095213E-03 -0.6064106E-03 -0.8209042E-03 -0.6003774E+00
   01  0.2467358E+00  0.5993832E+00  0.1544494E-02 -0.9456173E-03  0.3995291E+00  0.9272157E-03 -0.6213137E-03 -0.1087702E-02 -0.6004709E+00
   01  0.2558027E+00  0.5992818E+00  0.1697942E-02 -0.9079077E-03  0.3994810E+00  0.1040453E-02 -0.5884627E-03 -0.1237239E-02 -0.6005190E+00
   01  0.2648698E+00  0.5992716E+00  0.1683387E-02 -0.8993177E-03  0.3994904E+00  0.1046228E-02 -0.5723367E-03 -0.1237941E-02 -0.6005096E+00
   01  0.2739369E+00  0.5993233E+00  0.1590396E-02 -0.9243007E-03  0.3995364E+00  0.9988858E-03 -0.5798461E-03 -0.1140246E-02 -0.6004636E+00
   01  0.2830042E+00  0.5994221E+00  0.1425673E-02 -0.9725546E-03  0.3996070E+00  0.9051957E-03 -0.6037270E-03 -0.9709333E-03 -0.6003930E+00
   01  0.2920715E+00  0.5995398E+00  0.1241675E-02 -0.1022214E-02  0.3996855E+00  0.7962778E-03 -0.6297438E-03 -0.7747067E-03 -0.6003145E+00
   01  0.3011391E+00  0.5996415E+00  0.1073181E-02 -0.9882894E-03  0.3997503E+00  0.6947548E-03 -0.6080930E-03 -0.6082506E-03 -0.6002497E+00
   01  0.3102067E+00  0.5997121E+00  0.9283265E-03 -0.8573808E-03  0.3997967E+00  0.6066153E-03 -0.5273100E-03 -0.4912411E-03 -0.6002033E+00
   01  0.3192746E+00  0.5997671E+00  0.7913959E-03 -0.7015699E-03  0.3998378E+00  0.5222318E-03 -0.4280541E-03 -0.3951126E-03 -0.6001622E+00
   01  0.3283426E+00  0.5998131E+00  0.6558846E-03 -0.5366570E-03  0.3998754E+00  0.4360027E-03 -0.3249100E-03 -0.3114998E-03 -0.6001246E+00
   01  0.3374106E+00  0.5998498E+00  0.5220672E-03 -0.3897475E-03  0.3999149E+00  0.3461772E-03 -0.2341063E-03 -0.2353193E-03 -0.6000851E+00
   01  0.3464788E+00  0.5998779E+00  0.3944606E-03 -0.2568732E-03  0.3999587E+00  0.2546824E-03 -0.1546296E-03 -0.1633973E-03 -0.6000413E+00
   01  0.3555471E+00  0.5999055E+00  0.2900786E-03 -0.1512811E-03  0.4000105E+00  0.1704642E-03 -0.9328061E-04 -0.8395588E-04 -0.5999895E+00
   01  0.3646155E+00  0.5999405E+00  0.2341930E-03 -0.9939251E-04  0.4000800E+00  0.1099264E-03 -0.6758918E-04  0.2042581E-04 -0.5999200E+00
   01  0.3736841E+00  0.5999874E+00  0.2519455E-03 -0.1107145E-03  0.4001708E+00  0.8813561E-04 -0.8293438E-04  0.1581971E-03 -0.5998292E+00
   01  0.3827527E+00  0.6000437E+00  0.3476065E-03 -0.1916247E-03  0.4002822E+00  0.1083193E-03 -0.1441064E-03  0.3259354E-03 -0.5997178E+00
   01  0.3918215E+00  0.6000922E+00  0.4840906E-03 -0.3170497E-03  0.4004048E+00  0.1487908E-03 -0.2365815E-03  0.4969965E-03 -0.5995952E+00
   01  0.4008905E+00  0.6001036E+00  0.5905966E-03 -0.4123523E-03  0.4005170E+00  0.1663867E-03 -0.3149999E-03  0.6205207E-03 -0.5994830E+00
   01  0.4099597E+00  0.6000498E+00  0.6026108E-03 -0.4074485E-03  0.4006022E+00  0.1203783E-03 -0.3345398E-03  0.6520777E-03 -0.5993978E+00
   01  0.4190286E+00  0.5999291E+00  0.5235889E-03 -0.3051699E-03  0.4006589E+00  0.1097860E-04 -0.2939176E-03  0.5880154E-03 -0.5993411E+00
   01  0.4280958E+00  0.5997596E+00  0.3791920E-03 -0.1211596E-03  0.4006936E+00 -0.1457882E-03 -0.2020774E-03  0.4532220E-03 -0.5993064E+00
   01  0.4371625E+00  0.5995732E+00  0.2173033E-03  0.8273825E-04  0.4007224E+00 -0.3187385E-03 -0.9592427E-04  0.2955796E-03 -0.5992776E+00
   01  0.4462292E+00  0.5994080E+00  0.1183179E-03  0.2271573E-03  0.4007681E+00 -0.4570427E-03 -0.2427204E-04  0.1761547E-03 -0.5992319E+00
   01  0.4552997E+00  0.5992924E+00  0.1203509E-03  0.2579804E-03  0.4008457E+00 -0.5319949E-03 -0.2285860E-04  0.1381352E-03 -0.5991543E+00
   01  0.4643784E+00  0.5992196E+00  0.1814642E-03  0.2262706E-03  0.4009394E+00 -0.5635904E-03 -0.6332677E-04  0.1590936E-03 -0.5990606E+00
   01  0.4734633E+00  0.5991695E+00  0.2586017E-03  0.1581311E-03  0.4010399E+00 -0.5788095E-03 -0.1252749E-03  0.2093564E-03 -0.5989601E+00
   01  0.4825485E+00  0.5991290E+00  0.3246757E-03  0.8520244E-04  0.4011356E+00 -0.5951195E-03 -0.1894593E-03  0.2645543E-03 -0.5988644E+00
   01  0.4916343E+00  0.5990887E+00  0.3720106E-03  0.2240806E-04  0.4012208E+00 -0.6171993E-03 -0.2460042E-03  0.3095436E-03 -0.5987792E+00
   01  0.5007210E+00  0.5990428E+00  0.4041888E-03 -0.1625850E-04  0.4012903E+00 -0.6426797E-03 -0.2860391E-03  0.3331609E-03 -0.5987097E+00
   01  0.5098077E+00  0.5989882E+00  0.4314348E-03 -0.1143049E-04  0.4013401E+00 -0.6645182E-03 -0.2976811E-03  0.3282626E-03 -0.5986599E+00
   01  0.5188946E+00  0.5989336E+00  0.4539495E-03  0.1779906E-04  0.4013781E+00 -0.6824116E-03 -0.2923446E-03  0.3117358E-03 -0.5986219E+00
   01  0.5279814E+00  0.5988831E+00  0.4746942E-03  0.6753715E-04  0.4014071E+00 -0.6959993E-03 -0.2728905E-03  0.2901806E-03 -0.5985929E+00
   01  0.5370682E+00  0.5988354E+00  0.4930542E-03  0.1441992E-03  0.4014246E+00 -0.7048629E-03 -0.2346485E-03  0.2599399E-03 -0.5985754E+00
   01  0.5461550E+00  0.5987946E+00  0.5094665E-03  0.2286403E-03  0.4014337E+00 -0.7089682E-03 -0.1883933E-03  0.2283007E-03 -0.5985663E+00
   01  0.5552421E+00  0.5987691E+00  0.5285125E-03  0.2942364E-03  0.4014331E+00 -0.7025494E-03 -0.1506806E-03  0.2021355E-03 -0.5985669E+00
   01  0.5643297E+00  0.5987635E+00  0.5547614E-03  0.3205056E-03  0.4014219E+00 -0.6805198E-03 -0.1346676E-03  0.1853269E-03 -0.5985781E+00
   01  0.5734177E+00  0.5987734E+00  0.5807469E-03  0.3199001E-03  0.4013972E+00 -0.6473137E-03 -0.1335452E-03  0.1706185E-03 -0.5986028E+00
   01  0.5825060E+00  0.5987942E+00  0.6046267E-03  0.3045111E-03  0.4013582E+00 -0.6051763E-03 -0.1399757E-03  0.1523873E-03 -0.5986418E+00
   01  0.5915944E+00  0.5988217E+00  0.6261724E-03  0.2760350E-03  0.4013069E+00 -0.5563372E-03 -0.1522309E-03  0.1285378E-03 -0.5986931E+00
   01  0.6006829E+00  0.5988559E+00  0.6429796E-03  0.2417944E-03  0.4012436E+00 -0.5025705E-03 -0.1660233E-03  0.9948863E-04 -0.5987564E+00
   01  0.6097713E+00  0.5988983E+00  0.6525949E-03  0.2052263E-03  0.4011702E+00 -0.4459360E-03 -0.1795627E-03  0.6848337E-04 -0.5988298E+00
   01  0.6188597E+00  0.5989505E+00  0.6521324E-03  0.1706421E-03  0.4010877E+00 -0.3892010E-03 -0.1897533E-03  0.3818434E-04 -0.5989123E+00
   01  0.6279479E+00  0.5990137E+00  0.6391883E-03  0.1389493E-03  0.4009974E+00 -0.3338961E-03 -0.1955448E-03  0.1111472E-04 -0.5990026E+00
   01  0.6370362E+00  0.5990875E+00  0.6142338E-03  0.1116090E-03  0.4009009E+00 -0.2801337E-03 -0.1970010E-03 -0.1162290E-04 -0.5990991E+00
   01  0.6461244E+00  0.5991687E+00  0.5789949E-03  0.9050607E-04  0.4008008E+00 -0.2289157E-03 -0.1934571E-03 -0.3041699E-04 -0.5991992E+00
   01  0.6552127E+00  0.5992567E+00  0.5348580E-03  0.7455537E-04  0.4006985E+00 -0.1803193E-03 -0.1847616E-03 -0.4480066E-04 -0.5993015E+00
   01  0.6643011E+00  0.5993516E+00  0.4841187E-03  0.6083086E-04  0.4005958E+00 -0.1340275E-03 -0.1731371E-03 -0.5254181E-04 -0.5994042E+00
   01  0.6733896E+00  0.5994510E+00  0.4309178E-03  0.4708702E-04  0.4004958E+00 -0.9009777E-04 -0.1605279E-03 -0.5317776E-04 -0.5995042E+00
   01  0.6824782E+00  0.5995533E+00  0.3774884E-03  0.3297068E-04  0.4003989E+00 -0.4762802E-04 -0.1474123E-03 -0.4772307E-04 -0.5996011E+00
   01  0.6915669E+00  0.5996553E+00  0.3247986E-03  0.1913308E-04  0.4003061E+00 -0.7380389E-05 -0.1337994E-03 -0.3858703E-04 -0.5996939E+00
   01  0.7006556E+00  0.5997530E+00  0.2731122E-03  0.7711546E-05  0.4002198E+00  0.2843797E-04 -0.1187182E-03 -0.2722987E-04 -0.5997802E+00
   01  0.7097442E+00  0.5998447E+00  0.2217598E-03  0.8235547E-06  0.4001407E+00  0.5857115E-04 -0.1011756E-03 -0.1467761E-04 -0.5998593E+00
   01  0.7188328E+00  0.5999288E+00  0.1699478E-03 -0.2101009E-05  0.4000694E+00  0.8187319E-04 -0.8156956E-04 -0.1784642E-05 -0.5999306E+00
   01  0.7279215E+00  0.6000046E+00  0.1186656E-03 -0.2489992E-05  0.4000056E+00  0.9869586E-04 -0.6067989E-04  0.1026114E-04 -0.5999944E+00
   01  0.7370104E+00  0.6000714E+00  0.7018989E-04 -0.2068216E-05  0.3999492E+00  0.1101409E-03 -0.3956387E-04  0.2061106E-04 -0.6000508E+00
   01  0.7460995E+00  0.6001308E+00  0.2569593E-04 -0.2535959E-05  0.3998990E+00  0.1182799E-03 -0.1938964E-04  0.2981553E-04 -0.6001010E+00
   01  0.7551888E+00  0.6001822E+00 -0.1365733E-04 -0.3769951E-05  0.3998561E+00  0.1236489E-03 -0.4912146E-06  0.3821878E-04 -0.6001439E+00
   01  0.7642782E+00  0.6002257E+00 -0.4716492E-04 -0.4640690E-05  0.3998204E+00  0.1270102E-03  0.1740428E-04  0.4609324E-04 -0.6001796E+00
   01  0.7733677E+00  0.6002588E+00 -0.7350448E-04 -0.4300549E-05  0.3997943E+00  0.1273938E-03  0.3441720E-04  0.5312647E-04 -0.6002057E+00
   01  0.7824572E+00  0.6002814E+00 -0.9184671E-04 -0.1997103E-05  0.3997784E+00  0.1243941E-03  0.5081163E-04  0.5975708E-04 -0.6002216E+00
   01  0.7915467E+00  0.6002947E+00 -0.1016145E-03  0.2555838E-05  0.3997725E+00  0.1192120E-03  0.6656033E-04  0.6727738E-04 -0.6002275E+00
   01  0.8006361E+00  0.6003006E+00 -0.1019427E-03  0.9067494E-05  0.3997770E+00  0.1134478E-03  0.8120600E-04  0.7758728E-04 -0.6002230E+00
   01  0.8097258E+00  0.6003014E+00 -0.9141730E-04  0.1827733E-04  0.3997911E+00  0.1089210E-03  0.9560165E-04  0.9259762E-04 -0.6002089E+00
   01  0.8188159E+00  0.6003000E+00 -0.6884420E-04  0.3149884E-04  0.3998135E+00  0.1076340E-03  0.1109366E-03  0.1134765E-03 -0.6001865E+00
   01  0.8279065E+00  0.6002966E+00 -0.3533713E-04  0.4965379E-04  0.3998423E+00  0.1103399E-03  0.1278510E-03  0.1389007E-03 -0.6001577E+00
   01  0.8369972E+00  0.6002879E+00  0.4930692E-05  0.6977268E-04  0.3998774E+00  0.1141307E-03  0.1442838E-03  0.1652848E-03 -0.6001226E+00
   01  0.8460881E+00  0.6002710E+00  0.4336339E-04  0.8518175E-04  0.3999147E+00  0.1141433E-03  0.1565163E-03  0.1857634E-03 -0.6000853E+00
   01  0.8551789E+00  0.6002433E+00  0.6975082E-04  0.8856411E-04  0.3999506E+00  0.1048584E-03  0.1599126E-03  0.1939413E-03 -0.6000494E+00
   01  0.8642698E+00  0.6002036E+00  0.8048846E-04  0.7924272E-04  0.3999830E+00  0.8481694E-04  0.1537036E-03  0.1865850E-03 -0.6000170E+00
   01  0.8733609E+00  0.6001530E+00  0.7208108E-04  0.5450610E-04  0.4000108E+00  0.5314460E-04  0.1358397E-03  0.1638215E-03 -0.5999892E+00
   01  0.8824521E+00  0.6000949E+00  0.4877860E-04  0.1777886E-04  0.4000342E+00  0.1246441E-04  0.1092236E-03  0.1290914E-03 -0.5999658E+00
   01  0.8915433E+00  0.6000336E+00  0.2283890E-04 -0.2099630E-04  0.4000568E+00 -0.3027625E-04  0.7967379E-04  0.9041189E-04 -0.5999432E+00
   01  0.9006345E+00  0.5999748E+00  0.6473369E-05 -0.5107019E-04  0.4000831E+00 -0.6736791E-04  0.5379435E-04  0.5785626E-04 -0.5999169E+00
   01  0.9097257E+00  0.5999245E+00  0.1098326E-04 -0.6307598E-04  0.4001151E+00 -0.9130834E-04  0.3754083E-04  0.3963464E-04 -0.5998849E+00
   01  0.9188169E+00  0.5998831E+00  0.3463698E-04 -0.5893405E-04  0.4001530E+00 -0.1023660E-03  0.2960608E-04  0.3618848E-04 -0.5998470E+00
   01  0.9279081E+00  0.5998490E+00  0.6836969E-04 -0.4281157E-04  0.4001933E+00 -0.1047129E-03  0.2732557E-04  0.4236593E-04 -0.5998067E+00
   01  0.9369993E+00  0.5998182E+00  0.1032101E-03 -0.2228354E-04  0.4002334E+00 -0.1033571E-03  0.2601479E-04  0.5159665E-04 -0.5997666E+00
   01  0.9460906E+00  0.5997870E+00  0.1292888E-03 -0.3672788E-05  0.4002716E+00 -0.1049218E-03  0.2166093E-04  0.5862861E-04 -0.5997284E+00
   01  0.9551818E+00  0.5997538E+00  0.1425412E-03  0.9929006E-05  0.4003071E+00 -0.1123242E-03  0.1246085E-04  0.6081470E-04 -0.5996929E+00
   01  0.9642730E+00  0.5997208E+00  0.1441506E-03  0.1912384E-04  0.4003394E+00 -0.1250278E-03 -0.5012339E-06  0.6024713E-04 -0.5996606E+00
   01  0.9733642E+00  0.5996916E+00  0.1388168E-03  0.2618335E-04  0.4003688E+00 -0.1400369E-03 -0.1516833E-04  0.6040464E-04 -0.5996312E+00
   01  0.9824554E+00  0.5996688E+00  0.1297210E-03  0.3287887E-04  0.4003955E+00 -0.1547671E-03 -0.2993898E-04  0.6430770E-04 -0.5996045E+00
   01  0.9915467E+00  0.5996541E+00  0.1190821E-03  0.4070635E-04  0.4004183E+00 -0.1665574E-03 -0.4342655E-04  0.7238127E-04 -0.5995817E+00
