# gauge_id=     3 location=(   0.2000000E+00   0.0000000E+00 ) num_var=  8
 # level, time, q[  1  2  3  4  5  6], eta[  1  2], aux[]
   01  0.0000000E+00  0.2199336E+00  0.0000000E+00  0.0000000E+00  0.0000000E+00  0.0000000E+00  0.0000000E+00  0.1993358E-01 -0.2000000E+00
   01  0.2250000E-02  0.2199336E+00 -0.3376744E-18  0.1056591E-17  0.0000000E+00  0.0000000E+00  0.0000000E+00  0.1993358E-01 -0.2000000E+00
   01  0.1123843E-01  0.2199336E+00  0.6778167E-19  0.5488130E-17  0.0000000E+00  0.0000000E+00  0.0000000E+00  0.1993358E-01 -0.2000000E+00
   01  0.2024300E-01  0.2199336E+00 -0.1791997E-10 -0.3470759E-14  0.0000000E+00  0.0000000E+00  0.0000000E+00  0.1993358E-01 -0.2000000E+00
   01  0.2928417E-01  0.2199335E+00 -0.1947433E-07 -0.4358877E-07  0.0000000E+00  0.0000000E+00  0.0000000E+00  0.1993353E-01 -0.2000000E+00
   01  0.3833298E-01  0.2199374E+00  0.7041865E-05  0.1793224E-05  0.0000000E+00  0.0000000E+00  0.0000000E+00  0.1993739E-01 -0.2000000E+00
   01  0.4738440E-01  0.2200238E+00  0.1241410E-03  0.7095903E-04  0.0000000E+00  0.0000000E+00  0.0000000E+00  0.2002378E-01 -0.2000000E+00
   01  0.5643778E-01  0.2207749E+00  0.9096622E-03  0.7723251E-03  0.0000000E+00  0.0000000E+00  0.0000000E+00  0.2077494E-01 -0.2000000E+00
   01  0.6549277E-01  0.2231780E+00  0.3253017E-02  0.3003061E-02  0.0000000E+00  0.0000000E+00  0.0000000E+00  0.2317797E-01 -0.2000000E+00
   01  0.7454907E-01  0.2262268E+00  0.6630929E-02  0.5654029E-02  0.0000000E+00  0.0000000E+00  0.0000000E+00  0.2622679E-01 -0.2000000E+00
   01  0.8360645E-01  0.2279075E+00  0.8807774E-02  0.7117911E-02  0.0000000E+00  0.0000000E+00  0.0000000E+00  0.2790752E-01 -0.2000000E+00
   01  0.9266474E-01  0.2269674E+00  0.7903601E-02  0.6091846E-02  0.0000000E+00  0.0000000E+00  0.0000000E+00  0.2696743E-01 -0.2000000E+00
   01  0.1017238E+00  0.2240859E+00  0.4956808E-02  0.3639584E-02  0.0000000E+00  0.0000000E+00  0.0000000E+00  0.2408588E-01 -0.2000000E+00
   01  0.1107836E+00  0.2218800E+00  0.2155065E-02  0.1720875E-02  0.0000000E+00  0.0000000E+00  0.0000000E+00  0.2188005E-01 -0.2000000E+00
   01  0.1198439E+00  0.2201612E+00  0.2170402E-03  0.2985009E-03  0.0000000E+00  0.0000000E+00  0.0000000E+00  0.2016118E-01 -0.2000000E+00
   01  0.1289048E+00  0.2193357E+00 -0.6858919E-03 -0.2375994E-03  0.0000000E+00  0.0000000E+00  0.0000000E+00  0.1933572E-01 -0.2000000E+00
   01  0.1379661E+00  0.2192074E+00 -0.9137028E-03 -0.1875399E-03  0.0000000E+00  0.0000000E+00  0.0000000E+00  0.1920742E-01 -0.2000000E+00
   01  0.1470280E+00  0.2192190E+00 -0.8793427E-03 -0.1493472E-03  0.0000000E+00  0.0000000E+00  0.0000000E+00  0.1921904E-01 -0.2000000E+00
   01  0.1560903E+00  0.2192365E+00 -0.8083708E-03 -0.1699365E-03  0.0000000E+00  0.0000000E+00  0.0000000E+00  0.1923651E-01 -0.2000000E+00
   01  0.1651530E+00  0.2192154E+00 -0.7863344E-03 -0.2532882E-03  0.0000000E+00  0.0000000E+00  0.0000000E+00  0.1921542E-01 -0.2000000E+00
   01  0.1742161E+00  0.2191472E+00 -0.8128203E-03 -0.3413462E-03  0.0000000E+00  0.0000000E+00  0.0000000E+00  0.1914719E-01 -0.2000000E+00
   01  0.1832797E+00  0.2190563E+00 -0.8616206E-03 -0.4528195E-03  0.0000000E+00  0.0000000E+00  0.0000000E+00  0.1905627E-01 -0.2000000E+00
   01  0.1923436E+00  0.2189451E+00 -0.8979304E-03 -0.6412616E-03  0.0000000E+00  0.0000000E+00  0.0000000E+00  0.1894508E-01 -0.2000000E+00
   01  0.2014079E+00  0.2188453E+00 -0.9016810E-03 -0.8965072E-03  0.0000000E+00  0.0000000E+00  0.0000000E+00  0.1884529E-01 -0.2000000E+00
   01  0.2104727E+00  0.2187865E+00 -0.8593355E-03 -0.1155202E-02  0.0000000E+00  0.0000000E+00  0.0000000E+00  0.1878648E-01 -0.2000000E+00
   01  0.2195378E+00  0.2187842E+00 -0.7751901E-03 -0.1333960E-02  0.0000000E+00  0.0000000E+00  0.0000000E+00  0.1878420E-01 -0.2000000E+00
   01  0.2286034E+00  0.2188624E+00 -0.6635054E-03 -0.1376367E-02  0.0000000E+00  0.0000000E+00  0.0000000E+00  0.1886241E-01 -0.2000000E+00
   01  0.2376694E+00  0.2189949E+00 -0.5330254E-03 -0.1299704E-02  0.0000000E+00  0.0000000E+00  0.0000000E+00  0.1899486E-01 -0.2000000E+00
   01  0.2467358E+00  0.2191425E+00 -0.4123617E-03 -0.1135741E-02  0.0000000E+00  0.0000000E+00  0.0000000E+00  0.1914252E-01 -0.2000000E+00
   01  0.2558027E+00  0.2193048E+00 -0.2967213E-03 -0.9071414E-03  0.0000000E+00  0.0000000E+00  0.0000000E+00  0.1930477E-01 -0.2000000E+00
   01  0.2648698E+00  0.2194631E+00 -0.1970092E-03 -0.6523594E-03  0.0000000E+00  0.0000000E+00  0.0000000E+00  0.1946311E-01 -0.2000000E+00
   01  0.2739369E+00  0.2196081E+00 -0.1106625E-03 -0.3966863E-03  0.0000000E+00  0.0000000E+00  0.0000000E+00  0.1960811E-01 -0.2000000E+00
   01  0.2830042E+00  0.2197340E+00 -0.3386796E-04 -0.1597640E-03  0.0000000E+00  0.0000000E+00  0.0000000E+00  0.1973399E-01 -0.2000000E+00
   01  0.2920715E+00  0.2198504E+00  0.3930262E-04  0.3449201E-04  0.0000000E+00  0.0000000E+00  0.0000000E+00  0.1985039E-01 -0.2000000E+00
   01  0.3011391E+00  0.2199611E+00  0.1215170E-03  0.1784342E-03  0.0000000E+00  0.0000000E+00  0.0000000E+00  0.1996114E-01 -0.2000000E+00
   01  0.3102067E+00  0.2200677E+00  0.2115280E-03  0.2738449E-03  0.0000000E+00  0.0000000E+00  0.0000000E+00  0.2006770E-01 -0.2000000E+00
   01  0.3192746E+00  0.2201726E+00  0.3098588E-03  0.3338545E-03  0.0000000E+00  0.0000000E+00  0.0000000E+00  0.2017259E-01 -0.2000000E+00
   01  0.3283426E+00  0.2202697E+00  0.4086012E-03  0.3697604E-03  0.0000000E+00  0.0000000E+00  0.0000000E+00  0.2026967E-01 -0.2000000E+00
   01  0.3374106E+00  0.2203523E+00  0.4956365E-03  0.3809971E-03  0.0000000E+00  0.0000000E+00  0.0000000E+00  0.2035234E-01 -0.2000000E+00
   01  0.3464788E+00  0.2204057E+00  0.5527155E-03  0.3702606E-03  0.0000000E+00  0.0000000E+00  0.0000000E+00  0.2040572E-01 -0.2000000E+00
   01  0.3555471E+00  0.2204253E+00  0.5758399E-03  0.3401669E-03  0.0000000E+00  0.0000000E+00  0.0000000E+00  0.2042533E-01 -0.2000000E+00
   01  0.3646155E+00  0.2204130E+00  0.5622304E-03  0.3015383E-03  0.0000000E+00  0.0000000E+00  0.0000000E+00  0.2041298E-01 -0.2000000E+00
   01  0.3736841E+00  0.2203775E+00  0.5257653E-03  0.2569460E-03  0.0000000E+00  0.0000000E+00  0.0000000E+00  0.2037747E-01 -0.2000000E+00
   01  0.3827527E+00  0.2203253E+00  0.4714732E-03  0.2129415E-03  0.0000000E+00  0.0000000E+00  0.0000000E+00  0.2032535E-01 -0.2000000E+00
   01  0.3918215E+00  0.2202612E+00  0.3978081E-03  0.1724071E-03  0.0000000E+00  0.0000000E+00  0.0000000E+00  0.2026122E-01 -0.2000000E+00
   01  0.4008905E+00  0.2201911E+00  0.3099831E-03  0.1309316E-03  0.0000000E+00  0.0000000E+00  0.0000000E+00  0.2019112E-01 -0.2000000E+00
   01  0.4099597E+00  0.2201198E+00  0.2192648E-03  0.9161564E-04  0.0000000E+00  0.0000000E+00  0.0000000E+00  0.2011982E-01 -0.2000000E+00
   01  0.4190286E+00  0.2200561E+00  0.1345295E-03  0.5770050E-04  0.0000000E+00  0.0000000E+00  0.0000000E+00  0.2005612E-01 -0.2000000E+00
   01  0.4280958E+00  0.2200136E+00  0.7262415E-04  0.2411508E-04  0.0000000E+00  0.0000000E+00  0.0000000E+00  0.2001364E-01 -0.2000000E+00
   01  0.4371625E+00  0.2199909E+00  0.3508797E-04 -0.9539393E-05  0.0000000E+00  0.0000000E+00  0.0000000E+00  0.1999092E-01 -0.2000000E+00
   01  0.4462292E+00  0.2200037E+00  0.4552405E-04 -0.3881559E-04  0.0000000E+00  0.0000000E+00  0.0000000E+00  0.2000374E-01 -0.2000000E+00
   01  0.4552997E+00  0.2200582E+00  0.1153950E-03 -0.6869227E-04  0.0000000E+00  0.0000000E+00  0.0000000E+00  0.2005821E-01 -0.2000000E+00
   01  0.4643784E+00  0.2201514E+00  0.2370493E-03 -0.1009733E-03  0.0000000E+00  0.0000000E+00  0.0000000E+00  0.2015142E-01 -0.2000000E+00
   01  0.4734633E+00  0.2202800E+00  0.4065694E-03 -0.1301444E-03  0.0000000E+00  0.0000000E+00  0.0000000E+00  0.2028002E-01 -0.2000000E+00
   01  0.4825485E+00  0.2203854E+00  0.5442678E-03 -0.1468346E-03  0.0000000E+00  0.0000000E+00  0.0000000E+00  0.2038540E-01 -0.2000000E+00
   01  0.4916343E+00  0.2204527E+00  0.6211412E-03 -0.1286675E-03  0.0000000E+00  0.0000000E+00  0.0000000E+00  0.2045267E-01 -0.2000000E+00
   01  0.5007210E+00  0.2204771E+00  0.6336127E-03 -0.8234669E-04  0.0000000E+00  0.0000000E+00  0.0000000E+00  0.2047707E-01 -0.2000000E+00
   01  0.5098077E+00  0.2204456E+00  0.5660676E-03 -0.1713438E-04  0.0000000E+00  0.0000000E+00  0.0000000E+00  0.2044562E-01 -0.2000000E+00
   01  0.5188946E+00  0.2203788E+00  0.4512150E-03  0.5756614E-04  0.0000000E+00  0.0000000E+00  0.0000000E+00  0.2037879E-01 -0.2000000E+00
   01  0.5279814E+00  0.2203019E+00  0.3285851E-03  0.1266556E-03  0.0000000E+00  0.0000000E+00  0.0000000E+00  0.2030189E-01 -0.2000000E+00
   01  0.5370682E+00  0.2202382E+00  0.2298062E-03  0.1724668E-03  0.0000000E+00  0.0000000E+00  0.0000000E+00  0.2023824E-01 -0.2000000E+00
   01  0.5461550E+00  0.2201871E+00  0.1577358E-03  0.1871052E-03  0.0000000E+00  0.0000000E+00  0.0000000E+00  0.2018714E-01 -0.2000000E+00
   01  0.5552421E+00  0.2201525E+00  0.1106744E-03  0.1859612E-03  0.0000000E+00  0.0000000E+00  0.0000000E+00  0.2015245E-01 -0.2000000E+00
   01  0.5643297E+00  0.2201188E+00  0.7468004E-04  0.1678928E-03  0.0000000E+00  0.0000000E+00  0.0000000E+00  0.2011876E-01 -0.2000000E+00
   01  0.5734177E+00  0.2200832E+00  0.4099491E-04  0.1416314E-03  0.0000000E+00  0.0000000E+00  0.0000000E+00  0.2008324E-01 -0.2000000E+00
   01  0.5825060E+00  0.2200414E+00  0.3129179E-06  0.1134455E-03  0.0000000E+00  0.0000000E+00  0.0000000E+00  0.2004143E-01 -0.2000000E+00
   01  0.5915944E+00  0.2199955E+00 -0.4643765E-04  0.8528672E-04  0.0000000E+00  0.0000000E+00  0.0000000E+00  0.1999554E-01 -0.2000000E+00
   01  0.6006829E+00  0.2199527E+00 -0.8930056E-04  0.6035252E-04  0.0000000E+00  0.0000000E+00  0.0000000E+00  0.1995273E-01 -0.2000000E+00
   01  0.6097713E+00  0.2199175E+00 -0.1232197E-03  0.3913917E-04  0.0000000E+00  0.0000000E+00  0.0000000E+00  0.1991750E-01 -0.2000000E+00
   01  0.6188597E+00  0.2198925E+00 -0.1454020E-03  0.2123671E-04  0.0000000E+00  0.0000000E+00  0.0000000E+00  0.1989253E-01 -0.2000000E+00
   01  0.6279479E+00  0.2198786E+00 -0.1564084E-03  0.8393991E-05  0.0000000E+00  0.0000000E+00  0.0000000E+00  0.1987861E-01 -0.2000000E+00
   01  0.6370362E+00  0.2198765E+00 -0.1545288E-03  0.1389052E-05  0.0000000E+00  0.0000000E+00  0.0000000E+00  0.1987646E-01 -0.2000000E+00
   01  0.6461244E+00  0.2198855E+00 -0.1433767E-03  0.1321872E-05  0.0000000E+00  0.0000000E+00  0.0000000E+00  0.1988553E-01 -0.2000000E+00
   01  0.6552127E+00  0.2199067E+00 -0.1249071E-03  0.9379289E-05  0.0000000E+00  0.0000000E+00  0.0000000E+00  0.1990668E-01 -0.2000000E+00
   01  0.6643011E+00  0.2199349E+00 -0.9994828E-04  0.2213246E-04  0.0000000E+00  0.0000000E+00  0.0000000E+00  0.1993488E-01 -0.2000000E+00
   01  0.6733896E+00  0.2199655E+00 -0.7266861E-04  0.3772564E-04  0.0000000E+00  0.0000000E+00  0.0000000E+00  0.1996553E-01 -0.2000000E+00
   01  0.6824782E+00  0.2199949E+00 -0.4682818E-04  0.5276408E-04  0.0000000E+00  0.0000000E+00  0.0000000E+00  0.1999495E-01 -0.2000000E+00
   01  0.6915669E+00  0.2200184E+00 -0.2568207E-04  0.6574218E-04  0.0000000E+00  0.0000000E+00  0.0000000E+00  0.2001844E-01 -0.2000000E+00
   01  0.7006556E+00  0.2200339E+00 -0.1215462E-04  0.7700106E-04  0.0000000E+00  0.0000000E+00  0.0000000E+00  0.2003394E-01 -0.2000000E+00
   01  0.7097442E+00  0.2200426E+00 -0.6172645E-05  0.8679716E-04  0.0000000E+00  0.0000000E+00  0.0000000E+00  0.2004259E-01 -0.2000000E+00
   01  0.7188328E+00  0.2200466E+00 -0.5767909E-05  0.9525486E-04  0.0000000E+00  0.0000000E+00  0.0000000E+00  0.2004661E-01 -0.2000000E+00
   01  0.7279215E+00  0.2200496E+00 -0.8581449E-05  0.1020230E-03  0.0000000E+00  0.0000000E+00  0.0000000E+00  0.2004955E-01 -0.2000000E+00
   01  0.7370104E+00  0.2200518E+00 -0.1401000E-04  0.1071321E-03  0.0000000E+00  0.0000000E+00  0.0000000E+00  0.2005180E-01 -0.2000000E+00
   01  0.7460995E+00  0.2200542E+00 -0.2063779E-04  0.1092440E-03  0.0000000E+00  0.0000000E+00  0.0000000E+00  0.2005421E-01 -0.2000000E+00
   01  0.7551888E+00  0.2200574E+00 -0.2857433E-04  0.1082053E-03  0.0000000E+00  0.0000000E+00  0.0000000E+00  0.2005744E-01 -0.2000000E+00
   01  0.7642782E+00  0.2200610E+00 -0.3742901E-04  0.1036844E-03  0.0000000E+00  0.0000000E+00  0.0000000E+00  0.2006100E-01 -0.2000000E+00
   01  0.7733677E+00  0.2200640E+00 -0.4657439E-04  0.9520660E-04  0.0000000E+00  0.0000000E+00  0.0000000E+00  0.2006401E-01 -0.2000000E+00
   01  0.7824572E+00  0.2200658E+00 -0.5571365E-04  0.8408406E-04  0.0000000E+00  0.0000000E+00  0.0000000E+00  0.2006576E-01 -0.2000000E+00
   01  0.7915467E+00  0.2200653E+00 -0.6489200E-04  0.7047761E-04  0.0000000E+00  0.0000000E+00  0.0000000E+00  0.2006532E-01 -0.2000000E+00
   01  0.8006361E+00  0.2200618E+00 -0.7378524E-04  0.5367651E-04  0.0000000E+00  0.0000000E+00  0.0000000E+00  0.2006183E-01 -0.2000000E+00
   01  0.8097258E+00  0.2200554E+00 -0.8204435E-04  0.3426943E-04  0.0000000E+00  0.0000000E+00  0.0000000E+00  0.2005543E-01 -0.2000000E+00
   01  0.8188159E+00  0.2200460E+00 -0.9001965E-04  0.1310225E-04  0.0000000E+00  0.0000000E+00  0.0000000E+00  0.2004597E-01 -0.2000000E+00
   01  0.8279065E+00  0.2200340E+00 -0.9719976E-04 -0.8375824E-05  0.0000000E+00  0.0000000E+00  0.0000000E+00  0.2003402E-01 -0.2000000E+00
   01  0.8369972E+00  0.2200198E+00 -0.1027352E-03 -0.2807021E-04  0.0000000E+00  0.0000000E+00  0.0000000E+00  0.2001978E-01 -0.2000000E+00
   01  0.8460881E+00  0.2200043E+00 -0.1059149E-03 -0.4335795E-04  0.0000000E+00  0.0000000E+00  0.0000000E+00  0.2000435E-01 -0.2000000E+00
   01  0.8551789E+00  0.2199909E+00 -0.1057031E-03 -0.5164488E-04  0.0000000E+00  0.0000000E+00  0.0000000E+00  0.1999092E-01 -0.2000000E+00
   01  0.8642698E+00  0.2199817E+00 -0.1001303E-03 -0.5322771E-04  0.0000000E+00  0.0000000E+00  0.0000000E+00  0.1998167E-01 -0.2000000E+00
   01  0.8733609E+00  0.2199800E+00 -0.8654925E-04 -0.4663882E-04  0.0000000E+00  0.0000000E+00  0.0000000E+00  0.1998003E-01 -0.2000000E+00
   01  0.8824521E+00  0.2199882E+00 -0.6282795E-04 -0.3208249E-04  0.0000000E+00  0.0000000E+00  0.0000000E+00  0.1998817E-01 -0.2000000E+00
   01  0.8915433E+00  0.2200076E+00 -0.2912266E-04 -0.8377145E-05  0.0000000E+00  0.0000000E+00  0.0000000E+00  0.2000763E-01 -0.2000000E+00
   01  0.9006345E+00  0.2200397E+00  0.1499388E-04  0.2509982E-04  0.0000000E+00  0.0000000E+00  0.0000000E+00  0.2003970E-01 -0.2000000E+00
   01  0.9097257E+00  0.2200804E+00  0.6703690E-04  0.6392947E-04  0.0000000E+00  0.0000000E+00  0.0000000E+00  0.2008042E-01 -0.2000000E+00
   01  0.9188169E+00  0.2201191E+00  0.1158768E-03  0.9986978E-04  0.0000000E+00  0.0000000E+00  0.0000000E+00  0.2011913E-01 -0.2000000E+00
   01  0.9279081E+00  0.2201446E+00  0.1479355E-03  0.1255189E-03  0.0000000E+00  0.0000000E+00  0.0000000E+00  0.2014461E-01 -0.2000000E+00
   01  0.9369993E+00  0.2201530E+00  0.1561006E-03  0.1403602E-03  0.0000000E+00  0.0000000E+00  0.0000000E+00  0.2015301E-01 -0.2000000E+00
   01  0.9460906E+00  0.2201370E+00  0.1396491E-03  0.1347172E-03  0.0000000E+00  0.0000000E+00  0.0000000E+00  0.2013697E-01 -0.2000000E+00
   01  0.9551818E+00  0.2201023E+00  0.1034088E-03  0.1145662E-03  0.0000000E+00  0.0000000E+00  0.0000000E+00  0.2010230E-01 -0.2000000E+00
   01  0.9642730E+00  0.2200581E+00  0.5414358E-04  0.9065973E-04  0.0000000E+00  0.0000000E+00  0.0000000E+00  0.2005812E-01 -0.2000000E+00
   01  0.9733642E+00  0.2200093E+00  0.1233283E-05  0.6566372E-04  0.0000000E+00  0.0000000E+00  0.0000000E+00  0.2000931E-01 -0.2000000E+00
   01  0.9824554E+00  0.2199737E+00 -0.3809623E-04  0.5180123E-04  0.0000000E+00  0.0000000E+00  0.0000000E+00  0.1997370E-01 -0.2000000E+00
   01  0.9915467E+00  0.2199545E+00 -0.5916702E-04  0.5043419E-04  0.0000000E+00  0.0000000E+00  0.0000000E+00  0.1995446E-01 -0.2000000E+00
