# gauge_id=     4 location=(   0.3000000E+00   0.0000000E+00 ) num_var=  8
 # level, time, q[  1  2  3  4  5  6], eta[  1  2], aux[]
   01  0.0000000E+00  0.2000000E+00  0.0000000E+00  0.0000000E+00  0.0000000E+00  0.0000000E+00  0.0000000E+00 -0.1110223E-15 -0.2000000E+00
   01  0.2250000E-02  0.2000000E+00  0.2356911E-18 -0.8992575E-18  0.0000000E+00  0.0000000E+00  0.0000000E+00 -0.1110223E-15 -0.2000000E+00
   01  0.1123843E-01  0.2000000E+00  0.1112615E-17 -0.4260837E-17  0.0000000E+00  0.0000000E+00  0.0000000E+00 -0.1110223E-15 -0.2000000E+00
   01  0.2024300E-01  0.2000000E+00  0.1757749E-17 -0.6544424E-17  0.0000000E+00  0.0000000E+00  0.0000000E+00 -0.1110223E-15 -0.2000000E+00
   01  0.2928417E-01  0.2000000E+00  0.2552600E-17 -0.7996462E-17  0.0000000E+00  0.0000000E+00  0.0000000E+00 -0.1110223E-15 -0.2000000E+00
   01  0.3833298E-01  0.2000000E+00  0.3271486E-17 -0.7007926E-17  0.0000000E+00  0.0000000E+00  0.0000000E+00 -0.1110223E-15 -0.2000000E+00
   01  0.4738440E-01  0.2000000E+00 -0.1036730E-12 -0.1161422E-16  0.0000000E+00  0.0000000E+00  0.0000000E+00 -0.7413514E-13 -0.2000000E+00
   01  0.5643778E-01  0.2000000E+00 -0.4700472E-08 -0.1689659E-08  0.0000000E+00  0.0000000E+00  0.0000000E+00 -0.4562011E-08 -0.2000000E+00
   01  0.6549277E-01  0.2000000E+00  0.4405915E-07  0.2639350E-09  0.0000000E+00  0.0000000E+00  0.0000000E+00  0.3289901E-07 -0.2000000E+00
   01  0.7454907E-01  0.2000009E+00  0.1199427E-05  0.1544381E-06  0.0000000E+00  0.0000000E+00  0.0000000E+00  0.9484330E-06 -0.2000000E+00
   01  0.8360645E-01  0.2000101E+00  0.1249698E-04  0.2343318E-05  0.0000000E+00  0.0000000E+00  0.0000000E+00  0.1008978E-04 -0.2000000E+00
   01  0.9266474E-01  0.2000634E+00  0.7737326E-04  0.1884428E-04  0.0000000E+00  0.0000000E+00  0.0000000E+00  0.6337699E-04 -0.2000000E+00
   01  0.1017238E+00  0.2004914E+00  0.5908032E-03  0.1508570E-03  0.0000000E+00  0.0000000E+00  0.0000000E+00  0.4913546E-03 -0.2000000E+00
   01  0.1107836E+00  0.2021282E+00  0.2364800E-02  0.1067505E-02  0.0000000E+00  0.0000000E+00  0.0000000E+00  0.2128247E-02 -0.2000000E+00
   01  0.1198439E+00  0.2040383E+00  0.4511409E-02  0.2698234E-02  0.0000000E+00  0.0000000E+00  0.0000000E+00  0.4038329E-02 -0.2000000E+00
   01  0.1289048E+00  0.2052038E+00  0.5995271E-02  0.3785641E-02  0.0000000E+00  0.0000000E+00  0.0000000E+00  0.5203758E-02 -0.2000000E+00
   01  0.1379661E+00  0.2055235E+00  0.6509180E-02  0.4222284E-02  0.0000000E+00  0.0000000E+00  0.0000000E+00  0.5523539E-02 -0.2000000E+00
   01  0.1470280E+00  0.2050531E+00  0.5960882E-02  0.4083537E-02  0.0000000E+00  0.0000000E+00  0.0000000E+00  0.5053131E-02 -0.2000000E+00
   01  0.1560903E+00  0.2038421E+00  0.4650792E-02  0.3283362E-02  0.0000000E+00  0.0000000E+00  0.0000000E+00  0.3842072E-02 -0.2000000E+00
   01  0.1651530E+00  0.2023718E+00  0.2960878E-02  0.2225313E-02  0.0000000E+00  0.0000000E+00  0.0000000E+00  0.2371761E-02 -0.2000000E+00
   01  0.1742161E+00  0.2011669E+00  0.1482649E-02  0.1237348E-02  0.0000000E+00  0.0000000E+00  0.0000000E+00  0.1166914E-02 -0.2000000E+00
   01  0.1832797E+00  0.2002809E+00  0.4020968E-03  0.5369503E-03  0.0000000E+00  0.0000000E+00  0.0000000E+00  0.2808756E-03 -0.2000000E+00
   01  0.1923436E+00  0.1997661E+00 -0.2207392E-03  0.5283729E-04  0.0000000E+00  0.0000000E+00  0.0000000E+00 -0.2338625E-03 -0.2000000E+00
   01  0.2014079E+00  0.1994535E+00 -0.5806725E-03 -0.2769191E-03  0.0000000E+00  0.0000000E+00  0.0000000E+00 -0.5465007E-03 -0.2000000E+00
   01  0.2104727E+00  0.1992430E+00 -0.7970445E-03 -0.5112191E-03  0.0000000E+00  0.0000000E+00  0.0000000E+00 -0.7569729E-03 -0.2000000E+00
   01  0.2195378E+00  0.1990588E+00 -0.9518973E-03 -0.7220673E-03  0.0000000E+00  0.0000000E+00  0.0000000E+00 -0.9411972E-03 -0.2000000E+00
   01  0.2286034E+00  0.1988796E+00 -0.1065582E-02 -0.9188415E-03  0.0000000E+00  0.0000000E+00  0.0000000E+00 -0.1120408E-02 -0.2000000E+00
   01  0.2376694E+00  0.1987269E+00 -0.1135088E-02 -0.1096586E-02  0.0000000E+00  0.0000000E+00  0.0000000E+00 -0.1273132E-02 -0.2000000E+00
   01  0.2467358E+00  0.1986372E+00 -0.1159776E-02 -0.1221056E-02  0.0000000E+00  0.0000000E+00  0.0000000E+00 -0.1362823E-02 -0.2000000E+00
   01  0.2558027E+00  0.1986009E+00 -0.1153711E-02 -0.1293797E-02  0.0000000E+00  0.0000000E+00  0.0000000E+00 -0.1399145E-02 -0.2000000E+00
   01  0.2648698E+00  0.1986313E+00 -0.1091623E-02 -0.1326383E-02  0.0000000E+00  0.0000000E+00  0.0000000E+00 -0.1368671E-02 -0.2000000E+00
   01  0.2739369E+00  0.1987190E+00 -0.9618554E-03 -0.1323957E-02  0.0000000E+00  0.0000000E+00  0.0000000E+00 -0.1280982E-02 -0.2000000E+00
   01  0.2830042E+00  0.1988829E+00 -0.7819250E-03 -0.1254665E-02  0.0000000E+00  0.0000000E+00  0.0000000E+00 -0.1117101E-02 -0.2000000E+00
   01  0.2920715E+00  0.1990994E+00 -0.5690078E-03 -0.1098816E-02  0.0000000E+00  0.0000000E+00  0.0000000E+00 -0.9006111E-03 -0.2000000E+00
   01  0.3011391E+00  0.1993366E+00 -0.3429455E-03 -0.8770618E-03  0.0000000E+00  0.0000000E+00  0.0000000E+00 -0.6633910E-03 -0.2000000E+00
   01  0.3102067E+00  0.1995735E+00 -0.1316717E-03 -0.6231148E-03  0.0000000E+00  0.0000000E+00  0.0000000E+00 -0.4264729E-03 -0.2000000E+00
   01  0.3192746E+00  0.1997795E+00  0.3637030E-04 -0.3690191E-03  0.0000000E+00  0.0000000E+00  0.0000000E+00 -0.2204729E-03 -0.2000000E+00
   01  0.3283426E+00  0.1999429E+00  0.1515835E-03 -0.1331682E-03  0.0000000E+00  0.0000000E+00  0.0000000E+00 -0.5712891E-04 -0.2000000E+00
   01  0.3374106E+00  0.2000698E+00  0.2255321E-03  0.7666596E-04  0.0000000E+00  0.0000000E+00  0.0000000E+00  0.6982783E-04 -0.2000000E+00
   01  0.3464788E+00  0.2001691E+00  0.2754340E-03  0.2465330E-03  0.0000000E+00  0.0000000E+00  0.0000000E+00  0.1690812E-03 -0.2000000E+00
   01  0.3555471E+00  0.2002488E+00  0.3089848E-03  0.3730574E-03  0.0000000E+00  0.0000000E+00  0.0000000E+00  0.2487521E-03 -0.2000000E+00
   01  0.3646155E+00  0.2003155E+00  0.3332710E-03  0.4635609E-03  0.0000000E+00  0.0000000E+00  0.0000000E+00  0.3155340E-03 -0.2000000E+00
   01  0.3736841E+00  0.2003837E+00  0.3610488E-03  0.5191118E-03  0.0000000E+00  0.0000000E+00  0.0000000E+00  0.3836862E-03 -0.2000000E+00
   01  0.3827527E+00  0.2004444E+00  0.3905020E-03  0.5421080E-03  0.0000000E+00  0.0000000E+00  0.0000000E+00  0.4443520E-03 -0.2000000E+00
   01  0.3918215E+00  0.2004970E+00  0.4196280E-03  0.5356287E-03  0.0000000E+00  0.0000000E+00  0.0000000E+00  0.4970221E-03 -0.2000000E+00
   01  0.4008905E+00  0.2005373E+00  0.4344481E-03  0.5126460E-03  0.0000000E+00  0.0000000E+00  0.0000000E+00  0.5373007E-03 -0.2000000E+00
   01  0.4099597E+00  0.2005564E+00  0.4342820E-03  0.4818259E-03  0.0000000E+00  0.0000000E+00  0.0000000E+00  0.5564465E-03 -0.2000000E+00
   01  0.4190286E+00  0.2005600E+00  0.4267413E-03  0.4457229E-03  0.0000000E+00  0.0000000E+00  0.0000000E+00  0.5600470E-03 -0.2000000E+00
   01  0.4280958E+00  0.2005431E+00  0.4005986E-03  0.4048626E-03  0.0000000E+00  0.0000000E+00  0.0000000E+00  0.5431014E-03 -0.2000000E+00
   01  0.4371625E+00  0.2005049E+00  0.3504819E-03  0.3580062E-03  0.0000000E+00  0.0000000E+00  0.0000000E+00  0.5049278E-03 -0.2000000E+00
   01  0.4462292E+00  0.2004454E+00  0.2770110E-03  0.3086795E-03  0.0000000E+00  0.0000000E+00  0.0000000E+00  0.4454359E-03 -0.2000000E+00
   01  0.4552997E+00  0.2003728E+00  0.1892130E-03  0.2594701E-03  0.0000000E+00  0.0000000E+00  0.0000000E+00  0.3728366E-03 -0.2000000E+00
   01  0.4643784E+00  0.2002892E+00  0.8888589E-04  0.2140159E-03  0.0000000E+00  0.0000000E+00  0.0000000E+00  0.2892400E-03 -0.2000000E+00
   01  0.4734633E+00  0.2002176E+00  0.3747051E-05  0.1750156E-03  0.0000000E+00  0.0000000E+00  0.0000000E+00  0.2175577E-03 -0.2000000E+00
   01  0.4825485E+00  0.2001703E+00 -0.5123832E-04  0.1440809E-03  0.0000000E+00  0.0000000E+00  0.0000000E+00  0.1703103E-03 -0.2000000E+00
   01  0.4916343E+00  0.2001497E+00 -0.7090647E-04  0.1191623E-03  0.0000000E+00  0.0000000E+00  0.0000000E+00  0.1497242E-03 -0.2000000E+00
   01  0.5007210E+00  0.2001399E+00 -0.7335863E-04  0.9651670E-04  0.0000000E+00  0.0000000E+00  0.0000000E+00  0.1398809E-03 -0.2000000E+00
   01  0.5098077E+00  0.2001553E+00 -0.4501320E-04  0.8123638E-04  0.0000000E+00  0.0000000E+00  0.0000000E+00  0.1552592E-03 -0.2000000E+00
   01  0.5188946E+00  0.2002086E+00  0.3228729E-04  0.7011030E-04  0.0000000E+00  0.0000000E+00  0.0000000E+00  0.2086224E-03 -0.2000000E+00
   01  0.5279814E+00  0.2002896E+00  0.1512909E-03  0.6547483E-04  0.0000000E+00  0.0000000E+00  0.0000000E+00  0.2895747E-03 -0.2000000E+00
   01  0.5370682E+00  0.2003754E+00  0.2757670E-03  0.7293453E-04  0.0000000E+00  0.0000000E+00  0.0000000E+00  0.3754246E-03 -0.2000000E+00
   01  0.5461550E+00  0.2004366E+00  0.3648974E-03  0.9620333E-04  0.0000000E+00  0.0000000E+00  0.0000000E+00  0.4366373E-03 -0.2000000E+00
   01  0.5552421E+00  0.2004642E+00  0.4087872E-03  0.1301837E-03  0.0000000E+00  0.0000000E+00  0.0000000E+00  0.4641888E-03 -0.2000000E+00
   01  0.5643297E+00  0.2004704E+00  0.4253686E-03  0.1658384E-03  0.0000000E+00  0.0000000E+00  0.0000000E+00  0.4704115E-03 -0.2000000E+00
   01  0.5734177E+00  0.2004567E+00  0.4169783E-03  0.1970033E-03  0.0000000E+00  0.0000000E+00  0.0000000E+00  0.4567249E-03 -0.2000000E+00
   01  0.5825060E+00  0.2004211E+00  0.3801338E-03  0.2160835E-03  0.0000000E+00  0.0000000E+00  0.0000000E+00  0.4211372E-03 -0.2000000E+00
   01  0.5915944E+00  0.2003718E+00  0.3223790E-03  0.2259759E-03  0.0000000E+00  0.0000000E+00  0.0000000E+00  0.3717536E-03 -0.2000000E+00
   01  0.6006829E+00  0.2003144E+00  0.2551728E-03  0.2182927E-03  0.0000000E+00  0.0000000E+00  0.0000000E+00  0.3144468E-03 -0.2000000E+00
   01  0.6097713E+00  0.2002507E+00  0.1858850E-03  0.1975140E-03  0.0000000E+00  0.0000000E+00  0.0000000E+00  0.2506919E-03 -0.2000000E+00
   01  0.6188597E+00  0.2001844E+00  0.1150262E-03  0.1641596E-03  0.0000000E+00  0.0000000E+00  0.0000000E+00  0.1843704E-03 -0.2000000E+00
   01  0.6279479E+00  0.2001163E+00  0.4694466E-04  0.1209964E-03  0.0000000E+00  0.0000000E+00  0.0000000E+00  0.1162796E-03 -0.2000000E+00
   01  0.6370362E+00  0.2000500E+00 -0.1409239E-04  0.7368452E-04  0.0000000E+00  0.0000000E+00  0.0000000E+00  0.4998022E-04 -0.2000000E+00
   01  0.6461244E+00  0.1999910E+00 -0.6560888E-04  0.2976938E-04  0.0000000E+00  0.0000000E+00  0.0000000E+00 -0.8968864E-05 -0.2000000E+00
   01  0.6552127E+00  0.1999490E+00 -0.1019357E-03 -0.2497446E-05  0.0000000E+00  0.0000000E+00  0.0000000E+00 -0.5103728E-04 -0.2000000E+00
   01  0.6643011E+00  0.1999256E+00 -0.1187644E-03 -0.1968656E-04  0.0000000E+00  0.0000000E+00  0.0000000E+00 -0.7436997E-04 -0.2000000E+00
   01  0.6733896E+00  0.1999158E+00 -0.1223137E-03 -0.2578216E-04  0.0000000E+00  0.0000000E+00  0.0000000E+00 -0.8422268E-04 -0.2000000E+00
   01  0.6824782E+00  0.1999135E+00 -0.1212620E-03 -0.2683669E-04  0.0000000E+00  0.0000000E+00  0.0000000E+00 -0.8650490E-04 -0.2000000E+00
   01  0.6915669E+00  0.1999197E+00 -0.1171642E-03 -0.2248476E-04  0.0000000E+00  0.0000000E+00  0.0000000E+00 -0.8033692E-04 -0.2000000E+00
   01  0.7006556E+00  0.1999405E+00 -0.1059173E-03 -0.7577516E-05  0.0000000E+00  0.0000000E+00  0.0000000E+00 -0.5954110E-04 -0.2000000E+00
   01  0.7097442E+00  0.1999771E+00 -0.8721607E-04  0.2004522E-04  0.0000000E+00  0.0000000E+00  0.0000000E+00 -0.2289513E-04 -0.2000000E+00
   01  0.7188328E+00  0.2000248E+00 -0.6364130E-04  0.5767729E-04  0.0000000E+00  0.0000000E+00  0.0000000E+00  0.2482371E-04 -0.2000000E+00
   01  0.7279215E+00  0.2000774E+00 -0.3923896E-04  0.9881622E-04  0.0000000E+00  0.0000000E+00  0.0000000E+00  0.7743115E-04 -0.2000000E+00
   01  0.7370104E+00  0.2001253E+00 -0.2431132E-04  0.1393921E-03  0.0000000E+00  0.0000000E+00  0.0000000E+00  0.1253455E-03 -0.2000000E+00
   01  0.7460995E+00  0.2001594E+00 -0.1897637E-04  0.1702091E-03  0.0000000E+00  0.0000000E+00  0.0000000E+00  0.1594009E-03 -0.2000000E+00
   01  0.7551888E+00  0.2001786E+00 -0.1799937E-04  0.1872746E-03  0.0000000E+00  0.0000000E+00  0.0000000E+00  0.1785571E-03 -0.2000000E+00
   01  0.7642782E+00  0.2001876E+00 -0.1744694E-04  0.1934109E-03  0.0000000E+00  0.0000000E+00  0.0000000E+00  0.1875555E-03 -0.2000000E+00
   01  0.7733677E+00  0.2001902E+00 -0.1743800E-04  0.1943689E-03  0.0000000E+00  0.0000000E+00  0.0000000E+00  0.1902278E-03 -0.2000000E+00
   01  0.7824572E+00  0.2001869E+00 -0.1912806E-04  0.1901426E-03  0.0000000E+00  0.0000000E+00  0.0000000E+00  0.1869368E-03 -0.2000000E+00
   01  0.7915467E+00  0.2001755E+00 -0.1988423E-04  0.1773762E-03  0.0000000E+00  0.0000000E+00  0.0000000E+00  0.1755084E-03 -0.2000000E+00
   01  0.8006361E+00  0.2001558E+00 -0.1823536E-04  0.1551383E-03  0.0000000E+00  0.0000000E+00  0.0000000E+00  0.1557840E-03 -0.2000000E+00
   01  0.8097258E+00  0.2001311E+00 -0.1411931E-04  0.1258349E-03  0.0000000E+00  0.0000000E+00  0.0000000E+00  0.1310842E-03 -0.2000000E+00
   01  0.8188159E+00  0.2001041E+00 -0.7663163E-05  0.9220485E-04  0.0000000E+00  0.0000000E+00  0.0000000E+00  0.1040978E-03 -0.2000000E+00
   01  0.8279065E+00  0.2000812E+00  0.5818678E-06  0.6316533E-04  0.0000000E+00  0.0000000E+00  0.0000000E+00  0.8118313E-04 -0.2000000E+00
   01  0.8369972E+00  0.2000644E+00  0.8076248E-05  0.4250732E-04  0.0000000E+00  0.0000000E+00  0.0000000E+00  0.6435068E-04 -0.2000000E+00
   01  0.8460881E+00  0.2000532E+00  0.1394232E-04  0.2948062E-04  0.0000000E+00  0.0000000E+00  0.0000000E+00  0.5316767E-04 -0.2000000E+00
   01  0.8551789E+00  0.2000451E+00  0.1817512E-04  0.2072252E-04  0.0000000E+00  0.0000000E+00  0.0000000E+00  0.4507886E-04 -0.2000000E+00
   01  0.8642698E+00  0.2000387E+00  0.2075668E-04  0.1548686E-04  0.0000000E+00  0.0000000E+00  0.0000000E+00  0.3874006E-04 -0.2000000E+00
   01  0.8733609E+00  0.2000349E+00  0.2097400E-04  0.1519650E-04  0.0000000E+00  0.0000000E+00  0.0000000E+00  0.3494951E-04 -0.2000000E+00
   01  0.8824521E+00  0.2000328E+00  0.1775282E-04  0.1927988E-04  0.0000000E+00  0.0000000E+00  0.0000000E+00  0.3281531E-04 -0.2000000E+00
   01  0.8915433E+00  0.2000320E+00  0.1115795E-04  0.2728651E-04  0.0000000E+00  0.0000000E+00  0.0000000E+00  0.3203073E-04 -0.2000000E+00
   01  0.9006345E+00  0.2000340E+00  0.3349592E-05  0.3908180E-04  0.0000000E+00  0.0000000E+00  0.0000000E+00  0.3403772E-04 -0.2000000E+00
   01  0.9097257E+00  0.2000400E+00 -0.1918647E-05  0.5399296E-04  0.0000000E+00  0.0000000E+00  0.0000000E+00  0.3997499E-04 -0.2000000E+00
   01  0.9188169E+00  0.2000497E+00 -0.2630207E-05  0.7012050E-04  0.0000000E+00  0.0000000E+00  0.0000000E+00  0.4968207E-04 -0.2000000E+00
   01  0.9279081E+00  0.2000606E+00 -0.6634619E-06  0.8619879E-04  0.0000000E+00  0.0000000E+00  0.0000000E+00  0.6056159E-04 -0.2000000E+00
   01  0.9369993E+00  0.2000743E+00  0.6063971E-05  0.1027944E-03  0.0000000E+00  0.0000000E+00  0.0000000E+00  0.7433082E-04 -0.2000000E+00
   01  0.9460906E+00  0.2000968E+00  0.2496581E-04  0.1225903E-03  0.0000000E+00  0.0000000E+00  0.0000000E+00  0.9683668E-04 -0.2000000E+00
   01  0.9551818E+00  0.2001288E+00  0.5827948E-04  0.1480414E-03  0.0000000E+00  0.0000000E+00  0.0000000E+00  0.1288486E-03 -0.2000000E+00
   01  0.9642730E+00  0.2001631E+00  0.9734496E-04  0.1752507E-03  0.0000000E+00  0.0000000E+00  0.0000000E+00  0.1631329E-03 -0.2000000E+00
   01  0.9733642E+00  0.2001848E+00  0.1270137E-03  0.1921358E-03  0.0000000E+00  0.0000000E+00  0.0000000E+00  0.1847674E-03 -0.2000000E+00
   01  0.9824554E+00  0.2001922E+00  0.1419794E-03  0.1992808E-03  0.0000000E+00  0.0000000E+00  0.0000000E+00  0.1921655E-03 -0.2000000E+00
   01  0.9915467E+00  0.2001935E+00  0.1477381E-03  0.2004368E-03  0.0000000E+00  0.0000000E+00  0.0000000E+00  0.1935080E-03 -0.2000000E+00
