# gauge_id=     2 location=(   0.1000000E+00   0.0000000E+00 ) num_var=  8
 # level, time, q[  1  2  3  4  5  6], eta[  1  2], aux[]
   01  0.0000000E+00  0.6000000E+00  0.0000000E+00  0.0000000E+00  0.4000000E+00  0.0000000E+00  0.0000000E+00  0.0000000E+00 -0.6000000E+00
   01  0.2250000E-02  0.6000000E+00 -0.2280894E-13 -0.2281012E-13  0.4000000E+00 -0.1317059E-13 -0.1316496E-13 -0.2320366E-13 -0.6000000E+00
   01  0.1123843E-01  0.5999999E+00 -0.1312546E-06 -0.1312546E-06  0.3999999E+00 -0.7476359E-07 -0.7476359E-07 -0.1327787E-06 -0.6000001E+00
   01  0.2024300E-01  0.6000074E+00  0.1138038E-04  0.1138031E-04  0.4000038E+00  0.6288964E-05  0.6288953E-05  0.1120273E-04 -0.5999962E+00
   01  0.2928417E-01  0.6002018E+00  0.3604001E-03  0.3603920E-03  0.4001131E+00  0.2041457E-03  0.2041326E-03  0.3148701E-03 -0.5998869E+00
   01  0.3833298E-01  0.6012401E+00  0.2531395E-02  0.2527853E-02  0.4007356E+00  0.1481927E-02  0.1475495E-02  0.1975680E-02 -0.5992644E+00
   01  0.4738440E-01  0.6030838E+00  0.6994985E-02  0.6956538E-02  0.4018997E+00  0.4245913E-02  0.4204455E-02  0.4983500E-02 -0.5981003E+00
   01  0.5643778E-01  0.6042327E+00  0.9056761E-02  0.9176586E-02  0.4024882E+00  0.5835152E-02  0.5726091E-02  0.6720881E-02 -0.5975118E+00
   01  0.6549277E-01  0.6035951E+00  0.6411097E-02  0.6939915E-02  0.4018813E+00  0.4459192E-02  0.4494724E-02  0.5476409E-02 -0.5981187E+00
   01  0.7454907E-01  0.6017069E+00  0.1568059E-02  0.2595719E-02  0.4010174E+00  0.1294930E-02  0.1852512E-02  0.2724330E-02 -0.5989826E+00
   01  0.8360645E-01  0.6003141E+00 -0.2115928E-02 -0.1550968E-03  0.4007623E+00 -0.1467469E-02  0.5539745E-04  0.1076402E-02 -0.5992377E+00
   01  0.9266474E-01  0.5999428E+00 -0.3565289E-02 -0.3763543E-03  0.4010798E+00 -0.2741929E-02 -0.2012536E-03  0.1022621E-02 -0.5989202E+00
   01  0.1017238E+00  0.6002327E+00 -0.3926881E-02 -0.2304597E-03  0.4015263E+00 -0.3093779E-02 -0.1742923E-03  0.1759003E-02 -0.5984737E+00
   01  0.1107836E+00  0.6002975E+00 -0.3376004E-02  0.2231174E-05  0.4016679E+00 -0.2808534E-02 -0.1353655E-03  0.1965437E-02 -0.5983321E+00
   01  0.1198439E+00  0.5999608E+00 -0.2523961E-02 -0.3349053E-03  0.4016629E+00 -0.2344784E-02 -0.4696631E-03  0.1623683E-02 -0.5983371E+00
   01  0.1289048E+00  0.5994037E+00 -0.1434254E-02 -0.4532862E-03  0.4016341E+00 -0.1763273E-02 -0.6879113E-03  0.1037771E-02 -0.5983659E+00
   01  0.1379661E+00  0.5988000E+00 -0.4755748E-03 -0.2951266E-03  0.4016621E+00 -0.1267202E-02 -0.7153927E-03  0.4620926E-03 -0.5983379E+00
   01  0.1470280E+00  0.5982260E+00  0.3391690E-03  0.1328597E-03  0.4017983E+00 -0.8990683E-03 -0.5760500E-03  0.2435013E-04 -0.5982017E+00
   01  0.1560903E+00  0.5977188E+00  0.8831124E-03  0.6146139E-03  0.4019492E+00 -0.6937514E-03 -0.3914751E-03 -0.3320271E-03 -0.5980508E+00
   01  0.1651530E+00  0.5973588E+00  0.1249471E-02  0.7319702E-03  0.4021005E+00 -0.5810661E-03 -0.3999321E-03 -0.5406967E-03 -0.5978995E+00
   01  0.1742161E+00  0.5971180E+00  0.1520695E-02  0.5983418E-03  0.4022429E+00 -0.5018797E-03 -0.5479873E-03 -0.6390393E-03 -0.5977571E+00
   01  0.1832797E+00  0.5969643E+00  0.1736561E-02  0.2126841E-03  0.4023344E+00 -0.4203602E-03 -0.8306848E-03 -0.7012928E-03 -0.5976656E+00
   01  0.1923436E+00  0.5968594E+00  0.1932540E-02 -0.2698247E-03  0.4023714E+00 -0.3270387E-03 -0.1156920E-02 -0.7691170E-03 -0.5976286E+00
   01  0.2014079E+00  0.5967842E+00  0.2085244E-02 -0.6999047E-03  0.4023389E+00 -0.2338446E-03 -0.1427279E-02 -0.8768698E-03 -0.5976611E+00
   01  0.2104727E+00  0.5967164E+00  0.2169891E-02 -0.9872989E-03  0.4022583E+00 -0.1716303E-03 -0.1584394E-02 -0.1025264E-02 -0.5977417E+00
   01  0.2195378E+00  0.5966871E+00  0.2187436E-02 -0.1167627E-02  0.4021769E+00 -0.1356598E-03 -0.1665945E-02 -0.1136021E-02 -0.5978231E+00
   01  0.2286034E+00  0.5967200E+00  0.2138317E-02 -0.1202565E-02  0.4020997E+00 -0.1205444E-03 -0.1652278E-02 -0.1180313E-02 -0.5979003E+00
   01  0.2376694E+00  0.5968131E+00  0.2024836E-02 -0.1139548E-02  0.4020140E+00 -0.1225387E-03 -0.1565009E-02 -0.1172933E-02 -0.5979860E+00
   01  0.2467358E+00  0.5969750E+00  0.1855049E-02 -0.1010094E-02  0.4019043E+00 -0.1385040E-03 -0.1420947E-02 -0.1120728E-02 -0.5980957E+00
   01  0.2558027E+00  0.5972035E+00  0.1659108E-02 -0.8223104E-03  0.4017730E+00 -0.1533485E-03 -0.1228233E-02 -0.1023483E-02 -0.5982270E+00
   01  0.2648698E+00  0.5975007E+00  0.1451732E-02 -0.6279553E-03  0.4016155E+00 -0.1551616E-03 -0.1019638E-02 -0.8837291E-03 -0.5983845E+00
   01  0.2739369E+00  0.5978641E+00  0.1242402E-02 -0.4607069E-03  0.4014194E+00 -0.1380108E-03 -0.8133311E-03 -0.7164496E-03 -0.5985806E+00
   01  0.2830042E+00  0.5982846E+00  0.1042646E-02 -0.3522889E-03  0.4011839E+00 -0.9674070E-04 -0.6308098E-03 -0.5314409E-03 -0.5988161E+00
   01  0.2920715E+00  0.5987453E+00  0.8505264E-03 -0.2962314E-03  0.4009109E+00 -0.3633173E-04 -0.4723098E-03 -0.3437977E-03 -0.5990891E+00
   01  0.3011391E+00  0.5992149E+00  0.6604751E-03 -0.2756672E-03  0.4006153E+00  0.2521897E-04 -0.3282672E-03 -0.1698385E-03 -0.5993847E+00
   01  0.3102067E+00  0.5996753E+00  0.4608781E-03 -0.2734180E-03  0.4003066E+00  0.7663372E-04 -0.1936048E-03 -0.1807556E-04 -0.5996934E+00
   01  0.3192746E+00  0.6001126E+00  0.2521705E-03 -0.2853910E-03  0.3999993E+00  0.1135057E-03 -0.6805415E-04  0.1118657E-03 -0.6000007E+00
   01  0.3283426E+00  0.6005237E+00  0.4291805E-04 -0.3104296E-03  0.3996980E+00  0.1368902E-03  0.5026290E-04  0.2216827E-03 -0.6003020E+00
   01  0.3374106E+00  0.6009067E+00 -0.1573150E-03 -0.3444293E-03  0.3994040E+00  0.1549388E-03  0.1666654E-03  0.3106935E-03 -0.6005960E+00
   01  0.3464788E+00  0.6012452E+00 -0.3398322E-03 -0.3795835E-03  0.3991287E+00  0.1690810E-03  0.2772478E-03  0.3738785E-03 -0.6008713E+00
   01  0.3555471E+00  0.6015129E+00 -0.4949973E-03 -0.4100731E-03  0.3988931E+00  0.1774500E-03  0.3714971E-03  0.4059329E-03 -0.6011069E+00
   01  0.3646155E+00  0.6017109E+00 -0.6136525E-03 -0.4350189E-03  0.3986989E+00  0.1785289E-03  0.4467323E-03  0.4098310E-03 -0.6013011E+00
   01  0.3736841E+00  0.6018479E+00 -0.6972472E-03 -0.4571598E-03  0.3985449E+00  0.1715827E-03  0.5032907E-03  0.3928322E-03 -0.6014551E+00
   01  0.3827527E+00  0.6019374E+00 -0.7552107E-03 -0.4733652E-03  0.3984254E+00  0.1633104E-03  0.5468807E-03  0.3627593E-03 -0.6015746E+00
   01  0.3918215E+00  0.6019806E+00 -0.7810392E-03 -0.4871790E-03  0.3983479E+00  0.1586299E-03  0.5725459E-03  0.3285372E-03 -0.6016521E+00
   01  0.4008905E+00  0.6019854E+00 -0.7621357E-03 -0.5055778E-03  0.3983159E+00  0.1667809E-03  0.5712236E-03  0.3012832E-03 -0.6016841E+00
   01  0.4099597E+00  0.6019633E+00 -0.6914602E-03 -0.5391138E-03  0.3983295E+00  0.1933634E-03  0.5370795E-03  0.2927836E-03 -0.6016705E+00
   01  0.4190286E+00  0.6019321E+00 -0.5577799E-03 -0.6055186E-03  0.3983791E+00  0.2457964E-03  0.4721565E-03  0.3112122E-03 -0.6016209E+00
   01  0.4280958E+00  0.6019006E+00 -0.3452610E-03 -0.7106862E-03  0.3984639E+00  0.3324750E-03  0.3783422E-03  0.3644517E-03 -0.6015361E+00
   01  0.4371625E+00  0.6018632E+00 -0.7884480E-04 -0.8344007E-03  0.3985800E+00  0.4409239E-03  0.2674362E-03  0.4432606E-03 -0.6014200E+00
   01  0.4462292E+00  0.6018041E+00  0.1763187E-03 -0.9328563E-03  0.3987144E+00  0.5352073E-03  0.1659198E-03  0.5185387E-03 -0.6012856E+00
   01  0.4552997E+00  0.6016742E+00  0.3559139E-03 -0.9515186E-03  0.3988718E+00  0.5653802E-03  0.1025233E-03  0.5460013E-03 -0.6011282E+00
   01  0.4643784E+00  0.6014754E+00  0.4191212E-03 -0.9033938E-03  0.3990520E+00  0.5088726E-03  0.7264476E-04  0.5273838E-03 -0.6009480E+00
   01  0.4734633E+00  0.6012373E+00  0.4074218E-03 -0.8107783E-03  0.3992448E+00  0.3979038E-03  0.6435854E-04  0.4820594E-03 -0.6007552E+00
   01  0.4825485E+00  0.6009846E+00  0.3154515E-03 -0.6748607E-03  0.3994337E+00  0.2442954E-03  0.7789635E-04  0.4183688E-03 -0.6005663E+00
   01  0.4916343E+00  0.6007347E+00  0.2139952E-03 -0.5465729E-03  0.3996253E+00  0.8766522E-04  0.8296893E-04  0.3599852E-03 -0.6003747E+00
   01  0.5007210E+00  0.6005014E+00  0.1614338E-03 -0.4371997E-03  0.3998283E+00 -0.3457752E-04  0.6882195E-04  0.3296530E-03 -0.6001717E+00
   01  0.5098077E+00  0.6002891E+00  0.1844529E-03 -0.3356693E-03  0.4000314E+00 -0.9989185E-04  0.4111432E-04  0.3205237E-03 -0.5999686E+00
   01  0.5188946E+00  0.6000968E+00  0.2563481E-03 -0.2164158E-03  0.4002167E+00 -0.1168032E-03  0.1669117E-04  0.3135348E-03 -0.5997833E+00
   01  0.5279814E+00  0.5999176E+00  0.3256762E-03 -0.8528783E-04  0.4003803E+00 -0.1198549E-03 -0.8456283E-07  0.2979008E-03 -0.5996197E+00
   01  0.5370682E+00  0.5997366E+00  0.3779324E-03  0.5787057E-04  0.4005290E+00 -0.1274157E-03 -0.7258578E-05  0.2655967E-03 -0.5994710E+00
   01  0.5461550E+00  0.5995531E+00  0.4077066E-03  0.1836556E-03  0.4006681E+00 -0.1452574E-03 -0.2155745E-04  0.2212334E-03 -0.5993319E+00
   01  0.5552421E+00  0.5993821E+00  0.4181349E-03  0.2858636E-03  0.4007939E+00 -0.1709762E-03 -0.4444143E-04  0.1759969E-03 -0.5992061E+00
   01  0.5643297E+00  0.5992355E+00  0.4139160E-03  0.3564456E-03  0.4008987E+00 -0.1998440E-03 -0.7539156E-04  0.1341638E-03 -0.5991013E+00
   01  0.5734177E+00  0.5991133E+00  0.4103609E-03  0.3918641E-03  0.4009793E+00 -0.2215460E-03 -0.1150118E-03  0.9260538E-04 -0.5990207E+00
   01  0.5825060E+00  0.5990123E+00  0.4131369E-03  0.3966245E-03  0.4010392E+00 -0.2330568E-03 -0.1603272E-03  0.5153942E-04 -0.5989608E+00
   01  0.5915944E+00  0.5989369E+00  0.4227236E-03  0.3797121E-03  0.4010782E+00 -0.2345883E-03 -0.2056970E-03  0.1511875E-04 -0.5989218E+00
   01  0.6006829E+00  0.5988922E+00  0.4362153E-03  0.3484204E-03  0.4010949E+00 -0.2280957E-03 -0.2438108E-03 -0.1288872E-04 -0.5989051E+00
   01  0.6097713E+00  0.5988772E+00  0.4493042E-03  0.3098595E-03  0.4010899E+00 -0.2158964E-03 -0.2712048E-03 -0.3290765E-04 -0.5989101E+00
   01  0.6188597E+00  0.5988906E+00  0.4599185E-03  0.2669057E-03  0.4010647E+00 -0.1994410E-03 -0.2874263E-03 -0.4470288E-04 -0.5989353E+00
   01  0.6279479E+00  0.5989198E+00  0.4682913E-03  0.2219931E-03  0.4010293E+00 -0.1810138E-03 -0.2976758E-03 -0.5093868E-04 -0.5989707E+00
   01  0.6370362E+00  0.5989593E+00  0.4707563E-03  0.1797275E-03  0.4009887E+00 -0.1643431E-03 -0.3023485E-03 -0.5203373E-04 -0.5990113E+00
   01  0.6461244E+00  0.5990092E+00  0.4651238E-03  0.1470793E-03  0.4009436E+00 -0.1495381E-03 -0.2990659E-03 -0.4725576E-04 -0.5990564E+00
   01  0.6552127E+00  0.5990713E+00  0.4499751E-03  0.1232682E-03  0.4008904E+00 -0.1377097E-03 -0.2858973E-03 -0.3822616E-04 -0.5991096E+00
   01  0.6643011E+00  0.5991465E+00  0.4245374E-03  0.1074623E-03  0.4008272E+00 -0.1286927E-03 -0.2624434E-03 -0.2634692E-04 -0.5991728E+00
   01  0.6733896E+00  0.5992341E+00  0.3865350E-03  0.9815222E-04  0.4007528E+00 -0.1231201E-03 -0.2296415E-03 -0.1315081E-04 -0.5992472E+00
   01  0.6824782E+00  0.5993335E+00  0.3393437E-03  0.9310652E-04  0.4006679E+00 -0.1189403E-03 -0.1892353E-03  0.1419177E-05 -0.5993321E+00
   01  0.6915669E+00  0.5994455E+00  0.2875699E-03  0.8711094E-04  0.4005719E+00 -0.1136398E-03 -0.1437319E-03  0.1731763E-04 -0.5994281E+00
   01  0.7006556E+00  0.5995680E+00  0.2343267E-03  0.7554165E-04  0.4004651E+00 -0.1068971E-03 -0.9523090E-04  0.3315331E-04 -0.5995349E+00
   01  0.7097442E+00  0.5996982E+00  0.1830437E-03  0.5731690E-04  0.4003500E+00 -0.9730883E-04 -0.4590645E-04  0.4820814E-04 -0.5996500E+00
   01  0.7188328E+00  0.5998335E+00  0.1361603E-03  0.3214384E-04  0.4002290E+00 -0.8450539E-04  0.3516325E-05  0.6248846E-04 -0.5997710E+00
   01  0.7279215E+00  0.5999694E+00  0.9379121E-04  0.1776777E-05  0.4001061E+00 -0.6834563E-04  0.5278690E-04  0.7556752E-04 -0.5998939E+00
   01  0.7370104E+00  0.6001004E+00  0.5472011E-04 -0.3254243E-04  0.3999866E+00 -0.4989646E-04  0.1000590E-03  0.8701044E-04 -0.6000134E+00
   01  0.7460995E+00  0.6002239E+00  0.1980235E-04 -0.6900840E-04  0.3998734E+00 -0.3130125E-04  0.1438551E-03  0.9724038E-04 -0.6001266E+00
   01  0.7551888E+00  0.6003345E+00 -0.1144067E-04 -0.1041275E-03  0.3997712E+00 -0.1384603E-04  0.1812628E-03  0.1057113E-03 -0.6002288E+00
   01  0.7642782E+00  0.6004286E+00 -0.3756639E-04 -0.1369564E-03  0.3996837E+00  0.5608701E-06  0.2121050E-03  0.1123720E-03 -0.6003163E+00
   01  0.7733677E+00  0.6005067E+00 -0.5822348E-04 -0.1669882E-03  0.3996107E+00  0.1127114E-04  0.2362013E-03  0.1174523E-03 -0.6003893E+00
   01  0.7824572E+00  0.6005685E+00 -0.7530829E-04 -0.1929779E-03  0.3995522E+00  0.1867934E-04  0.2542663E-03  0.1207017E-03 -0.6004478E+00
   01  0.7915467E+00  0.6006151E+00 -0.9016224E-04 -0.2148761E-03  0.3995068E+00  0.2356133E-04  0.2667195E-03  0.1219143E-03 -0.6004932E+00
   01  0.8006361E+00  0.6006457E+00 -0.1034447E-03 -0.2309845E-03  0.3994748E+00  0.2709862E-04  0.2727148E-03  0.1204664E-03 -0.6005252E+00
   01  0.8097258E+00  0.6006613E+00 -0.1147997E-03 -0.2410608E-03  0.3994549E+00  0.2968672E-04  0.2728112E-03  0.1162287E-03 -0.6005451E+00
   01  0.8188159E+00  0.6006633E+00 -0.1227662E-03 -0.2454564E-03  0.3994466E+00  0.3237644E-04  0.2674069E-03  0.1098821E-03 -0.6005534E+00
   01  0.8279065E+00  0.6006542E+00 -0.1258172E-03 -0.2452495E-03  0.3994487E+00  0.3601673E-04  0.2570703E-03  0.1029171E-03 -0.6005513E+00
   01  0.8369972E+00  0.6006425E+00 -0.1222471E-03 -0.2430586E-03  0.3994558E+00  0.4202387E-04  0.2448603E-03  0.9826562E-04 -0.6005442E+00
   01  0.8460881E+00  0.6006286E+00 -0.1098886E-03 -0.2364318E-03  0.3994686E+00  0.5244373E-04  0.2325127E-03  0.9722217E-04 -0.6005314E+00
   01  0.8551789E+00  0.6006137E+00 -0.8820342E-04 -0.2236843E-03  0.3994873E+00  0.6857402E-04  0.2220670E-03  0.1010041E-03 -0.6005127E+00
   01  0.8642698E+00  0.6005987E+00 -0.5638613E-04 -0.2011609E-03  0.3995128E+00  0.9090412E-04  0.2159545E-03  0.1114312E-03 -0.6004872E+00
   01  0.8733609E+00  0.6005821E+00 -0.1575347E-04 -0.1697585E-03  0.3995460E+00  0.1177320E-03  0.2123507E-03  0.1280928E-03 -0.6004540E+00
   01  0.8824521E+00  0.6005595E+00  0.2917271E-04 -0.1315356E-03  0.3995889E+00  0.1448141E-03  0.2093084E-03  0.1483826E-03 -0.6004111E+00
   01  0.8915433E+00  0.6005313E+00  0.6453103E-04 -0.9210980E-04  0.3996371E+00  0.1659124E-03  0.2033979E-03  0.1684098E-03 -0.6003629E+00
   01  0.9006345E+00  0.6004936E+00  0.8146599E-04 -0.6494810E-04  0.3996862E+00  0.1747217E-03  0.1865788E-03  0.1797367E-03 -0.6003138E+00
   01  0.9097257E+00  0.6004460E+00  0.7607542E-04 -0.5001275E-04  0.3997344E+00  0.1685797E-03  0.1588956E-03  0.1803969E-03 -0.6002656E+00
   01  0.9188169E+00  0.6003882E+00  0.4756682E-04 -0.4450382E-04  0.3997815E+00  0.1463463E-03  0.1206758E-03  0.1696940E-03 -0.6002185E+00
   01  0.9279081E+00  0.6003217E+00 -0.4387862E-05 -0.5007171E-04  0.3998257E+00  0.1085671E-03  0.7081793E-04  0.1473963E-03 -0.6001743E+00
   01  0.9369993E+00  0.6002512E+00 -0.6393384E-04 -0.5988737E-04  0.3998674E+00  0.6445402E-04  0.1349741E-04  0.1185325E-03 -0.6001326E+00
   01  0.9460906E+00  0.6001830E+00 -0.1122148E-03 -0.6174022E-04  0.3999081E+00  0.2558334E-04 -0.4346682E-04  0.9110859E-04 -0.6000919E+00
   01  0.9551818E+00  0.6001247E+00 -0.1354581E-03 -0.4421301E-04  0.3999472E+00  0.2997967E-05 -0.9092422E-04  0.7190824E-04 -0.6000528E+00
   01  0.9642730E+00  0.6000807E+00 -0.1289911E-03 -0.6334162E-05  0.3999831E+00  0.1517031E-05 -0.1263219E-03  0.6373788E-04 -0.6000169E+00
   01  0.9733642E+00  0.6000459E+00 -0.1031224E-03  0.4362645E-04  0.4000167E+00  0.1486880E-04 -0.1539910E-03  0.6268114E-04 -0.5999833E+00
   01  0.9824554E+00  0.6000183E+00 -0.6534773E-04  0.9774093E-04  0.4000451E+00  0.3640129E-04 -0.1769306E-03  0.6337352E-04 -0.5999549E+00
   01  0.9915467E+00  0.5999977E+00 -0.2672274E-04  0.1492444E-03  0.4000634E+00  0.5871263E-04 -0.1974629E-03  0.6117916E-04 -0.5999366E+00
