# gauge_id=     1 location=(   0.0000000E+00   0.0000000E+00 ) num_var=  8
 # level, time, q[  1  2  3  4  5  6], eta[  1  2], aux[]
   01  0.0000000E+00  0.6000000E+00  0.0000000E+00  0.0000000E+00  0.4000000E+00  0.0000000E+00  0.0000000E+00  0.2142098E-10 -0.6000000E+00
   01  0.2250000E-02  0.5999981E+00 -0.3155514E-05 -0.3155514E-05  0.3999987E+00 -0.1822331E-05 -0.1822331E-05 -0.3196403E-05 -0.6000013E+00
   01  0.1123843E-01  0.6002834E+00  0.4612430E-03  0.4612430E-03  0.4001510E+00  0.2570038E-03  0.2570038E-03  0.4344477E-03 -0.5998490E+00
   01  0.2024300E-01  0.6021897E+00  0.4839787E-02  0.4839787E-02  0.4014230E+00  0.2835937E-02  0.2835937E-02  0.3612769E-02 -0.5985770E+00
   01  0.2928417E-01  0.6040359E+00  0.9872614E-02  0.9872614E-02  0.4028170E+00  0.6069342E-02  0.6069342E-02  0.6852871E-02 -0.5971830E+00
   01  0.3833298E-01  0.6038356E+00  0.8691405E-02  0.8691405E-02  0.4026152E+00  0.5553907E-02  0.5553907E-02  0.6450810E-02 -0.5973848E+00
   01  0.4738440E-01  0.6018765E+00  0.4201820E-02  0.4201761E-02  0.4013065E+00  0.2832121E-02  0.2832146E-02  0.3183008E-02 -0.5986935E+00
   01  0.5643778E-01  0.6001346E+00  0.1679240E-03  0.1676599E-03  0.4002496E+00  0.2499497E-03  0.2499280E-03  0.3842562E-03 -0.5997504E+00
   01  0.6549277E-01  0.5994825E+00 -0.6183782E-03 -0.6260877E-03  0.3999583E+00 -0.3127373E-03 -0.3161485E-03 -0.5592023E-03 -0.6000417E+00
   01  0.7454907E-01  0.5995392E+00 -0.5008996E-03 -0.5158148E-03  0.4001704E+00 -0.2313571E-03 -0.2377954E-03 -0.2904226E-03 -0.5998296E+00
   01  0.8360645E-01  0.5997174E+00 -0.4997614E-04  0.1683580E-04  0.4003031E+00  0.7706624E-04  0.1186560E-03  0.2049152E-04 -0.5996969E+00
   01  0.9266474E-01  0.5998394E+00 -0.3129349E-03 -0.2851754E-05  0.4003908E+00 -0.5269533E-04  0.1339291E-03  0.2301669E-03 -0.5996092E+00
   01  0.1017238E+00  0.5999551E+00 -0.8736315E-03 -0.1420745E-04  0.4004835E+00 -0.3787780E-03  0.1362904E-03  0.4386184E-03 -0.5995165E+00
   01  0.1107836E+00  0.6002185E+00 -0.1846642E-02 -0.7254525E-04  0.4006625E+00 -0.9685801E-03  0.1036606E-03  0.8810731E-03 -0.5993375E+00
   01  0.1198439E+00  0.6005687E+00 -0.2896389E-02 -0.5712391E-04  0.4008659E+00 -0.1622228E-02  0.1143326E-03  0.1434655E-02 -0.5991341E+00
   01  0.1289048E+00  0.6008545E+00 -0.3698842E-02 -0.1391577E-03  0.4010018E+00 -0.2134915E-02  0.6324952E-04  0.1856335E-02 -0.5989982E+00
   01  0.1379661E+00  0.6009272E+00 -0.3783628E-02 -0.2513019E-03  0.4009810E+00 -0.2208609E-02 -0.1523167E-04  0.1908169E-02 -0.5990190E+00
   01  0.1470280E+00  0.6008502E+00 -0.3458639E-02 -0.2759715E-03  0.4008706E+00 -0.2029924E-02 -0.5062341E-04  0.1720826E-02 -0.5991294E+00
   01  0.1560903E+00  0.6006330E+00 -0.2659746E-02 -0.1679641E-03  0.4006541E+00 -0.1565260E-02 -0.6401028E-05  0.1287131E-02 -0.5993459E+00
   01  0.1651530E+00  0.6003406E+00 -0.1605138E-02  0.4449387E-04  0.4003835E+00 -0.9345500E-03  0.1003367E-03  0.7241628E-03 -0.5996165E+00
   01  0.1742161E+00  0.6000906E+00 -0.6797630E-03  0.1461807E-03  0.4001600E+00 -0.3795246E-03  0.1398431E-03  0.2505801E-03 -0.5998400E+00
   01  0.1832797E+00  0.5999265E+00 -0.6785308E-05  0.5781551E-04  0.4000130E+00  0.8744361E-05  0.5796187E-04 -0.6049754E-04 -0.5999870E+00
   01  0.1923436E+00  0.5998241E+00  0.4424653E-03 -0.2146820E-03  0.3999227E+00  0.2486496E-03 -0.1434301E-03 -0.2532662E-03 -0.6000773E+00
   01  0.2014079E+00  0.5997398E+00  0.7764906E-03 -0.6060658E-03  0.3998444E+00  0.4119012E-03 -0.4224177E-03 -0.4158284E-03 -0.6001556E+00
   01  0.2104727E+00  0.5996168E+00  0.1078770E-02 -0.8860197E-03  0.3997512E+00  0.5507831E-03 -0.6387159E-03 -0.6319818E-03 -0.6002488E+00
   01  0.2195378E+00  0.5994707E+00  0.1339911E-02 -0.1076559E-02  0.3996709E+00  0.6627995E-03 -0.7977041E-03 -0.8583947E-03 -0.6003291E+00
   01  0.2286034E+00  0.5993263E+00  0.1540628E-02 -0.1143816E-02  0.3996240E+00  0.7332634E-03 -0.8797627E-03 -0.1049674E-02 -0.6003760E+00
   01  0.2376694E+00  0.5991985E+00  0.1628848E-02 -0.1072660E-02  0.3996267E+00  0.7276919E-03 -0.8719131E-03 -0.1174796E-02 -0.6003733E+00
   01  0.2467358E+00  0.5990943E+00  0.1656808E-02 -0.9314991E-03  0.3996770E+00  0.6706112E-03 -0.8176896E-03 -0.1228609E-02 -0.6003230E+00
   01  0.2558027E+00  0.5990296E+00  0.1632575E-02 -0.8450571E-03  0.3997893E+00  0.5680655E-03 -0.7964494E-03 -0.1181142E-02 -0.6002107E+00
   01  0.2648698E+00  0.5989874E+00  0.1578773E-02 -0.7659835E-03  0.3999511E+00  0.4360330E-03 -0.7837283E-03 -0.1061553E-02 -0.6000489E+00
   01  0.2739369E+00  0.5989511E+00  0.1513866E-02 -0.6834254E-03  0.4001482E+00  0.2896249E-03 -0.7721246E-03 -0.9006794E-03 -0.5998518E+00
   01  0.2830042E+00  0.5989196E+00  0.1455138E-02 -0.6204663E-03  0.4003684E+00  0.1423544E-03 -0.7711054E-03 -0.7119282E-03 -0.5996316E+00
   01  0.2920715E+00  0.5988774E+00  0.1399201E-02 -0.5303724E-03  0.4005868E+00 -0.1673458E-06 -0.7521420E-03 -0.5358488E-03 -0.5994132E+00
   01  0.3011391E+00  0.5988112E+00  0.1338385E-02 -0.3827404E-03  0.4007865E+00 -0.1392304E-03 -0.6958457E-03 -0.4022911E-03 -0.5992135E+00
   01  0.3102067E+00  0.5987297E+00  0.1273888E-02 -0.2223910E-03  0.4009745E+00 -0.2755858E-03 -0.6289930E-03 -0.2957900E-03 -0.5990255E+00
   01  0.3192746E+00  0.5986479E+00  0.1200719E-02 -0.7352771E-04  0.4011481E+00 -0.4102874E-03 -0.5631704E-03 -0.2039511E-03 -0.5988519E+00
   01  0.3283426E+00  0.5985767E+00  0.1115638E-02  0.5637577E-04  0.4013034E+00 -0.5419810E-03 -0.5022688E-03 -0.1198439E-03 -0.5986966E+00
   01  0.3374106E+00  0.5985234E+00  0.1017548E-02  0.1668941E-03  0.4014355E+00 -0.6670867E-03 -0.4460035E-03 -0.4103957E-04 -0.5985645E+00
   01  0.3464788E+00  0.5984869E+00  0.9099936E-03  0.2637205E-03  0.4015400E+00 -0.7831355E-03 -0.3886908E-03  0.2690863E-04 -0.5984600E+00
   01  0.3555471E+00  0.5984640E+00  0.8004524E-03  0.3494827E-03  0.4016151E+00 -0.8857204E-03 -0.3298283E-03  0.7905279E-04 -0.5983849E+00
   01  0.3646155E+00  0.5984501E+00  0.6970183E-03  0.4159738E-03  0.4016642E+00 -0.9681784E-03 -0.2777598E-03  0.1143385E-03 -0.5983358E+00
   01  0.3736841E+00  0.5984538E+00  0.6146947E-03  0.4466083E-03  0.4016888E+00 -0.1018345E-02 -0.2432870E-03  0.1425579E-03 -0.5983112E+00
   01  0.3827527E+00  0.5984844E+00  0.5613372E-03  0.4370336E-03  0.4016912E+00 -0.1029814E-02 -0.2296141E-03  0.1756621E-03 -0.5983088E+00
   01  0.3918215E+00  0.5985389E+00  0.5690231E-03  0.3776334E-03  0.4016877E+00 -0.9945479E-03 -0.2435612E-03  0.2265741E-03 -0.5983123E+00
   01  0.4008905E+00  0.5986254E+00  0.6588253E-03  0.2533385E-03  0.4016863E+00 -0.9016543E-03 -0.2953946E-03  0.3116496E-03 -0.5983137E+00
   01  0.4099597E+00  0.5987434E+00  0.8093736E-03  0.8080312E-04  0.4016841E+00 -0.7624103E-03 -0.3757367E-03  0.4275603E-03 -0.5983159E+00
   01  0.4190286E+00  0.5988736E+00  0.9597148E-03 -0.8792814E-04  0.4016629E+00 -0.6080441E-03 -0.4516760E-03  0.5364879E-03 -0.5983371E+00
   01  0.4280958E+00  0.5989942E+00  0.1040169E-02 -0.1824731E-03  0.4015948E+00 -0.4789413E-03 -0.4807931E-03  0.5889670E-03 -0.5984052E+00
   01  0.4371625E+00  0.5990930E+00  0.9891321E-03 -0.1828288E-03  0.4014702E+00 -0.4173500E-03 -0.4474695E-03  0.5631813E-03 -0.5985298E+00
   01  0.4462292E+00  0.5991693E+00  0.8514413E-03 -0.1054855E-03  0.4013006E+00 -0.3980826E-03 -0.3563183E-03  0.4698404E-03 -0.5986994E+00
   01  0.4552997E+00  0.5992383E+00  0.6227068E-03  0.1244911E-04  0.4011048E+00 -0.4229664E-03 -0.2341769E-03  0.3431286E-03 -0.5988952E+00
   01  0.4643784E+00  0.5993363E+00  0.3903948E-03  0.1024122E-03  0.4008993E+00 -0.4393470E-03 -0.1259666E-03  0.2356060E-03 -0.5991007E+00
   01  0.4734633E+00  0.5994899E+00  0.2075584E-03  0.8931106E-04  0.4007080E+00 -0.4154560E-03 -0.8104530E-04  0.1978727E-03 -0.5992920E+00
   01  0.4825485E+00  0.5996901E+00  0.1094857E-03  0.1728507E-04  0.4005345E+00 -0.3308606E-03 -0.7625423E-04  0.2245741E-03 -0.5994655E+00
   01  0.4916343E+00  0.5999130E+00  0.5476420E-04 -0.1100198E-03  0.4003775E+00 -0.2185080E-03 -0.1079413E-03  0.2905230E-03 -0.5996225E+00
   01  0.5007210E+00  0.6001276E+00  0.9030371E-05 -0.2157033E-03  0.4002305E+00 -0.1063697E-03 -0.1319130E-03  0.3580458E-03 -0.5997695E+00
   01  0.5098077E+00  0.6003089E+00 -0.4659053E-04 -0.2589348E-03  0.4000822E+00 -0.1008622E-04 -0.1221082E-03  0.3910571E-03 -0.5999178E+00
   01  0.5188946E+00  0.6004530E+00 -0.1148102E-03 -0.2288955E-03  0.3999366E+00  0.6609288E-04 -0.7234460E-04  0.3895453E-03 -0.6000634E+00
   01  0.5279814E+00  0.6005634E+00 -0.1818428E-03 -0.1698295E-03  0.3998059E+00  0.1268280E-03 -0.1027327E-04  0.3692374E-03 -0.6001941E+00
   01  0.5370682E+00  0.6006368E+00 -0.2331532E-03 -0.8018289E-04  0.3996948E+00  0.1783119E-03  0.6165552E-04  0.3315047E-03 -0.6003052E+00
   01  0.5461550E+00  0.6006781E+00 -0.2648518E-03  0.6145360E-05  0.3996074E+00  0.2249032E-03  0.1226736E-03  0.2854660E-03 -0.6003926E+00
   01  0.5552421E+00  0.6006947E+00 -0.2799194E-03  0.7022772E-04  0.3995477E+00  0.2642491E-03  0.1612570E-03  0.2423723E-03 -0.6004523E+00
   01  0.5643297E+00  0.6006930E+00 -0.2759404E-03  0.9752574E-04  0.3995148E+00  0.2949545E-03  0.1739288E-03  0.2078796E-03 -0.6004852E+00
   01  0.5734177E+00  0.6006769E+00 -0.2546479E-03  0.9465732E-04  0.3995047E+00  0.3195736E-03  0.1640950E-03  0.1815228E-03 -0.6004953E+00
   01  0.5825060E+00  0.6006422E+00 -0.2201708E-03  0.7524942E-04  0.3995117E+00  0.3373781E-03  0.1408661E-03  0.1538954E-03 -0.6004883E+00
   01  0.5915944E+00  0.6005929E+00 -0.1767186E-03  0.4366290E-04  0.3995318E+00  0.3488565E-03  0.1085520E-03  0.1247260E-03 -0.6004682E+00
   01  0.6006829E+00  0.6005392E+00 -0.1326679E-03  0.8132565E-05  0.3995578E+00  0.3572350E-03  0.7221260E-04  0.9693116E-04 -0.6004422E+00
   01  0.6097713E+00  0.6004827E+00 -0.9020252E-04 -0.2448514E-04  0.3995886E+00  0.3610696E-03  0.3725602E-04  0.7131762E-04 -0.6004114E+00
   01  0.6188597E+00  0.6004235E+00 -0.5087305E-04 -0.5255907E-04  0.3996249E+00  0.3588556E-03  0.5265954E-05  0.4840673E-04 -0.6003751E+00
   01  0.6279479E+00  0.6003590E+00 -0.1256954E-04 -0.7451086E-04  0.3996697E+00  0.3479243E-03 -0.2300201E-04  0.2864481E-04 -0.6003303E+00
   01  0.6370362E+00  0.6002917E+00  0.2303977E-04 -0.8861600E-04  0.3997214E+00  0.3285875E-03 -0.4597104E-04  0.1312892E-04 -0.6002786E+00
   01  0.6461244E+00  0.6002225E+00  0.5451079E-04 -0.9477183E-04  0.3997784E+00  0.3011357E-03 -0.6313740E-04  0.9001155E-06 -0.6002216E+00
   01  0.6552127E+00  0.6001518E+00  0.8417741E-04 -0.9229695E-04  0.3998388E+00  0.2681762E-03 -0.7360826E-04 -0.9403089E-05 -0.6001612E+00
   01  0.6643011E+00  0.6000792E+00  0.1119373E-03 -0.8349455E-04  0.3999032E+00  0.2299988E-03 -0.7870921E-04 -0.1763731E-04 -0.6000968E+00
   01  0.6733896E+00  0.6000035E+00  0.1374751E-03 -0.6912328E-04  0.3999735E+00  0.1854266E-03 -0.7941082E-04 -0.2298897E-04 -0.6000265E+00
   01  0.6824782E+00  0.5999288E+00  0.1616178E-03 -0.5073827E-04  0.4000483E+00  0.1369541E-03 -0.7682252E-04 -0.2289802E-04 -0.5999517E+00
   01  0.6915669E+00  0.5998571E+00  0.1857470E-03 -0.3061959E-04  0.4001257E+00  0.8576938E-04 -0.7164823E-04 -0.1716226E-04 -0.5998743E+00
   01  0.7006556E+00  0.5997950E+00  0.2076236E-03 -0.1223023E-04  0.4001984E+00  0.3550967E-04 -0.6504567E-04 -0.6545547E-05 -0.5998016E+00
   01  0.7097442E+00  0.5997416E+00  0.2273416E-03  0.2758051E-05  0.4002639E+00 -0.1224360E-04 -0.5722012E-04  0.5470565E-05 -0.5997361E+00
   01  0.7188328E+00  0.5996940E+00  0.2447636E-03  0.1469500E-04  0.4003225E+00 -0.5659455E-04 -0.4950633E-04  0.1654453E-04 -0.5996775E+00
   01  0.7279215E+00  0.5996513E+00  0.2589340E-03  0.2435124E-04  0.4003743E+00 -0.9734237E-04 -0.4105513E-04  0.2568100E-04 -0.5996257E+00
   01  0.7370104E+00  0.5996186E+00  0.2677617E-03  0.3132317E-04  0.4004149E+00 -0.1332909E-03 -0.3203444E-04  0.3351066E-04 -0.5995851E+00
   01  0.7460995E+00  0.5995960E+00  0.2716252E-03  0.3491507E-04  0.4004443E+00 -0.1643555E-03 -0.2279797E-04  0.4028718E-04 -0.5995557E+00
   01  0.7551888E+00  0.5995825E+00  0.2701880E-03  0.3496154E-04  0.4004634E+00 -0.1909563E-03 -0.1353684E-04  0.4585491E-04 -0.5995366E+00
   01  0.7642782E+00  0.5995798E+00  0.2627421E-03  0.3137606E-04  0.4004710E+00 -0.2121541E-03 -0.4040131E-05  0.5075987E-04 -0.5995290E+00
   01  0.7733677E+00  0.5995880E+00  0.2491316E-03  0.2529781E-04  0.4004670E+00 -0.2279487E-03  0.5723482E-05  0.5496615E-04 -0.5995330E+00
   01  0.7824572E+00  0.5996044E+00  0.2319003E-03  0.1886966E-04  0.4004538E+00 -0.2385353E-03  0.1622231E-04  0.5824741E-04 -0.5995462E+00
   01  0.7915467E+00  0.5996275E+00  0.2128264E-03  0.1269897E-04  0.4004335E+00 -0.2437500E-03  0.2675276E-04  0.6099015E-04 -0.5995665E+00
   01  0.8006361E+00  0.5996504E+00  0.1959533E-03  0.7530158E-05  0.4004126E+00 -0.2458933E-03  0.3637558E-04  0.6301635E-04 -0.5995874E+00
   01  0.8097258E+00  0.5996736E+00  0.1827762E-03  0.3473032E-05  0.4003924E+00 -0.2440228E-03  0.4490545E-04  0.6602248E-04 -0.5996076E+00
   01  0.8188159E+00  0.5996978E+00  0.1741372E-03  0.1180438E-05  0.4003732E+00 -0.2373089E-03  0.5248271E-04  0.7100442E-04 -0.5996268E+00
   01  0.8279065E+00  0.5997260E+00  0.1730355E-03  0.1350820E-05  0.4003536E+00 -0.2226107E-03  0.5936364E-04  0.7957972E-04 -0.5996464E+00
   01  0.8369972E+00  0.5997597E+00  0.1801343E-03  0.7292427E-05  0.4003340E+00 -0.1989997E-03  0.6719014E-04  0.9369493E-04 -0.5996660E+00
   01  0.8460881E+00  0.5997972E+00  0.1960117E-03  0.2045398E-04  0.4003158E+00 -0.1666542E-03  0.7634445E-04  0.1130151E-03 -0.5996842E+00
   01  0.8551789E+00  0.5998370E+00  0.2184097E-03  0.3998048E-04  0.4002986E+00 -0.1274443E-03  0.8675990E-04  0.1355487E-03 -0.5997014E+00
   01  0.8642698E+00  0.5998772E+00  0.2388852E-03  0.6131759E-04  0.4002795E+00 -0.8666399E-04  0.9684509E-04  0.1567924E-03 -0.5997205E+00
   01  0.8733609E+00  0.5999165E+00  0.2471170E-03  0.7667971E-04  0.4002541E+00 -0.4978974E-04  0.1029653E-03  0.1706715E-03 -0.5997459E+00
   01  0.8824521E+00  0.5999516E+00  0.2348197E-03  0.7829761E-04  0.4002202E+00 -0.2300470E-04  0.1005639E-03  0.1718628E-03 -0.5997798E+00
   01  0.8915433E+00  0.5999813E+00  0.2028660E-03  0.6639043E-04  0.4001773E+00 -0.6506680E-05  0.8945906E-04  0.1586898E-03 -0.5998227E+00
   01  0.9006345E+00  0.6000029E+00  0.1484800E-03  0.3745316E-04  0.4001297E+00 -0.2169558E-05  0.6616298E-04  0.1326718E-03 -0.5998703E+00
   01  0.9097257E+00  0.6000186E+00  0.8182757E-04 -0.5378764E-06  0.4000799E+00 -0.5266830E-05  0.3526863E-04  0.9853668E-04 -0.5999201E+00
   01  0.9188169E+00  0.6000330E+00  0.1375866E-04 -0.3721979E-04  0.4000335E+00 -0.1106552E-04  0.2959459E-05  0.6653070E-04 -0.5999665E+00
   01  0.9279081E+00  0.6000508E+00 -0.4284940E-04 -0.5799321E-04  0.3999953E+00 -0.1220032E-04 -0.2197936E-04  0.4611667E-04 -0.6000047E+00
   01  0.9369993E+00  0.6000745E+00 -0.7608472E-04 -0.5710950E-04  0.3999684E+00 -0.1801797E-05 -0.3570867E-04  0.4286866E-04 -0.6000316E+00
   01  0.9460906E+00  0.6001028E+00 -0.9574193E-04 -0.4272633E-04  0.3999518E+00  0.1422738E-04 -0.4252283E-04  0.5464249E-04 -0.6000482E+00
   01  0.9551818E+00  0.6001311E+00 -0.1064483E-03 -0.1855112E-04  0.3999433E+00  0.3249856E-04 -0.4489463E-04  0.7440623E-04 -0.6000567E+00
   01  0.9642730E+00  0.6001539E+00 -0.1166178E-03  0.6453131E-05  0.3999408E+00  0.4763900E-04 -0.4873694E-04  0.9471192E-04 -0.6000592E+00
   01  0.9733642E+00  0.6001670E+00 -0.1278911E-03  0.3006626E-04  0.3999412E+00  0.5856464E-04 -0.5641126E-04  0.1082262E-03 -0.6000588E+00
   01  0.9824554E+00  0.6001703E+00 -0.1383681E-03  0.4753909E-04  0.3999411E+00  0.6597092E-04 -0.6972056E-04  0.1114527E-03 -0.6000589E+00
   01  0.9915467E+00  0.6001669E+00 -0.1432288E-03  0.6215857E-04  0.3999399E+00  0.7315833E-04 -0.8539280E-04  0.1067752E-03 -0.6000601E+00
