				Ts3a.txt
Tsunami Benchmark Problem #3, Runup of Solitary Waves on a Vertical Wall, Case A

30 sec of data from 265 to 295 sec, Gages 4-10, Units = Meters

Time       G4_M         G5_M        G6_M         G7_M         G8_M         G9_M        G10_M
     
265.05    0.000000    -0.000305    0.000000    -0.000914    -0.000305    -0.000305    0.000914    
265.10    0.000000    -0.000305    0.000000    -0.000914    -0.000305    -0.000305    0.000914    
265.15    0.000000    -0.000305    0.000000    -0.000914    -0.000305    -0.000305    0.000914    
265.20    0.000000    -0.000305    0.000000    -0.000914    -0.000305    -0.000305    0.000914    
265.25    0.000000    -0.000305    0.000000    -0.000914    -0.000305    -0.000305    0.000914    
265.30    0.000000    -0.000305   -0.000305    -0.000914    -0.000305    -0.000305    0.000914    
265.35    0.000000    -0.000305    0.000000    -0.000914    -0.000305    -0.000305    0.000914    
265.40    0.000000    -0.000305    0.000000    -0.000914    -0.000305    -0.000305    0.000914    
265.45    0.000000    -0.000305    0.000000    -0.000914    -0.000305    -0.000305    0.000914    
265.50    0.000000    -0.000305    0.000000    -0.000914    -0.000305    -0.000305    0.000914    
265.55    0.000000    -0.000305    0.000000    -0.000914    -0.000305    -0.000305    0.000914    
265.60    0.000000    -0.000305    0.000000    -0.000914    -0.000305    -0.000305    0.000914    
265.65    0.000000    -0.000305    0.000000    -0.000914    -0.000305    -0.000305    0.000914    
265.70    0.000000    -0.000305    0.000000    -0.000914    -0.000305    -0.000305    0.000914    
265.75    0.000000    -0.000305    0.000000    -0.000914    -0.000305    -0.000305    0.000914    
265.80    0.000000    -0.000305   -0.000305    -0.000914    -0.000305    -0.000305    0.000914    
265.85    0.000000    -0.000305    0.000000    -0.000914    -0.000305    -0.000305    0.000914    
265.90    0.000000    -0.000305    0.000000    -0.000914    -0.000305    -0.000305    0.000914    
265.95    0.000000    -0.000305    0.000000    -0.000914    -0.000305    -0.000305    0.000914    
266.00    0.000000    -0.000305    0.000000    -0.000914    -0.000305    -0.000305    0.000914    
266.05    0.000000    -0.000305    0.000000    -0.000914    -0.000305    -0.000305    0.000914    
266.10    0.000000    -0.000305    0.000000    -0.000914    -0.000305    -0.000305    0.000914    
266.15    0.000000    -0.000305    0.000000    -0.000914    -0.000305    -0.000305    0.000914    
266.20    0.000000    -0.000305   -0.000305    -0.000914    -0.000305    -0.000305    0.000914    
266.25    0.000000    -0.000305    0.000000    -0.000914    -0.000305    -0.000305    0.000914    
266.30    0.000000    -0.000305   -0.000305    -0.000914    -0.000305    -0.000305    0.000914    
266.35    0.000000    -0.000305    0.000000    -0.000914    -0.000305    -0.000305    0.000914    
266.40    0.000000    -0.000305    0.000000    -0.000914    -0.000305    -0.000305    0.000914    
266.45    0.000000    -0.000305    0.000000    -0.000914    -0.000305    -0.000305    0.000914    
266.50    0.000000    -0.000305    0.000000    -0.000914    -0.000305    -0.000305    0.000914    
266.55    0.000000    -0.000305    0.000000    -0.000914    -0.000305    -0.000305    0.000914    
266.60    0.000000    -0.000305    0.000000    -0.000914    -0.000305    -0.000305    0.000914    
266.65    0.000000    -0.000305    0.000000    -0.000914    -0.000305    -0.000305    0.000914    
266.70    0.000000    -0.000305    0.000000    -0.000914    -0.000305    -0.000305    0.000914    
266.75    0.000000    -0.000305    0.000000    -0.000914    -0.000305    -0.000305    0.000914    
266.80    0.000000    -0.000305    0.000000    -0.000914    -0.000305    -0.000305    0.000914    
266.85    0.000000    -0.000305    0.000000    -0.000914    -0.000305    -0.000305    0.000914    
266.90    0.000000    -0.000305    0.000000    -0.000914    -0.000305    -0.000305    0.000914    
266.95    0.000000    -0.000305    0.000000    -0.000914    -0.000305    -0.000305    0.000610    
267.00    0.000000    -0.000305    0.000000    -0.000914    -0.000305    -0.000305    0.000914    
267.05    0.000000    -0.000305    0.000000    -0.000914    -0.000305    -0.000305    0.000610    
267.10    0.000000    -0.000305    0.000000    -0.000914    -0.000305    -0.000305    0.000914    
267.15    0.000000    -0.000305    0.000000    -0.000914    -0.000305    -0.000305    0.000610    
267.20    0.000000    -0.000305    0.000000    -0.000914    -0.000305    -0.000305    0.000610    
267.25    0.000000    -0.000305    0.000000    -0.000914    -0.000305    -0.000305    0.000610    
267.30    0.000000    -0.000305    0.000000    -0.000914    -0.000305    -0.000305    0.000610    
267.35    0.000000    -0.000305    0.000000    -0.000914    -0.000305    -0.000305    0.000610    
267.40    0.000000    -0.000305   -0.000305    -0.000914    -0.000305    -0.000305    0.000610    
267.45    0.000000    -0.000305    0.000000    -0.000914    -0.000305    -0.000610    0.000610    
267.50    0.000000    -0.000305    0.000000    -0.000914    -0.000305    -0.000305    0.000610    
267.55    0.000000    -0.000305    0.000000    -0.000914    -0.000305    -0.000305    0.000610    
267.60    0.000000    -0.000305    0.000000    -0.000914    -0.000305    -0.000305    0.000610    
267.65    0.000000    -0.000305   -0.000305    -0.000914    -0.000305    -0.000305    0.000610    
267.70    0.000000    -0.000305    0.000000    -0.000914    -0.000305    -0.000305    0.000610    
267.75    0.000000    -0.000305    0.000000    -0.000914    -0.000305    -0.000305    0.000610    
267.80    0.000000    -0.000305    0.000000    -0.000914    -0.000305    -0.000305    0.000610    
267.85    0.000000    -0.000305   -0.000305    -0.000914    -0.000305    -0.000305    0.000610    
267.90    0.000000    -0.000305    0.000000    -0.000914    -0.000305    -0.000305    0.000610    
267.95    0.000000    -0.000305    0.000000    -0.000914    -0.000305    -0.000305    0.000610    
268.00    0.000000    -0.000305    0.000000    -0.000914    -0.000305    -0.000305    0.000610    
268.05    0.000000    -0.000305    0.000000    -0.000914    -0.000305    -0.000305    0.000610    
268.10    0.000000    -0.000305    0.000000    -0.000914    -0.000305    -0.000305    0.000610    
268.15    0.000000    -0.000305    0.000000    -0.000914    -0.000305    -0.000305    0.000610    
268.20    0.000000    -0.000305    0.000000    -0.000914    -0.000305    -0.000305    0.000610    
268.25    0.000000    -0.000305    0.000000    -0.000914    -0.000305    -0.000305    0.000610    
268.30    0.000000    -0.000305    0.000000    -0.000914    -0.000305    -0.000305    0.000610    
268.35    0.000000    -0.000305    0.000000    -0.000914    -0.000305    -0.000305    0.000610    
268.40    0.000000    -0.000305    0.000000    -0.000914    -0.000305    -0.000305    0.000610    
268.45    0.000000    -0.000305    0.000000    -0.000914    -0.000305    -0.000305    0.000610    
268.50    0.000000    -0.000305    0.000000    -0.000914    -0.000305    -0.000305    0.000610    
268.55    0.000000    -0.000305    0.000000    -0.000914    -0.000305    -0.000305    0.000610    
268.60    0.000000    -0.000305    0.000000    -0.000914    -0.000305    -0.000305    0.000610    
268.65    0.000000    -0.000305    0.000000    -0.000914    -0.000305    -0.000305    0.000610    
268.70    0.000000    -0.000305    0.000000    -0.000914    -0.000305    -0.000305    0.000610    
268.75    0.000000    -0.000305    0.000000    -0.000914    -0.000305    -0.000305    0.000610    
268.80    0.000000    -0.000305    0.000000    -0.000914    -0.000305    -0.000305    0.000610    
268.85    0.000000    -0.000305    0.000000    -0.000914    -0.000305    -0.000305    0.000610    
268.90    0.000000    -0.000305    0.000000    -0.000914    -0.000305    -0.000305    0.000610    
268.95    0.000000    -0.000305    0.000000    -0.000914    -0.000305    -0.000305    0.000610    
269.00    0.000000    -0.000305    0.000000    -0.000914    -0.000305    -0.000305    0.000610    
269.05    0.000000    -0.000305    0.000000    -0.000914    -0.000305    -0.000305    0.000610    
269.10    0.000000    -0.000305    0.000000    -0.000914    -0.000305    -0.000305    0.000610    
269.15    0.000000    -0.000305    0.000000    -0.000914    -0.000305    -0.000305    0.000610    
269.20    0.000000    -0.000305    0.000000    -0.000914    -0.000305    -0.000305    0.000610    
269.25    0.000000    -0.000305    0.000000    -0.000914    -0.000305    -0.000305    0.000610    
269.30    0.000000    -0.000305    0.000000    -0.000914    -0.000305    -0.000305    0.000610    
269.35    0.000000    -0.000305    0.000000    -0.000914    -0.000305    -0.000305    0.000610    
269.40    0.000000    -0.000305    0.000000    -0.000914    -0.000305    -0.000305    0.000610    
269.45    0.000000    -0.000305    0.000000    -0.000914    -0.000305    -0.000305    0.000610    
269.50    0.000000    -0.000305    0.000000    -0.000914    -0.000305    -0.000305    0.000610    
269.55    0.000000    -0.000305    0.000000    -0.000914    -0.000305    -0.000305    0.000610    
269.60    0.000000    -0.000305    0.000000    -0.000914    -0.000305    -0.000305    0.000610    
269.65    0.000000    -0.000305    0.000000    -0.000914    -0.000305    -0.000305    0.000610    
269.70    0.000000    -0.000305    0.000000    -0.000914    -0.000305    -0.000305    0.000610    
269.75    0.000000    -0.000305   -0.000305    -0.000914    -0.000305    -0.000305    0.000610    
269.80    0.000000    -0.000305    0.000000    -0.000914    -0.000305    -0.000305    0.000610    
269.85    0.000000    -0.000305    0.000000    -0.000914    -0.000305    -0.000305    0.000610    
269.90    0.000000    -0.000305    0.000000    -0.000914    -0.000305    -0.000305    0.000610    
269.95    0.000000    -0.000305    0.000000    -0.000914    -0.000305    -0.000305    0.000610    
270.00    0.000305    -0.000305    0.000000    -0.000914    -0.000305    -0.000305    0.000610    
270.05    0.000305    -0.000305    0.000000    -0.000914    -0.000305    -0.000305    0.000610    
270.10    0.000305    -0.000305    0.000000    -0.000914    -0.000305    -0.000305    0.000610    
270.15    0.000305    -0.000305    0.000000    -0.000914    -0.000305    -0.000305    0.000610    
270.20    0.000305    -0.000305    0.000000    -0.000914    -0.000305    -0.000610    0.000610    
270.25    0.000305    -0.000305    0.000000    -0.000914    -0.000305    -0.000305    0.000610    
270.30    0.000305    -0.000305    0.000000    -0.000914    -0.000305    -0.000305    0.000610    
270.35    0.000610    -0.000305    0.000000    -0.000914    -0.000305    -0.000305    0.000610    
270.40    0.000610    -0.000305    0.000000    -0.000914    -0.000305    -0.000305    0.000610    
270.45    0.000610    -0.000305    0.000000    -0.000914    -0.000305    -0.000305    0.000610    
270.50    0.000914    -0.000305    0.000000    -0.000914    -0.000305    -0.000305    0.000610    
270.55    0.000914    -0.000305   -0.000305    -0.000914    -0.000305    -0.000305    0.000610    
270.60    0.001219    -0.000305    0.000000    -0.000914    -0.000305    -0.000305    0.000610    
270.65    0.001524    -0.000305    0.000000    -0.000914    -0.000305    -0.000305    0.000610    
270.70    0.001829    -0.000305    0.000000    -0.000914    -0.000305    -0.000305    0.000610    
270.75    0.002134    -0.000305    0.000000    -0.000914    -0.000305    -0.000305    0.000610    
270.80    0.002743    -0.000305    0.000000    -0.000914    -0.000305    -0.000305    0.000610    
270.85    0.003048    -0.000305    0.000000    -0.000914    -0.000305    -0.000305    0.000610    
270.90    0.003658    -0.000305    0.000000    -0.000914    -0.000305    -0.000305    0.000610    
270.95    0.004267    -0.000305   -0.000305    -0.000914    -0.000305    -0.000305    0.000610    
271.00    0.004572    -0.000305    0.000000    -0.000914    -0.000305    -0.000305    0.000610    
271.05    0.005182    -0.000305    0.000000    -0.000914    -0.000305    -0.000305    0.000610    
271.10    0.005486    -0.000305    0.000000    -0.000914    -0.000305    -0.000305    0.000610    
271.15    0.006401    -0.000305    0.000000    -0.000914    -0.000305    -0.000305    0.000610    
271.20    0.007010    -0.000305    0.000000    -0.000914    -0.000305    -0.000305    0.000610    
271.25    0.007315    -0.000305   -0.000305    -0.000914    -0.000305    -0.000305    0.000610    
271.30    0.007620    -0.000305    0.000000    -0.000914    -0.000305    -0.000305    0.000610    
271.35    0.007925    -0.000305    0.000000    -0.000914    -0.000305    -0.000305    0.000610    
271.40    0.007925    -0.000305   -0.000305    -0.000914    -0.000305    -0.000305    0.000610    
271.45    0.007925    -0.000305    0.000000    -0.000914    -0.000305    -0.000305    0.000610    
271.50    0.008230    -0.000305   -0.000305    -0.000914    -0.000305    -0.000305    0.000610    
271.55    0.008230    0.000000     0.000000    -0.000914    -0.000305    -0.000305    0.000610    
271.60    0.007925    0.000000    -0.000305    -0.000914    -0.000305    -0.000305    0.000610    
271.65    0.007925    0.000305    -0.000305    -0.000914    -0.000305    -0.000305    0.000610    
271.70    0.007925    0.000305    -0.000305    -0.000914    -0.000305    -0.000305    0.000610    
271.75    0.007925    0.000305    -0.000305    -0.000914    -0.000305    -0.000305    0.000610    
271.80    0.007620    0.000305    -0.000305    -0.000914    -0.000305    -0.000305    0.000610    
271.85    0.007315    0.000610     0.000000    -0.000914    -0.000305    -0.000610    0.000610    
271.90    0.007010    0.000914    -0.000305    -0.000914    -0.000305    -0.000305    0.000610    
271.95    0.006706    0.000914     0.000000    -0.000914    -0.000305    -0.000610    0.000610    
272.00    0.006096    0.001219     0.000000    -0.000914    -0.000305    -0.000305    0.000610    
272.05    0.005486    0.001524     0.000000    -0.000914    -0.000305    -0.000610    0.000610    
272.10    0.005182    0.001524     0.000000    -0.000914    -0.000305    -0.000305    0.000610    
272.15    0.004572    0.001829     0.000000    -0.000914    -0.000305    -0.000610    0.000610    
272.20    0.004267    0.002134     0.000000    -0.000914    -0.000305    -0.000305    0.000610    
272.25    0.003658    0.002438     0.000000    -0.000914    -0.000305    -0.000610    0.000610    
272.30    0.003353    0.002743     0.000000    -0.000914    -0.000305    -0.000305    0.000610    
272.35    0.003048    0.003048    -0.000305    -0.000914    -0.000305    -0.000610    0.000610    
272.40    0.002743    0.003658     0.000000    -0.000914    -0.000305    -0.000610    0.000610    
272.45    0.002438    0.003962     0.000000    -0.000914    -0.000305    -0.000305    0.000610    
272.50    0.002134    0.004572     0.000000    -0.000914    -0.000305    -0.000610    0.000610    
272.55    0.001829    0.004877     0.000000    -0.000914    -0.000305    -0.000610    0.000610    
272.60    0.001524    0.005182     0.000000    -0.000914    -0.000305    -0.000610    0.000610    
272.65    0.001219    0.005791     0.000000    -0.000914    -0.000305    -0.000610    0.000610    
272.70    0.001219    0.006096     0.000000    -0.000914    -0.000305    -0.000610    0.000610    
272.75    0.001219    0.006706     0.000000    -0.000914    -0.000305    -0.000610    0.000610    
272.80    0.000914    0.007010     0.000000    -0.000914    -0.000305    -0.000305    0.000610    
272.85    0.000914    0.007620     0.000000    -0.000914    -0.000305    -0.000610    0.000610    
272.90    0.000610    0.007925     0.000000    -0.000914    -0.000305    -0.000610    0.000610    
272.95    0.000610    0.008230     0.000000    -0.000914    -0.000305    -0.000610    0.000610    
273.00    0.000610    0.008230     0.000000    -0.000914    -0.000305    -0.000610    0.000610    
273.05    0.000305    0.008534     0.000305    -0.000914    -0.000305    -0.000610    0.000610    
273.10    0.000305    0.008534     0.000305    -0.000914    -0.000305    -0.000305    0.000610    
273.15    0.000305    0.008534     0.000305    -0.000914    -0.000305    -0.000610    0.000610    
273.20    0.000305    0.008839     0.000305    -0.000914    -0.000305    -0.000610    0.000610    
273.25    0.000305    0.008534     0.000305    -0.000914    -0.000305    -0.000610    0.000610    
273.30    0.000305    0.008534     0.000610    -0.000914    -0.000305    -0.000305    0.000610    
273.35    0.000000    0.008534     0.000914    -0.000914    -0.000305    -0.000610    0.000610    
273.40    0.000000    0.008230     0.001219    -0.000914    -0.000305    -0.000305    0.000610    
273.45    0.000000    0.008230     0.001524    -0.000914    -0.000305    -0.000610    0.000610    
273.50    0.000000    0.007620     0.001524    -0.000914    -0.000305    -0.000610    0.000610    
273.55    0.000000    0.007315     0.001829    -0.000914    -0.000305    -0.000610    0.000610    
273.60    0.000000    0.006706     0.002134    -0.000914    -0.000305    -0.000610    0.000610    
273.65    0.000000    0.006401     0.002134    -0.000914    -0.000305    -0.000610    0.000610    
273.70    0.000000    0.005791     0.002438    -0.000914    -0.000305    -0.000305    0.000610    
273.75    0.000000    0.005486     0.003048    -0.000914    -0.000305    -0.000610    0.000610    
273.80    0.000000    0.004877     0.003353    -0.000914    -0.000305    -0.000305    0.000610    
273.85    0.000000    0.004572     0.003658    -0.000914    -0.000305    -0.000610    0.000610    
273.90    0.000000    0.003962     0.004267    -0.000914    -0.000305    -0.000610    0.000610    
273.95    0.000000    0.003658     0.004267    -0.000914    -0.000305    -0.000610    0.000610    
274.00    0.000000    0.003353     0.004877    -0.000914    -0.000305    -0.000610    0.000610    
274.05    0.000000    0.003048     0.005182    -0.000914    -0.000305    -0.000610    0.000610    
274.10    0.000000    0.002743     0.005486    -0.000914    -0.000305    -0.000610    0.000610    
274.15    0.000000    0.002134     0.005791    -0.000914    -0.000305    -0.000610    0.000610    
274.20    0.000000    0.002134     0.006401    -0.000914    -0.000305    -0.000610    0.000610    
274.25    0.000000    0.001829     0.006706    -0.000914    -0.000305    -0.000610    0.000610    
274.30    0.000000    0.001524     0.007010    -0.000914    -0.000305    -0.000305    0.000610    
274.35    0.000000    0.001524     0.007315    -0.000914    -0.000305    -0.000610    0.000610    
274.40    0.000000    0.001219     0.007315    -0.000914    -0.000305    -0.000305    0.000610    
274.45   -0.000305    0.000914     0.007925    -0.000914    -0.000305    -0.000610    0.000610    
274.50   -0.000305    0.000914     0.008230    -0.000914    -0.000305    -0.000610    0.000610    
274.55   -0.000305    0.000914     0.008230    -0.000610    -0.000305    -0.000610    0.000610    
274.60   -0.000305    0.000610     0.008534    -0.000610    -0.000305    -0.000610    0.000610    
274.65    0.000000    0.000610     0.008839    -0.000610    -0.000305    -0.000610    0.000610    
274.70    0.000000    0.000610     0.008839    -0.000610    -0.000305    -0.000610    0.000610    
274.75    0.000000    0.000305     0.008839    -0.000610    -0.000305    -0.000610    0.000610    
274.80    0.000000    0.000305     0.008839    -0.000305    -0.000305    -0.000305    0.000610    
274.85    0.000000    0.000305     0.008839    -0.000305    -0.000305    -0.000610    0.000610    
274.90    0.000000    0.000305     0.008839    -0.000305    -0.000305    -0.000610    0.000610    
274.95    0.000000    0.000305     0.008534    -0.000305    -0.000305    -0.000610    0.000610    
275.00    0.000000    0.000305     0.008534     0.000000    -0.000305    -0.000610    0.000610    
275.05    0.000000    0.000000     0.008230     0.000000    -0.000305    -0.000610    0.000610    
275.10    0.000000    0.000305     0.007925     0.000305    -0.000305    -0.000610    0.000610    
275.15    0.000000    0.000305     0.007620     0.000610    -0.000305    -0.000610    0.000610    
275.20    0.000000    0.000305     0.007010     0.000610    -0.000305    -0.000610    0.000610    
275.25    0.000000    0.000305     0.006706     0.000914    -0.000305    -0.000610    0.000610    
275.30    0.000000    0.000000     0.006096     0.000914    -0.000305    -0.000610    0.000610    
275.35    0.000000    0.000305     0.005486     0.001219    -0.000305    -0.000610    0.000610    
275.40    0.000000    0.000000     0.005182     0.001524    -0.000305    -0.000610    0.000610    
275.45    0.000000    0.000305     0.004877     0.001829    -0.000305    -0.000610    0.000610    
275.50    0.000000    0.000000     0.004267     0.002134    -0.000305    -0.000610    0.000610    
275.55    0.000000    0.000000     0.003962     0.002438    -0.000305    -0.000610    0.000610    
275.60    0.000000    0.000000     0.003658     0.002743    -0.000305    -0.000610    0.000610    
275.65    0.000000    0.000000     0.003353     0.003353    -0.000305    -0.000610    0.000610    
275.70    0.000000    0.000000     0.003048     0.003658    -0.000305    -0.000610    0.000610    
275.75    0.000000    0.000000     0.002743     0.004267    -0.000305    -0.000305    0.000610    
275.80    0.000000    0.000000     0.002438     0.004572    -0.000305    -0.000610    0.000610    
275.85    0.000000    0.000000     0.002134     0.005182    -0.000305    -0.000610    0.000610    
275.90    0.000000    0.000000     0.001829     0.005791    -0.000305    -0.000610    0.000610    
275.95    0.000000    0.000000     0.001829     0.006401    -0.000305    -0.000610    0.000610    
276.00    0.000000    0.000000     0.001524     0.007010     0.000000    -0.000610    0.000610    
276.05    0.000000    0.000000     0.001524     0.007620     0.000000    -0.000610    0.000610    
276.10    0.000000    0.000000     0.001219     0.007925     0.000000    -0.000610    0.000610    
276.15    0.000000    0.000000     0.000914     0.008230     0.000000    -0.000610    0.000610    
276.20    0.000000    0.000000     0.000914     0.008534     0.000000    -0.000610    0.000610    
276.25    0.000000    0.000000     0.000914     0.008839      0.000305    -0.000305   0.000610    
276.30    0.000000    0.000000     0.000610     0.009144      0.000305    -0.000610   0.000610    
276.35    0.000000    0.000000     0.000610     0.009144      0.000305    -0.000305   0.000610    
276.40    0.000000    0.000000     0.000610     0.009144      0.000610    -0.000610   0.000610    
276.45    0.000000    0.000000     0.000610     0.009144      0.000610    -0.000610   0.000610    
276.50    -0.000305    0.000000    0.000610     0.009144      0.000914    -0.000610   0.000610    
276.55    -0.000305    0.000000    0.000610     0.009144      0.001219    -0.000610   0.000610    
276.60    -0.000305    0.000000    0.000305     0.008839      0.001219    -0.000610   0.000610    
276.65    -0.000305    0.000000    0.000305     0.008534      0.001524    -0.000610   0.000610    
276.70    -0.000305    0.000000    0.000305     0.008534      0.001829    -0.000610   0.000610    
276.75    -0.000305    0.000000    0.000305     0.007925      0.002134    -0.000610   0.000610    
276.80    -0.000305    0.000000    0.000305    0.007620      0.002438    -0.000610    0.000610    
276.85    -0.000305    0.000000    0.000305    0.007010      0.003048    -0.000610    0.000610    
276.90    -0.000305    0.000000    0.000305    0.006401      0.003353    -0.000305    0.000610    
276.95    -0.000305    0.000000    0.000305    0.005791      0.003658    -0.000610    0.000610    
277.00    -0.000305    0.000000    0.000305    0.005486      0.003962    -0.000305    0.000610    
277.05    -0.000305    0.000000    0.000305    0.004877      0.004572    -0.000305    0.000610    
277.10    -0.000305    0.000000    0.000305    0.004572      0.005182    -0.000305    0.000610    
277.15     0.000000    0.000000    0.000305    0.004267      0.005791    -0.000305    0.000610    
277.20    0.000000    0.000000    0.000305    0.003658    0.006401    -0.000305    0.000610    
277.25    0.000000    0.000000    0.000305    0.003353    0.007010    -0.000305    0.000610    
277.30    0.000000    0.000000    0.000305    0.003048    0.007620    -0.000305    0.000610    
277.35    0.000000    0.000000    0.000305    0.002743    0.008230    -0.000305    0.000610    
277.40    -0.000305    0.000000    0.000000    0.002438    0.008534    -0.000305    0.000610    
277.45    -0.000305    0.000000    0.000305    0.002134    0.008839    0.000000    0.000610    
277.50    -0.000305    0.000000    0.000305    0.001829    0.009144    0.000000    0.000610    
277.55    -0.000305    0.000000    0.000000    0.001524    0.009144    0.000000    0.000610    
277.60    -0.000305    0.000000    0.000305    0.001219    0.009144    0.000000    0.000914    
277.65    0.000000    0.000000    0.000000    0.000914    0.009144    0.000305    0.000914    
277.70    0.000000    0.000000    0.000000    0.000610    0.009144    0.000305    0.000914    
277.75    0.000000    0.000000    0.000000    0.000610    0.009144    0.000610    0.000914    
277.80    0.000000    0.000000    0.000000    0.000305    0.009144    0.000610    0.000914    
277.85    0.000000    0.000000    0.000000    0.000305    0.009144    0.000914    0.000914    
277.90    0.000000    -0.000305    0.000000    0.000000    0.008839    0.001219    0.001219    
277.95    0.000000    0.000000    0.000000    0.000000    0.008534    0.001524    0.001219    
278.00    0.000000    0.000000    0.000000    -0.000305    0.007925    0.001524    0.001219    
278.05    0.000000    0.000000    0.000000    -0.000305    0.007620    0.002134    0.001219    
278.10    0.000000    0.000000    0.000000    -0.000305    0.007010    0.002438    0.001524    
278.15    0.000000    0.000000    0.000000    -0.000305    0.006706    0.002743    0.001524    
278.20    0.000000    -0.000305    0.000000    -0.000610    0.006401    0.003353    0.001829    
278.25    0.000000    0.000000    0.000000    -0.000610    0.006096    0.003658    0.001829    
278.30    0.000000    0.000000    0.000000    -0.000610    0.005791    0.004572    0.002134    
278.35    0.000000    0.000000    0.000000    -0.000610    0.005486    0.004877    0.002438    
278.40    0.000000    -0.000305    0.000000    -0.000610    0.005182    0.005791    0.002743    
278.45    0.000000    -0.000305    0.000000    -0.000610    0.004877    0.006401    0.003048    
278.50    0.000000    -0.000305    0.000000    -0.000610    0.004267    0.007010    0.003353    
278.55    0.000000    -0.000305    0.000000    -0.000914    0.003658    0.007925    0.003962    
278.60    0.000000    -0.000305    0.000000    -0.000914    0.003353    0.008230    0.004267    
278.65    0.000000    -0.000305    0.000000    -0.000914    0.002743    0.008839    0.004877    
278.70    0.000000    -0.000305    0.000000    -0.000914    0.002743    0.009449    0.005182    
278.75    0.000000    -0.000305    0.000000    -0.000914    0.002438    0.009754    0.005791    
278.80    0.000000    -0.000305    0.000000    -0.000914    0.002134    0.010058    0.006096    
278.85    0.000000    -0.000305    0.000000    -0.000914    0.001829    0.010363    0.006401    
278.90    0.000000    -0.000305    0.000000    -0.000914    0.001524    0.010363    0.006706    
278.95    0.000000    -0.000305    0.000000    -0.000914    0.001524    0.010363    0.007620    
279.00    0.000000    -0.000305    0.000000    -0.000914    0.001219    0.010363    0.008534    
279.05    0.000000    -0.000305    -0.000305    -0.000914    0.000914    0.010363    0.009449    
279.10    0.000000    -0.000305    -0.000305    -0.000914    0.000914    0.010363    0.010363    
279.15    0.000000    -0.000305    -0.000305    -0.000914    0.000610    0.010058    0.010973    
279.20    0.000000    -0.000305    -0.000305    -0.000914    0.000610    0.010058    0.011887    
279.25    0.000000    -0.000305    -0.000305    -0.000914    0.000305    0.009754    0.012192    
279.30    0.000000    -0.000305    -0.000305    -0.000914    0.000305    0.009449    0.012497    
279.35    0.000000    -0.000305    -0.000305    -0.000914    0.000000    0.009144    0.012802    
279.40    0.000000    -0.000305    -0.000305    -0.000914    0.000000    0.008839    0.013106    
279.45    0.000000    -0.000305    -0.000305    -0.000914    0.000000    0.008230    0.013106    
279.50    0.000000    -0.000305    -0.000305    -0.001219    0.000000    0.008230    0.013106    
279.55    0.000000    -0.000305    -0.000305    -0.001219    0.000000    0.007925    0.013106    
279.60    0.000000    -0.000305    -0.000305    -0.001219    -0.000305    0.007620    0.013106    
279.65    0.000000    -0.000305    -0.000305    -0.001219    -0.000305    0.007315    0.013106    
279.70    0.000000    -0.000305    -0.000305    -0.001219    -0.000305    0.007010    0.013106    
279.75    0.000000    -0.000305    -0.000305    -0.001219    -0.000305    0.007010    0.013106    
279.80    0.000000    -0.000305    -0.000305    -0.001219    -0.000305    0.007010    0.013106    
279.85    0.000000    -0.000305    -0.000305    -0.001219    -0.000305    0.006706    0.013411    
279.90    0.000000    -0.000305    -0.000305    -0.001219    -0.000305    0.006401    0.013716    
279.95    0.000000    -0.000305    -0.000305    -0.001219    -0.000305    0.006401    0.014326    
280.00    0.000000    -0.000305    -0.000305    -0.001219    -0.000305    0.006401    0.014935    
280.05    0.000000    -0.000305    -0.000305    -0.001219    0.000000    0.006401    0.015850    
280.10    0.000000    -0.000305    -0.000305    -0.001219    0.000000    0.006401    0.016459    
280.15    0.000000    -0.000305    -0.000305    -0.001219    0.000000    0.006401    0.016764    
280.20    0.000000    -0.000305    -0.000305    -0.001219    0.000000    0.006706    0.017069    
280.25    0.000000    -0.000305    -0.000305    -0.001219    0.000000    0.007010    0.017069    
280.30    0.000000    -0.000305    -0.000305    -0.001219    0.000000    0.007620    0.017069    
280.35    0.000000    -0.000305    -0.000305    -0.001219    0.000305    0.007925    0.016764    
280.40    0.000000    -0.000305    -0.000305    -0.001219    0.000305    0.008534    0.016459    
280.45    0.000000    -0.000305    -0.000610    -0.001219    0.000305    0.009449    0.016154    
280.50    0.000000    -0.000305    -0.000610    -0.001219    0.000305    0.010058    0.015240    
280.55    0.000000    -0.000305    -0.000610    -0.001219    0.000610    0.010363    0.014326    
280.60    0.000000    -0.000305    -0.000305    -0.001219    0.000610    0.010668    0.013411    
280.65    0.000000    -0.000305    -0.000305    -0.001219    0.000610    0.010668    0.012497    
280.70    0.000000    -0.000305    -0.000305    -0.001219    0.000610    0.010973    0.011582    
280.75    0.000000    -0.000305    -0.000305    -0.001219    0.000914    0.010668    0.010973    
280.80    0.000000    -0.000305    -0.000305    -0.001219    0.000914    0.010668    0.010058    
280.85    0.000000    -0.000305    -0.000305    -0.001219    0.000914    0.010363    0.009449    
280.90    0.000000    -0.000305    -0.000305    -0.001219    0.000914    0.009754    0.008839    
280.95    0.000000    -0.000305    -0.000305    -0.001219    0.001219    0.009144    0.007925    
281.00    0.000000    -0.000305    -0.000305    -0.001219    0.001219    0.008534    0.007620    
281.05    0.000000    -0.000305    -0.000305    -0.000914    0.001524    0.008230    0.007010    
281.10    0.000000    -0.000305    -0.000305    -0.001219    0.001524    0.007620    0.006401    
281.15    0.000000    -0.000305    -0.000305    -0.000914    0.001524    0.007315    0.005791    
281.20    0.000000    -0.000305    -0.000305    -0.001219    0.001829    0.007010    0.005486    
281.25    0.000000    -0.000305    -0.000305    -0.000914    0.002134    0.006706    0.004877    
281.30    0.000000    -0.000305    -0.000305    -0.000914    0.002134    0.006096    0.004572    
281.35    0.000000    -0.000305    -0.000610    -0.000914    0.002438    0.005486    0.003962    
281.40    0.000000    -0.000305    -0.000610    -0.000914    0.002743    0.005182    0.003658    
281.45    0.000000    -0.000305    -0.000305    -0.000914    0.003048    0.004877    0.003353    
281.50    0.000000    -0.000305    -0.000305    -0.000914    0.003658    0.004572    0.003048    
281.55    0.000000    -0.000305    -0.000305    -0.000914    0.004572    0.004267    0.002743    
281.60    0.000000    -0.000305    -0.000610    -0.000610    0.004877    0.003962    0.002438    
281.65    0.000000    -0.000305    -0.000610    -0.000610    0.005486    0.003658    0.002134    
281.70    0.000000    -0.000305    -0.000610    -0.000610    0.006096    0.003353    0.001829    
281.75    0.000000    -0.000305    -0.000610    -0.000305    0.006706    0.002743    0.001524    
281.80    0.000000    -0.000305    -0.000610    -0.000305    0.007620    0.002743    0.001524    
281.85    -0.000305    -0.000305    -0.000305    -0.000305    0.008230    0.002438    0.001219    
281.90    -0.000305    -0.000305    -0.000305    0.000000    0.008839    0.002134    0.000914    
281.95    -0.000305    -0.000305    -0.000610    0.000000    0.009144    0.001829    0.000914    
282.00    -0.000305    -0.000305    -0.000610    0.000000    0.009449    0.001524    0.000610    
282.05    -0.000305    -0.000305    -0.000305    0.000305    0.009754    0.001524    0.000610    
282.10    -0.000305    -0.000305    -0.000305    0.000305    0.009754    0.001219    0.000305    
282.15    -0.000305    -0.000305    -0.000305    0.000305    0.009754    0.000914    0.000305    
282.20    -0.000305    -0.000305    -0.000305    0.000610    0.009449    0.000610    0.000305    
282.25    -0.000305    -0.000305    -0.000610    0.000610    0.009144    0.000305    0.000000    
282.30    -0.000305    -0.000305    -0.000610    0.000610    0.008534    0.000305    0.000000    
282.35    -0.000305    -0.000305    -0.000610    0.000610    0.007620    0.000000    -0.000305    
282.40    -0.000305    -0.000305    -0.000610    0.000914    0.007010    0.000000    -0.000305    
282.45    -0.000305    -0.000305    -0.000610    0.001219    0.006401    -0.000305    -0.000305    
282.50    -0.000305    -0.000305    -0.000610    0.001219    0.005791    -0.000610    -0.000305    
282.55    -0.000305    -0.000305    -0.000610    0.001524    0.005486    -0.000610    -0.000305    
282.60    -0.000305    -0.000305    -0.000305    0.001829    0.005182    -0.000914    -0.000305    
282.65    -0.000305    -0.000305    -0.000610    0.002134    0.004877    -0.000914    -0.000305    
282.70    -0.000305    -0.000305    -0.000305    0.002438    0.004877    -0.000914    -0.000305    
282.75    -0.000305    -0.000305    -0.000305    0.002743    0.004877    -0.000914    -0.000305    
282.80    -0.000305    -0.000305    -0.000305    0.003048    0.004572    -0.001219    -0.000305    
282.85    -0.000305    -0.000305    -0.000305    0.003658    0.004267    -0.001219    -0.000305    
282.90    -0.000305    -0.000305    -0.000305    0.004267    0.003962    -0.001219    -0.000305    
282.95    -0.000305    -0.000305    -0.000305    0.004877    0.003658    -0.001219    -0.000305    
283.00    -0.000305    -0.000305    -0.000305    0.005486    0.003353    -0.001524    -0.000305    
283.05    -0.000305    -0.000305    -0.000305    0.006401    0.002743    -0.001524    -0.000305    
283.10    -0.000305    -0.000610    -0.000305    0.007315    0.002438    -0.001524    -0.000305    
283.15    -0.000305    -0.000305    -0.000305    0.007925    0.002134    -0.001829    -0.000305    
283.20    -0.000305    -0.000305    -0.000305    0.008534    0.001829    -0.001829    0.000000    
283.25    -0.000305    -0.000610    -0.000305    0.008839    0.001524    -0.001524    0.000000    
283.30    -0.000305    -0.000305    0.000000    0.009144    0.001524    -0.001524    0.000000    
283.35    -0.000305    -0.000305    0.000000    0.009144    0.001219    -0.001524    0.000000    
283.40    -0.000305    -0.000610    0.000000    0.009144    0.001219    -0.001524    0.000000    
283.45    -0.000305    -0.000610    0.000000    0.009144    0.000914    -0.001524    0.000000    
283.50    -0.000305    -0.000305    0.000000    0.008839    0.000914    -0.001524    0.000000    
283.55    -0.000305    -0.000305    0.000305    0.008534    0.000610    -0.001524    0.000000    
283.60    -0.000305    -0.000305    0.000305    0.007620    0.000610    -0.001219    0.000000    
283.65    -0.000305    -0.000305    0.000610    0.007010    0.000305    -0.001219    0.000000    
283.70    -0.000305    -0.000305    0.000610    0.006096    0.000000    -0.001219    0.000000    
283.75    -0.000305    -0.000305    0.000914    0.005486    -0.000305    -0.001219    0.000000    
283.80    -0.000305    -0.000610    0.000914    0.004877    -0.000610    -0.001219    0.000000    
283.85    -0.000305    -0.000610    0.000914    0.004267    -0.000914    -0.001219    0.000000    
283.90    -0.000305    -0.000305    0.001219    0.003962    -0.000914    -0.001219    0.000000    
283.95    -0.000305    -0.000305    0.001219    0.003962    -0.000914    -0.001219    0.000000    
284.00    -0.000305    -0.000610    0.001524    0.003658    -0.000914    -0.001219    0.000000    
284.05    -0.000305    -0.000305    0.001524    0.003658    -0.000914    -0.001219    0.000000    
284.10    -0.000305    -0.000305    0.001829    0.003353    -0.001219    -0.001219    0.000000    
284.15    -0.000305    -0.000610    0.001829    0.003353    -0.001219    -0.001219    0.000000    
284.20    -0.000305    -0.000305    0.001829    0.003353    -0.001524    -0.001219    0.000000    
284.25    -0.000305    -0.000610    0.002134    0.003048    -0.001524    -0.001219    0.000000    
284.30    -0.000305    -0.000305    0.002438    0.003048    -0.001524    -0.001219    -0.000305    
284.35    -0.000305    -0.000305    0.002743    0.002743    -0.001829    -0.001524    -0.000305    
284.40    -0.000305    -0.000305    0.003048    0.002438    -0.001829    -0.001524    -0.000305    
284.45    -0.000305    -0.000305    0.003353    0.002134    -0.001829    -0.001219    -0.000305    
284.50    -0.000305    -0.000305    0.003658    0.001829    -0.001829    -0.001524    -0.000305    
284.55    -0.000305    -0.000305    0.004267    0.001219    -0.001524    -0.001524    -0.000305    
284.60    -0.000305    -0.000305    0.004572    0.000914    -0.001829    -0.001219    -0.000305    
284.65    -0.000305    -0.000305    0.005182    0.000610    -0.001829    -0.001219    -0.000305    
284.70    -0.000305    -0.000305    0.005486    0.000305    -0.001829    -0.001524    -0.000305    
284.75    -0.000305    -0.000305    0.006096    0.000305    -0.001829    -0.001524    -0.000305    
284.80    -0.000305    -0.000305    0.006706    0.000000    -0.001829    -0.001219    -0.000305    
284.85    -0.000305    -0.000305    0.007010    0.000000    -0.001829    -0.001524    -0.000305    
284.90    -0.000305    -0.000305    0.007315    -0.000305    -0.001829    -0.001524    -0.000610    
284.95    -0.000305    -0.000305    0.007925    -0.000305    -0.001829    -0.001219    -0.000610    
285.00    -0.000305    -0.000305    0.008230    -0.000305    -0.001829    -0.001524    -0.000610    
285.05    -0.000305    -0.000305    0.008534    -0.000305    -0.001829    -0.001524    -0.000305    
285.10    -0.000305    -0.000305    0.008534    -0.000610    -0.001524    -0.001219    -0.000305    
285.15    -0.000305    -0.000305    0.008534    -0.000610    -0.001524    -0.001524    -0.000305    
285.20    -0.000305    0.000000    0.008534    -0.000914    -0.001524    -0.001524    -0.000305    
285.25    -0.000305    0.000000    0.008534    -0.000914    -0.001524    -0.001524    -0.000305    
285.30    -0.000305    0.000000    0.008230    -0.001219    -0.001524    -0.001829    -0.000305    
285.35    -0.000305    0.000305    0.007925    -0.001524    -0.001524    -0.001829    -0.000610    
285.40    -0.000305    0.000305    0.007010    -0.001524    -0.001524    -0.001829    -0.000610    
285.45    -0.000305    0.000305    0.006401    -0.001829    -0.001524    -0.001829    -0.000610    
285.50    -0.000305    0.000305    0.005791    -0.002134    -0.001524    -0.001829    -0.000610    
285.55    -0.000305    0.000610    0.004877    -0.002134    -0.001524    -0.001829    -0.000610    
285.60    -0.000305    0.000610    0.004267    -0.002134    -0.001524    -0.001829    -0.000610    
285.65    -0.000305    0.000914    0.003962    -0.002134    -0.001524    -0.001829    -0.000610    
285.70    -0.000305    0.000914    0.003658    -0.002134    -0.001524    -0.001829    -0.000610    
285.75    -0.000305    0.000914    0.003353    -0.002134    -0.001524    -0.001829    -0.000610    
285.80    -0.000305    0.001219    0.003353    -0.002134    -0.001524    -0.001829    -0.000610    
285.85    -0.000305    0.001524    0.003048    -0.002134    -0.001524    -0.001829    -0.000610    
285.90    -0.000305    0.001524    0.003048    -0.002134    -0.001524    -0.001524    -0.000610    
285.95    -0.000305    0.002134    0.003048    -0.002134    -0.001524    -0.001829    -0.000610    
286.00    -0.000305    0.002134    0.003048    -0.002134    -0.001524    -0.001524    -0.000610    
286.05    -0.000305    0.002743    0.003048    -0.002134    -0.001524    -0.001829    -0.000610    
286.10    -0.000305    0.003048    0.003048    -0.002438    -0.001524    -0.001829    -0.000610    
286.15    -0.000305    0.003353    0.003048    -0.002134    -0.001524    -0.001829    -0.000610    
286.20    -0.000305    0.003658    0.003048    -0.002134    -0.001524    -0.001829    -0.000610    
286.25    -0.000305    0.004267    0.003048    -0.002134    -0.001524    -0.001829    -0.000610    
286.30    0.000000    0.004572    0.002743    -0.002134    -0.001524    -0.001829    -0.000610    
286.35    0.000000    0.005182    0.002438    -0.002134    -0.001524    -0.001829    -0.000610    
286.40    0.000000    0.005791    0.002134    -0.002134    -0.001524    -0.001829    -0.000610    
286.45    0.000000    0.006096    0.001829    -0.002134    -0.001524    -0.001829    -0.000610    
286.50    0.000000    0.006706    0.001524    -0.002134    -0.001524    -0.001829    -0.000610    
286.55    0.000000    0.007010    0.001219    -0.002134    -0.001524    -0.001829    -0.000610    
286.60    0.000000    0.007620    0.000914    -0.002134    -0.001524    -0.001829    -0.000610    
286.65    0.000000    0.007620    0.000610    -0.002134    -0.001524    -0.001829    -0.000610    
286.70    0.000000    0.007925    0.000305    -0.002134    -0.001524    -0.001829    -0.000610    
286.75    0.000000    0.007925    0.000305    -0.002134    -0.001524    -0.001829    -0.000610    
286.80    0.000000    0.007925    0.000305    -0.002134    -0.001524    -0.001829    -0.000610    
286.85    0.000000    0.007925    0.000000    -0.002134    -0.001524    -0.001829    -0.000610    
286.90    0.000305    0.007925    0.000000    -0.001829    -0.001524    -0.001829    -0.000610    
286.95    0.000305    0.007620    0.000000    -0.002134    -0.001829    -0.001829    -0.000914    
287.00    0.000305    0.007315    -0.000305    -0.002134    -0.001829    -0.001829    -0.000914    
287.05    0.000305    0.006706    -0.000305    -0.002134    -0.001829    -0.001829    -0.000914    
287.10    0.000305    0.006096    -0.000305    -0.002134    -0.001524    -0.001829    -0.000914    
287.15    0.000305    0.005486    -0.000305    -0.002134    -0.001829    -0.001829    -0.000914    
287.20    0.000305    0.004572    -0.000305    -0.002134    -0.001524    -0.001829    -0.000914    
287.25    0.000305    0.003962    -0.000305    -0.002134    -0.001524    -0.001829    -0.000914    
287.30    0.000610    0.003353    -0.000610    -0.002134    -0.001524    -0.001829    -0.000914    
287.35    0.000610    0.003048    -0.000610    -0.002134    -0.001524    -0.001829    -0.000914    
287.40    0.000610    0.002743    -0.000914    -0.002134    -0.001524    -0.001829    -0.000914    
287.45    0.000610    0.002438    -0.000914    -0.002134    -0.001829    -0.001829    -0.000914    
287.50    0.000914    0.002134    -0.001219    -0.002134    -0.001829    -0.001829    -0.000914    
287.55    0.001219    0.002134    -0.001219    -0.002134    -0.001829    -0.001829    -0.000610    
287.60    0.001219    0.002134    -0.001219    -0.002134    -0.001829    -0.001829    -0.000610    
287.65    0.001829    0.002134    -0.001219    -0.002134    -0.001829    -0.001829    -0.000610    
287.70    0.002134    0.002134    -0.001219    -0.002134    -0.001829    -0.001829    -0.000610    
287.75    0.002438    0.002134    -0.001219    -0.002134    -0.001829    -0.001829    -0.000610    
287.80    0.002743    0.002134    -0.001219    -0.002134    -0.001829    -0.001829    -0.000610    
287.85    0.003048    0.002134    -0.001219    -0.002134    -0.001829    -0.001829    -0.000610    
287.90    0.003658    0.002134    -0.001219    -0.002134    -0.001829    -0.001829    -0.000610    
287.95    0.003962    0.002134    -0.001219    -0.002134    -0.001829    -0.001829    -0.000914    
288.00    0.004572    0.002134    -0.001219    -0.002134    -0.001829    -0.001829    -0.000914    
288.05    0.005182    0.002134    -0.001219    -0.002134    -0.001829    -0.001829    -0.000914    
288.10    0.005486    0.002134    -0.001219    -0.002134    -0.001829    -0.001829    -0.000914    
288.15    0.006096    0.001829    -0.001219    -0.002134    -0.001829    -0.001829    -0.000914    
288.20    0.006401    0.001524    -0.001219    -0.002134    -0.001829    -0.001829    -0.000914    
288.25    0.007010    0.001219    -0.001219    -0.002134    -0.001829    -0.001829    -0.000914    
288.30    0.007315    0.000914    -0.001219    -0.002134    -0.001829    -0.001829    -0.000914    
288.35    0.007315    0.000610    -0.000914    -0.002134    -0.001829    -0.001829    -0.000914    
288.40    0.007620    0.000305    -0.001219    -0.002134    -0.001829    -0.001829    -0.000914    
288.45    0.007620    0.000305    -0.001219    -0.002134    -0.001829    -0.001829    -0.000914    
288.50    0.007315    0.000000    -0.000914    -0.002134    -0.001829    -0.001829    -0.000914    
288.55    0.007315    -0.000305    -0.000914    -0.002134    -0.001829    -0.001829    -0.000914    
288.60    0.007315    -0.000305    -0.000914    -0.002134    -0.001829    -0.001829    -0.000914    
288.65    0.007010    -0.000305    -0.000914    -0.002134    -0.001829    -0.001829    -0.000914    
288.70    0.006706    -0.000305    -0.000914    -0.002134    -0.001829    -0.001829    -0.000914    
288.75    0.006401    -0.000305    -0.000914    -0.002134    -0.001829    -0.001829    -0.000914    
288.80    0.005791    -0.000305    -0.000914    -0.002134    -0.001829    -0.001829    -0.000914    
288.85    0.005182    -0.000305    -0.000610    -0.002134    -0.001829    -0.001829    -0.000610    
288.90    0.004572    -0.000305    -0.000610    -0.002134    -0.001829    -0.001829    -0.000610    
288.95    0.003962    -0.000610    -0.000914    -0.002134    -0.001829    -0.001829    -0.000610    
289.00    0.003353    -0.000305    -0.000914    -0.002134    -0.001829    -0.001829    -0.000610    
289.05    0.003048    -0.000305    -0.000914    -0.002134    -0.001829    -0.001829    -0.000610    
289.10    0.002438    -0.000305    -0.000914    -0.002134    -0.001829    -0.001829    -0.000914    
289.15    0.002134    -0.000305    -0.000914    -0.002134    -0.001829    -0.001829    -0.000914    
289.20    0.001829    -0.000610    -0.000914    -0.002134    -0.001829    -0.001829    -0.000914    
289.25    0.001524    -0.000610    -0.000914    -0.002134    -0.001829    -0.001829    -0.000914    
289.30    0.001524    -0.000610    -0.000914    -0.002134    -0.001829    -0.001829    -0.000914    
289.35    0.001524    -0.000610    -0.000914    -0.002134    -0.001829    -0.001829    -0.000914    
289.40    0.001524    -0.000914    -0.000914    -0.002134    -0.001829    -0.001829    -0.000914    
289.45    0.001524    -0.000914    -0.000914    -0.002134    -0.001829    -0.001829    -0.000914    
289.50    0.001829    -0.000914    -0.000610    -0.002134    -0.001829    -0.001829    -0.000610    
289.55    0.001829    -0.000914    -0.000914    -0.002134    -0.001829    -0.001829    -0.000610    
289.60    0.002134    -0.000914    -0.000914    -0.002134    -0.001829    -0.001829    -0.000610    
289.65    0.002134    -0.000914    -0.000914    -0.002134    -0.001829    -0.001829    -0.000610    
289.70    0.002134    -0.000914    -0.000914    -0.002134    -0.001829    -0.001829    -0.000610    
289.75    0.002134    -0.000914    -0.000914    -0.002134    -0.001829    -0.001829    -0.000610    
289.80    0.002134    -0.000914    -0.000914    -0.002134    -0.001524    -0.001829    -0.000610    
289.85    0.002134    -0.000914    -0.000914    -0.002134    -0.001524    -0.001829    -0.000914    
289.90    0.001829    -0.000914    -0.000914    -0.002134    -0.001524    -0.001829    -0.000610    
289.95    0.001829    -0.000914    -0.000914    -0.002134    -0.001524    -0.001829    -0.000610    
290.00    0.001524    -0.000914    -0.000914    -0.002134    -0.001829    -0.001829    -0.000610    
290.05    0.001219    -0.000914    -0.000914    -0.002134    -0.001829    -0.001829    -0.000610    
290.10    0.000914    -0.000914    -0.000914    -0.002134    -0.001829    -0.001829    -0.000610    
290.15    0.000610    -0.000914    -0.000914    -0.002134    -0.001829    -0.001829    -0.000914    
290.20    0.000305    -0.000914    -0.000914    -0.002134    -0.001829    -0.001829    -0.000914    
290.25    0.000000    -0.000914    -0.000914    -0.002134    -0.001829    -0.001829    -0.000914    
290.30    -0.000305    -0.000914    -0.000914    -0.002134    -0.001829    -0.001829    -0.000914   

290.35    -0.000610    -0.000914    -0.000914    -0.002134    -0.001829    -0.001829    -0.000914   

290.40    -0.000610    -0.000914    -0.000914    -0.002134    -0.001829    -0.001829    -0.000914   

290.45    -0.000914    -0.000914    -0.000914    -0.002134    -0.001829    -0.001829    -0.000914   

290.50    -0.000914    -0.000914    -0.000914    -0.002134    -0.001829    -0.001829    -0.000914   

290.55    -0.000914    -0.000914    -0.000914    -0.002134    -0.001829    -0.001829    -0.000914   

290.60    -0.000914    -0.000914    -0.000914    -0.002134    -0.001829    -0.001829    -0.000914   

290.65    -0.000914    -0.000914    -0.000914    -0.002134    -0.001829    -0.001829    -0.000914   

290.70    -0.000610    -0.000914    -0.000914    -0.002134    -0.001829    -0.001829    -0.000914   

290.75    -0.000610    -0.000914    -0.000914    -0.002134    -0.001829    -0.001829    -0.000914   

290.80    -0.000610    -0.000610    -0.000914    -0.002134    -0.001829    -0.001829    -0.000610   

290.85    -0.000610    -0.000914    -0.000914    -0.002134    -0.001829    -0.001829    -0.000610   

290.90    -0.000610    -0.000914    -0.000914    -0.002134    -0.001829    -0.001829    -0.000610   

290.95    -0.000610    -0.000610    -0.000914    -0.002134    -0.001829    -0.001829    -0.000610   

291.00    -0.000610    -0.000914    -0.000914    -0.002134    -0.001829    -0.001829    -0.000610   

291.05    -0.000610    -0.000610    -0.000914    -0.002134    -0.001829    -0.001829    -0.000914   

291.10    -0.000610    -0.000914    -0.000914    -0.002134    -0.001829    -0.001829    -0.000914   

291.15    -0.000610    -0.000914    -0.000914    -0.002134    -0.001829    -0.001829    -0.000610   

291.20    -0.000610    -0.000914    -0.000914    -0.002134    -0.001829    -0.001829    -0.000610   

291.25    -0.000914    -0.000914    -0.000914    -0.002134    -0.001829    -0.001829    -0.000610   

291.30    -0.000914    -0.000914    -0.000914    -0.001829    -0.001829    -0.001829    -0.000610   

291.35    -0.000914    -0.000914    -0.000914    -0.002134    -0.001829    -0.001829    -0.000610   

291.40    -0.001219    -0.000914    -0.000914    -0.002134    -0.001829    -0.001829    -0.000610   

291.45    -0.001219    -0.000914    -0.000914    -0.002134    -0.001829    -0.001829    -0.000610   

291.50    -0.001219    -0.000914    -0.000914    -0.002134    -0.001829    -0.001829    -0.000610   

291.55    -0.001219    -0.000914    -0.000914    -0.002134    -0.001829    -0.001829    -0.000610   

291.60    -0.001219    -0.000914    -0.000914    -0.002134    -0.001829    -0.001829    -0.000610   

291.65    -0.000914    -0.000610    -0.000914    -0.002134    -0.001524    -0.001829    -0.000610   

291.70    -0.000914    -0.000914    -0.000914    -0.002134    -0.001524    -0.001829    -0.000610   

291.75    -0.000610    -0.000914    -0.000914    -0.002134    -0.001524    -0.001829    -0.000610   

291.80    -0.000610    -0.000914    -0.000914    -0.002134    -0.001524    -0.001829    -0.000610   

291.85    -0.000305    -0.000914    -0.000914    -0.002134    -0.001524    -0.001829    -0.000610   

291.90    -0.000305    -0.000914    -0.000914    -0.002134    -0.001524    -0.001829    -0.000610   

291.95    -0.000305    -0.000914    -0.000914    -0.002134    -0.001524    -0.001829    -0.000610   

292.00    -0.000305    -0.000914    -0.000914    -0.002134    -0.001524    -0.001829    -0.000610   

292.05    -0.000305    -0.000914    -0.000914    -0.002134    -0.001524    -0.001829    -0.000610   

292.10    -0.000305    -0.000914    -0.000914    -0.002134    -0.001524    -0.001829    -0.000610   

292.15    -0.000305    -0.000914    -0.000914    -0.002134    -0.001524    -0.001829    -0.000610   

292.20    -0.000305    -0.000914    -0.000914    -0.002134    -0.001524    -0.001829    -0.000610   

292.25    -0.000305    -0.000914    -0.000914    -0.002134    -0.001524    -0.001829    -0.000610   

292.30    -0.000610    -0.000914    -0.000914    -0.002134    -0.001524    -0.001829    -0.000610   

292.35    -0.000610    -0.000914    -0.000914    -0.002134    -0.001524    -0.001829    -0.000610   

292.40    -0.000610    -0.000914    -0.000914    -0.002134    -0.001524    -0.001829    -0.000610   

292.45    -0.000610    -0.000914    -0.000914    -0.001829    -0.001524    -0.001829    -0.000610   

292.50    -0.000610    -0.000914    -0.000914    -0.002134    -0.001524    -0.001829    -0.000610   

292.55    -0.000610    -0.000914    -0.000914    -0.002134    -0.001524    -0.001829    -0.000610   

292.60    -0.000610    -0.000914    -0.000914    -0.002134    -0.001524    -0.001829    -0.000610   

292.65    -0.000610    -0.000914    -0.000914    -0.001829    -0.001524    -0.001829    -0.000610   

292.70    -0.000610    -0.000914    -0.000914    -0.001829    -0.001524    -0.001829    -0.000610   

292.75    -0.000610    -0.000914    -0.000914    -0.001829    -0.001524    -0.001829    -0.000610   

292.80    -0.000305    -0.000914    -0.000914    -0.002134    -0.001524    -0.001829    -0.000610   

292.85    -0.000305    -0.000914    -0.000914    -0.002134    -0.001524    -0.001829    -0.000610   

292.90    -0.000305    -0.000914    -0.000914    -0.002134    -0.001524    -0.001829    -0.000610   

292.95    -0.000305    -0.000914    -0.000914    -0.002134    -0.001524    -0.001524    -0.000610   

293.00    -0.000305    -0.000914    -0.000914    -0.002134    -0.001524    -0.001524    -0.000610   

293.05    -0.000610    -0.000914    -0.000914    -0.002134    -0.001524    -0.001524    -0.000610   

293.10    -0.000610    -0.000914    -0.000914    -0.002134    -0.001524    -0.001524    -0.000305   

293.15    -0.000610    -0.000914    -0.000914    -0.002134    -0.001524    -0.001524    -0.000305   

293.20    -0.000610    -0.000914    -0.000914    -0.002134    -0.001524    -0.001524    -0.000305   

293.25    -0.000610    -0.000914    -0.000914    -0.001829    -0.001524    -0.001524    -0.000305   

293.30    -0.000610    -0.000914    -0.000914    -0.001829    -0.001524    -0.001219    -0.000305   

293.35    -0.000610    -0.000914    -0.000914    -0.001829    -0.001524    -0.001219    -0.000305   

293.40    -0.000610    -0.000914    -0.000914    -0.001829    -0.001524    -0.001219    -0.000305   

293.45    -0.000610    -0.000914    -0.000914    -0.001829    -0.001524    -0.001219    -0.000305   

293.50    -0.000610    -0.000914    -0.000914    -0.001829    -0.001524    -0.001524    -0.000305   

293.55    -0.000610    -0.000914    -0.000914    -0.001524    -0.001524    -0.001219    -0.000305   

293.60    -0.000610    -0.000914    -0.000914    -0.001829    -0.001524    -0.001219    -0.000305   

293.65    -0.000610    -0.000914    -0.000914    -0.001829    -0.001524    -0.001524    -0.000305   

293.70    -0.000610    -0.000914    -0.000914    -0.001829    -0.001524    -0.001219    -0.000305   

293.75    -0.000610    -0.000914    -0.000914    -0.001829    -0.001524    -0.001219    -0.000305   

293.80    -0.000610    -0.000914    -0.000914    -0.001829    -0.001524    -0.001219    -0.000305   

293.85    -0.000610    -0.000914    -0.000914    -0.002134    -0.001524    -0.001219    -0.000305   

293.90    -0.000610    -0.000914    -0.000914    -0.001829    -0.001524    -0.001219    -0.000305   

293.95    -0.000610    -0.000914    -0.000914    -0.002134    -0.001524    -0.001219    -0.000305   

294.00    -0.000610    -0.000914    -0.000914    -0.001829    -0.001524    -0.001219    -0.000305   

294.05    -0.000610    -0.000914    -0.000914    -0.001829    -0.001524    -0.001219    -0.000305   

294.10    -0.000610    -0.000914    -0.000914    -0.001829    -0.001524    -0.001219    -0.000305   

294.15    -0.000610    -0.000914    -0.000914    -0.001829    -0.001524    -0.001219    -0.000305   

294.20    -0.000914    -0.000914    -0.000914    -0.001829    -0.001219    -0.001219    -0.000305   

294.25    -0.000914    -0.000914    -0.000914    -0.001829    -0.001524    -0.001219    -0.000305   

294.30    -0.000610    -0.000914    -0.000914    -0.001829    -0.001219    -0.001219    -0.000305   

294.35    -0.000610    -0.000914    -0.000914    -0.001829    -0.001219    -0.001524    -0.000305   

294.40    -0.000610    -0.000914    -0.000914    -0.001829    -0.001219    -0.001219    -0.000305   

294.45    -0.000610    -0.000914    -0.000914    -0.001829    -0.001219    -0.001219    -0.000305   

294.50    -0.000610    -0.000914    -0.000914    -0.001829    -0.001219    -0.001219    -0.000305   

294.55    -0.000610    -0.000914    -0.000914    -0.001829    -0.001219    -0.001219    -0.000305   

294.60    -0.000610    -0.000914    -0.000914    -0.001829    -0.001219    -0.001219    -0.000305   

294.65    -0.000610    -0.000914    -0.000914    -0.001829    -0.001219    -0.001219    -0.000305   

294.70    -0.000610    -0.000914    -0.000914    -0.001829    -0.001219    -0.001219    -0.000305   

294.75    -0.000610    -0.000914    -0.000914    -0.001829    -0.001219    -0.001219    0.000000    
294.80    -0.000610    -0.000914    -0.000914    -0.001829    -0.001219    -0.001219    0.000000    
294.85    -0.000610    -0.000914    -0.000914    -0.001829    -0.001219    -0.001219    0.000000    
294.90    -0.000914    -0.000914    -0.000914    -0.001829    -0.001219    -0.001219    0.000000    
294.95    -0.000914    -0.000914    -0.000914    -0.001829    -0.001219    -0.001219    0.000000    
295.00    -0.000914    -0.000914    -0.000914    -0.001829    -0.001219    -0.001219    0.000000    
