			Ts3b.txt
Benchmark Problem #3, Runup of Solitary Waves on a Vertical Wall, Case B
30 sec of data from 265 to 295 sec, Gages 4-10, Units = Meters

Time       G4_M         G5_M         G6_M         G7_M        G8_M         G9_M        G10_M

265.05    0.000000    -0.000305    -0.000914    -0.001219    0.000000    -0.000305    0.000610    
265.10    0.000000    -0.000305    -0.000914    -0.000914    0.000000    -0.000305    0.000610    
265.15    0.000000    -0.000305    -0.001219    -0.001219    0.000000    -0.000305    0.000610    
265.20    0.000000    -0.000305    -0.001219    -0.000914    0.000000    -0.000305    0.000610    
265.25    0.000000    -0.000305    -0.000914    -0.001219    0.000000    -0.000305    0.000610    
265.30    0.000000    -0.000305    -0.001219    -0.001219    0.000000    -0.000305    0.000610    
265.35    0.000000    -0.000305    -0.000914    -0.001219    0.000000    -0.000305    0.000914    
265.40    0.000000    -0.000305    -0.001219    -0.000914    0.000000    -0.000305    0.000914    
265.45    0.000000    -0.000305    -0.000914    -0.000914    0.000000    -0.000305    0.000914    
265.50    0.000000    -0.000305    -0.000914    -0.000914    0.000000    -0.000305    0.000914    
265.55    0.000000    -0.000305    -0.000914    -0.000914    0.000000    -0.000305    0.000914    
265.60    0.000000    -0.000305    -0.001219    -0.001219    0.000000    -0.000305    0.000610    
265.65    0.000000    -0.000305    -0.000914    -0.000914    0.000000    -0.000305    0.000610    
265.70    0.000000    -0.000305    -0.000914    -0.000914    0.000000    -0.000305    0.000610    
265.75    0.000000    -0.000305    -0.001219    -0.000914    0.000000    -0.000305    0.000610    
265.80    0.000000    -0.000305    -0.000914    -0.000914    0.000000    -0.000305    0.000914    
265.85    0.000000    -0.000305    -0.001219    -0.001219    0.000000    -0.000305    0.000610    
265.90    0.000000    -0.000305    -0.000914    -0.000914    0.000000    -0.000305    0.000610    
265.95    0.000000    -0.000305    -0.000914    -0.000914    0.000000    -0.000305    0.000610    
266.00    0.000000    -0.000305    -0.000914    -0.000914    0.000000    -0.000305    0.000610    
266.05    0.000000    -0.000305    -0.001219    -0.000914    0.000000    -0.000305    0.000610    
266.10    0.000000    -0.000305    -0.000914    -0.000914    0.000000    -0.000305    0.000610    
266.15    0.000000    -0.000305    -0.001219    -0.000914    0.000000    -0.000305    0.000610    
266.20    0.000000    -0.000305    -0.000914    -0.000914    0.000000    -0.000305    0.000610    
266.25    0.000000    -0.000305    -0.001219    -0.001219    0.000000    -0.000305    0.000610    
266.30    0.000000    -0.000305    -0.000914    -0.000914    0.000000    -0.000305    0.000610    
266.35    0.000000    -0.000305    -0.001219    -0.001219    0.000000    -0.000305    0.000610    
266.40    0.000000    -0.000305    -0.000914    -0.000914    0.000000    -0.000305    0.000610    
266.45    0.000000    -0.000305    -0.001219    -0.000914    0.000000    -0.000305    0.000610    
266.50    0.000000    -0.000305    -0.000914    -0.000914    0.000000    -0.000305    0.000610    
266.55    0.000000    -0.000305    -0.001219    -0.001219    0.000000    -0.000305    0.000610    
266.60    0.000000    -0.000305    -0.001219    -0.001219    0.000000    -0.000305    0.000610    
266.65    0.000000    -0.000305    -0.001219    -0.000914    0.000000    -0.000305    0.000610    
266.70    0.000000    -0.000305    -0.001219    -0.001219    0.000000    -0.000305    0.000610    
266.75    0.000000    -0.000305    -0.000914    -0.000914    0.000000    -0.000305    0.000610    
266.80    0.000000    -0.000305    -0.001219    -0.001219    0.000000    -0.000305    0.000610    
266.85    0.000000    -0.000305    -0.000914    -0.000914    0.000000    -0.000305    0.000610    
266.90    0.000000    -0.000305    -0.001219    -0.001219    0.000000    -0.000305    0.000610    
266.95    0.000000    -0.000305    -0.000914    -0.000914    0.000000    -0.000305    0.000610    
267.00    0.000000    -0.000305    -0.001219    -0.001219    0.000000    -0.000305    0.000610    
267.05    0.000000    -0.000305    -0.000914    -0.000914    0.000000    -0.000305    0.000610    
267.10    0.000000    -0.000305    -0.001219    -0.001219    0.000000    -0.000305    0.000610    
267.15    0.000000    -0.000305    -0.000914    -0.000914    0.000000    -0.000305    0.000610    
267.20    0.000000    -0.000305    -0.001219    -0.001219    0.000000    -0.000305    0.000610    
267.25    0.000000    -0.000305    -0.000914    -0.000914    0.000000    -0.000305    0.000610    
267.30    0.000000    -0.000305    -0.001219    -0.001219    0.000000    -0.000305    0.000610    
267.35    0.000000    -0.000305    -0.001219    -0.001219    0.000000    -0.000305    0.000610    
267.40    0.000000    -0.000305    -0.001219    -0.000914    0.000000    -0.000305    0.000610    
267.45    0.000000    -0.000305    -0.000914    -0.000914    0.000000    -0.000305    0.000610    
267.50    0.000000    -0.000305    -0.001219    -0.000914    0.000000    -0.000305    0.000610    
267.55    0.000000    -0.000305    -0.001219    -0.000914    0.000000    -0.000305    0.000610    
267.60    0.000000    -0.000305    -0.000914    -0.000914    0.000000    -0.000305    0.000610    
267.65    0.000000    -0.000305    -0.000914    -0.000914    0.000000    -0.000305    0.000610    
267.70    0.000000    -0.000305    -0.000914    -0.001219    0.000000    -0.000305    0.000610    
267.75    0.000000    -0.000305    -0.001219    -0.000914    0.000000    -0.000305    0.000610    
267.80    0.000000    -0.000305    -0.000914    -0.000914    0.000000    -0.000305    0.000610    
267.85    0.000000    -0.000305    -0.001219    -0.000914    0.000000    -0.000305    0.000610    
267.90    0.000000    -0.000305    -0.001219    -0.000914    0.000000    -0.000610    0.000610    
267.95    0.000000    -0.000305    -0.001219    -0.000914    0.000000    -0.000305    0.000610    
268.00    0.000000    -0.000305    -0.001219    -0.000914    0.000000    -0.000305    0.000610    
268.05    0.000000    -0.000305    -0.000914    -0.000914    0.000000    -0.000305    0.000610    
268.10    0.000000    -0.000305    -0.001219    -0.000914    0.000000    -0.000305    0.000610    
268.15    0.000000    -0.000305    -0.001219    -0.000914    0.000000    -0.000305    0.000610    
268.20    0.000000    -0.000305    -0.001219    -0.000914    0.000000    -0.000305    0.000610    
268.25    0.000000    -0.000305    -0.000914    -0.000914    0.000000    -0.000305    0.000610    
268.30    0.000000    -0.000305    -0.001219    -0.000914    0.000000    -0.000305    0.000610    
268.35    0.000000    -0.000305    -0.001219    -0.000914    0.000000    -0.000305    0.000610    
268.40    0.000000    -0.000305    -0.001219    -0.000914    0.000000    -0.000305    0.000610    
268.45    0.000000    -0.000305    -0.001219    -0.000914    0.000000    -0.000305    0.000610    
268.50    0.000000    -0.000305    -0.000914    -0.000914    0.000000    -0.000305    0.000610    
268.55    0.000000    -0.000305    -0.001219    -0.000914    0.000000    -0.000305    0.000610    
268.60    0.000000    -0.000305    -0.001219    -0.000914    0.000000    -0.000305    0.000610    
268.65    0.000000    -0.000305    -0.000914    -0.000914    0.000000    -0.000305    0.000610    
268.70    0.000000    -0.000305    -0.001219    -0.000914    0.000000    -0.000610    0.000610    
268.75    0.000000    -0.000305    -0.001219    -0.000914    0.000000    -0.000305    0.000610    
268.80    0.000000    -0.000305    -0.000914    -0.000914    0.000000    -0.000305    0.000610    
268.85    0.000000    -0.000305    -0.001219    -0.000914    0.000000    -0.000305    0.000610    
268.90    0.000305    -0.000305    -0.001219    -0.000914    0.000000    -0.000305    0.000610    
268.95    0.000305    -0.000305    -0.001219    -0.000914    0.000000    -0.000305    0.000610    
269.00    0.000305    -0.000305    -0.001219    -0.000914    0.000000    -0.000305    0.000610    
269.05    0.000305    -0.000305    -0.000914    -0.000914    0.000000    -0.000305    0.000610    
269.10    0.000610    -0.000305    -0.000914    -0.000914    0.000000    -0.000305    0.000610    
269.15    0.000914    -0.000305    -0.001219    -0.000914    0.000000    -0.000305    0.000610    
269.20    0.001524    -0.000305    -0.000914    -0.000914    0.000000    -0.000305    0.000610    
269.25    0.001829    -0.000305    -0.000914    -0.000914    0.000000    -0.000305    0.000610    
269.30    0.002134    -0.000305    -0.001219    -0.000914    0.000000    -0.000305    0.000610    
269.35    0.002743    -0.000305    -0.001219    -0.000914    0.000000    -0.000305    0.000610    
269.40    0.004267    -0.000305    -0.000914    -0.000914    0.000000    -0.000305    0.000610    
269.45    0.006401    -0.000305    -0.001219    -0.000914    0.000000    -0.000305    0.000610    
269.50    0.008839    -0.000305    -0.000914    -0.000914    0.000000    -0.000305    0.000610    
269.55    0.012192    -0.000305    -0.001219    -0.000914    0.000000    -0.000610    0.000610    
269.60    0.016154    0.000000    -0.001219    -0.000914    0.000000    -0.000305    0.000610    
269.65    0.021031    0.000305    -0.000914    -0.000914    0.000000    -0.000305    0.000610    
269.70    0.026822    0.000610    -0.001219    -0.000914    0.000000    -0.000610    0.000610    
269.75    0.033528    0.000914    -0.001219    -0.000914    0.000000    -0.000305    0.000610    
269.80    0.041148    0.001524    -0.000914    -0.000914    0.000000    -0.000305    0.000610    
269.85    0.048463    0.002134    -0.001219    -0.001219    0.000000    -0.000610    0.000610    
269.90    0.054254    0.003048    -0.001219    -0.000914    0.000000    -0.000610    0.000610    
269.95    0.056388    0.003962    -0.001219    -0.000914    0.000000    -0.000305    0.000610    
270.00    0.056388    0.005486    -0.001219    -0.001219    0.000000    -0.000610    0.000610    
270.05    0.056083    0.007620    -0.000914    -0.000914    0.000000    -0.000305    0.000610    
270.10    0.050597    0.009754    -0.000914    -0.000914    0.000000    -0.000305    0.000610    
270.15    0.042977    0.012802    -0.000914    -0.000914    0.000000    -0.000610    0.000610    
270.20    0.035357    0.016764    -0.000914    -0.000914    0.000000    -0.000305    0.000610    
270.25    0.027737    0.021031    -0.001219    -0.001219    0.000000    -0.000305    0.000610    
270.30    0.021641    0.026213    -0.000914    -0.000914    0.000000    -0.000305    0.000610    
270.35    0.017069    0.032309    -0.000914    -0.001219    0.000000    -0.000305    0.000610    
270.40    0.014326    0.038710    -0.000914    -0.000914    0.000000    -0.000305    0.000610    
270.45    0.011278    0.044806    -0.000914    -0.000914    0.000000    -0.000305    0.000610    
270.50    0.007620    0.049682    -0.000914    -0.001219    0.000000    -0.000305    0.000610    
270.55    0.005182    0.052426    -0.000914    -0.001219    0.000000    -0.000305    0.000610    
270.60    0.003962    0.053035    -0.000914    -0.000914    0.000000    -0.000305    0.000610    
270.65    0.003048    0.051816    -0.000914    -0.001219    0.000000    -0.000305    0.000610    
270.70    0.001829    0.047244    -0.000914    -0.001219    0.000000    -0.000305    0.000610    
270.75    0.000914    0.040843    -0.000914    -0.001219    0.000000    -0.000305    0.000610    
270.80    0.000305    0.033833    -0.000914    -0.000914    0.000000    -0.000305    0.000610    
270.85    0.000305    0.027127    -0.000914    -0.001219    0.000000    -0.000305    0.000610    
270.90    0.000000    0.021641    -0.000914    -0.000914    0.000000    -0.000305    0.000610    
270.95    -0.000610    0.017374    -0.000914    -0.001219    0.000000    -0.000305    0.000610    
271.00    -0.000914    0.016154    -0.000610    -0.000914    0.000000    -0.000305    0.000610    
271.05    -0.001219    0.012802    -0.000610    -0.001219    0.000000    -0.000610    0.000610    
271.10    -0.001219    0.009754    -0.000305    -0.001219    0.000000    -0.000305    0.000610    
271.15    -0.001219    0.007620    0.000305    -0.000914    0.000000    -0.000305    0.000610    
271.20    -0.001524    0.005791    0.000610    -0.001219    0.000000    -0.000305    0.000610    
271.25    -0.001829    0.004572    0.001219    -0.000914    0.000000    -0.000305    0.000610    
271.30    -0.001829    0.003048    0.002134    -0.000914    0.000000    -0.000305    0.000610    
271.35    -0.001829    0.002134    0.003048    -0.000914    0.000000    -0.000305    0.000610    
271.40    -0.001829    0.001524    0.004267    -0.001219    0.000000    -0.000305    0.000610    
271.45    -0.001829    0.001219    0.005791    -0.000914    0.000000    -0.000305    0.000610    
271.50    -0.001829    0.000914    0.007315    -0.000914    0.000000    -0.000305    0.000610    
271.55    -0.002134    0.000610    0.010668    -0.000914    0.000000    -0.000305    0.000610    
271.60    -0.002134    0.000000    0.014630    -0.000914    0.000000    -0.000305    0.000610    
271.65    -0.002134    -0.000305    0.019507    -0.000914    0.000000    -0.000305    0.000610    
271.70    -0.002134    -0.000305    0.026213    -0.000914    0.000000    -0.000305    0.000610    
271.75    -0.002134    -0.000610    0.033833    -0.000914    0.000000    -0.000305    0.000610    
271.80    -0.002134    -0.000610    0.043282    -0.000914    0.000000    -0.000305    0.000610    
271.85    -0.002134    -0.000610    0.049987    -0.000914    0.000000    -0.000305    0.000610    
271.90    -0.002134    -0.000610    0.055778    -0.000914    0.000000    -0.000305    0.000610    
271.95    -0.001829    -0.000914    0.058217    -0.000914    0.000000    -0.000305    0.000610    
272.00    -0.001524    -0.000914    0.058217    -0.000914    0.000000    -0.000305    0.000610    
272.05    -0.001524    -0.000914    0.054559    -0.000914    0.000000    -0.000305    0.000610    
272.10    -0.001219    -0.001219    0.048158    -0.000914    0.000000    -0.000305    0.000610    
272.15    -0.001219    -0.001219    0.040843    -0.000914    0.000000    -0.000305    0.000610    
272.20    -0.000914    -0.001524    0.034138    -0.000914    0.000000    -0.000305    0.000610    
272.25    -0.000610    -0.001524    0.027432    -0.000914    0.000000    -0.000305    0.000610    
272.30    -0.000305    -0.001524    0.021946    -0.000914    0.000000    -0.000305    0.000610    
272.35    0.000000    -0.001829    0.017678    -0.000914    0.000000    -0.000305    0.000610    
272.40    0.000305    -0.001524    0.015545    -0.000914    0.000000    -0.000305    0.000610    
272.45    0.000610    -0.001829    0.015240    -0.000914    0.000000    -0.000305    0.000610    
272.50    0.000610    -0.001829    0.012497    -0.000610    0.000000    -0.000305    0.000610    
272.55    0.000610    -0.001829    0.009144    -0.000610    0.000000    -0.000305    0.000610    
272.60    0.000914    -0.001829    0.007010    -0.000610    0.000000    -0.000610    0.000610    
272.65    0.000914    -0.001524    0.006096    -0.000305    0.000000    -0.000305    0.000610    
272.70    0.001219    -0.001524    0.005182    -0.000305    0.000000    -0.000305    0.000610    
272.75    0.001219    -0.001524    0.004267    0.000305    0.000000    -0.000305    0.000610    
272.80    0.001219    -0.001524    0.003353    0.000610    0.000000    -0.000305    0.000610    
272.85    0.001219    -0.001524    0.002438    0.001219    0.000000    -0.000305    0.000610    
272.90    0.000914    -0.001219    0.001829    0.002438    0.000000    -0.000305    0.000610    
272.95    0.001219    -0.001219    0.000914    0.003658    0.000000    -0.000305    0.000610    
273.00    0.000914    -0.000610    0.000000    0.005791    0.000000    -0.000610    0.000610    
273.05    0.000914    -0.000305    -0.000305    0.009144    0.000000    -0.000305    0.000610    
273.10    0.000610    -0.000305    -0.000610    0.014021    0.000000    -0.000305    0.000610    
273.15    0.000305    -0.000305    -0.000610    0.021031    0.000000    -0.000305    0.000610    
273.20    0.000000    0.000000    -0.001219    0.031699    0.000000    -0.000305    0.000610    
273.25    0.000000    0.000305    -0.001524    0.045415    0.000000    -0.000610    0.000610    
273.30    0.000000    0.000610    -0.001524    0.058826    0.000000    -0.000610    0.000610    
273.35    -0.000305    0.000610    -0.001524    0.067666    -0.000305    -0.000305    0.000610    
273.40    -0.000305    0.000914    -0.001524    0.070409    0.000000    -0.000305    0.000610    
273.45    -0.000305    0.000914    -0.001829    0.066142    -0.000305    -0.000610    0.000610    
273.50    -0.000305    0.000914    -0.001829    0.056083    -0.000305    -0.000305    0.000610    
273.55    -0.000610    0.000914    -0.001829    0.046330    0.000000    -0.000305    0.000610    
273.60    -0.000610    0.000914    -0.002134    0.037490    0.000000    -0.000305    0.000610    
273.65    -0.000914    0.000914    -0.002438    0.029870    0.000000    -0.000305    0.000610    
273.70    -0.000914    0.000914    -0.002438    0.024384    0.000000    -0.000610    0.000610    
273.75    -0.000914    0.000914    -0.002438    0.020422    0.000000    -0.000610    0.000610    
273.80    -0.000610    0.000914    -0.002438    0.018593    0.000305    -0.000305    0.000610    
273.85    -0.000305    0.000914    -0.002438    0.017678    0.000610    -0.000305    0.000610    
273.90    -0.000305    0.000610    -0.002743    0.017678    0.000914    -0.000305    0.000610    
273.95    0.000000    0.000610    -0.002743    0.016764    0.001524    -0.000305    0.000610    
274.00    0.000000    0.000305    -0.002743    0.014630    0.002438    -0.000305    0.000610    
274.05    0.000000    0.000305    -0.002743    0.012192    0.003658    -0.000305    0.000610    
274.10    0.000000    0.000305    -0.002743    0.010668    0.005791    -0.000305    0.000610    
274.15    0.000000    0.000305    -0.003048    0.010058    0.009754    -0.000305    0.000610    
274.20    0.000305    0.000000    -0.003048    0.009754    0.016154    -0.000305    0.000610    
274.25    0.000305    -0.000305    -0.003048    0.008839    0.027127    -0.000305    0.000610    
274.30    0.000305    -0.000305    -0.002743    0.007620    0.044196    -0.000305    0.000610    
274.35    0.000305    -0.000305    -0.002743    0.006401    0.063398    -0.000305    0.000610    
274.40    0.000305    -0.000305    -0.002438    0.005486    0.076505    -0.000305    0.000610    
274.45    0.000305    -0.000305    -0.002438    0.004572    0.074676    -0.000305    0.000610    
274.50    0.000305    -0.000305    -0.002134    0.003658    0.059741    -0.000305    0.000610    
274.55    0.000305    -0.000305    -0.002438    0.002743    0.044806    -0.000610    0.000610    
274.60    0.000305    -0.000305    -0.002134    0.002134    0.034442    -0.000305    0.000610    
274.65    0.000305    -0.000305    -0.001524    0.001219    0.025908    -0.000305    0.000610    
274.70    0.000305    -0.000305    -0.001219    0.000914    0.020726    -0.000305    0.000610    
274.75    0.000000    -0.000305    -0.000914    0.000305    0.018288    -0.000305    0.000610    
274.80    0.000000    0.000000    -0.000914    -0.000305    0.017983    -0.000305    0.000610    
274.85    0.000000    0.000000    -0.000610    -0.000610    0.018593    -0.000305    0.000610    
274.90    0.000000    0.000000    0.000000    -0.000914    0.019202    -0.000305    0.000610    
274.95    0.000000    0.000000    0.000305    -0.001524    0.019202    -0.000305    0.000610    
275.00    0.000000    0.000000    0.000610    -0.001829    0.018593    0.000000    0.000610    
275.05    0.000000    0.000000    0.000610    -0.002134    0.017069    0.000305    0.000610    
275.10    0.000305    0.000000    0.000610    -0.002438    0.015850    0.001219    0.000610    
275.15    0.000305    0.000305    0.000610    -0.002743    0.014630    0.002438    0.000610    
275.20    0.000000    0.000305    0.000610    -0.002743    0.013106    0.004877    0.000610    
275.25    0.000000    0.000000    0.000610    -0.002438    0.012497    0.008839    0.000610    
275.30    0.000305    0.000000    0.000610    -0.002438    0.012192    0.015850    0.000914    
275.35    0.000305    0.000000    0.000305    -0.002743    0.011278    0.028651    0.000914    
275.40    0.000610    0.000000    0.000305    -0.003048    0.010058    0.050292    0.001219    
275.45    0.000305    0.000000    0.000305    -0.003048    0.009754    0.074981    0.001829    
275.50    0.000305    0.000000    0.000305    -0.003048    0.008839    0.079858    0.003048    
275.55    0.000305    0.000000    0.000000    -0.002743    0.008230    0.060046    0.004877    
275.60    0.000610    0.000000    -0.000610    -0.002743    0.007620    0.041453    0.008230    
275.65    0.000305    0.000000    -0.000914    -0.003048    0.006401    0.029261    0.017983    
275.70    0.000000    0.000000    -0.001219    -0.003353    0.005486    0.019812    0.041453    
275.75    0.000000    0.000000    -0.001524    -0.003048    0.005182    0.014630    0.053340    
275.80    0.000000    -0.000305    -0.001524    -0.003048    0.004572    0.014630    0.053340    
275.85    0.000000    0.000000    -0.001524    -0.003048    0.003962    0.016764    0.053340    
275.90    -0.000305    -0.000305    -0.001829    -0.003353    0.003048    0.017678    0.053340    
275.95    -0.000610    0.000000    -0.001829    -0.003353    0.002438    0.017983    0.043891    
276.00    -0.000610    0.000000    -0.001829    -0.003353    0.001829    0.018898    0.032918    
276.05    -0.000305    0.000000    -0.002134    -0.003353    0.001219    0.020117    0.025908    
276.10    -0.000305    0.000000    -0.001829    -0.003353    0.000914    0.021031    0.021641    
276.15    -0.000305    0.000000    -0.001829    -0.003353    0.000610    0.021336    0.020422    
276.20    -0.000610    0.000305    -0.001829    -0.003353    0.000305    0.021641    0.021031    
276.25    -0.000610    0.000305    -0.001829    -0.003048    0.000000    0.021336    0.021946    
276.30    -0.000610    0.000305    -0.001829    -0.002743    -0.000610    0.020422    0.023165    
276.35    -0.000305    0.000305    -0.001829    -0.002743    -0.001219    0.019507    0.026822    
276.40    -0.000305    0.000000    -0.001829    -0.002743    -0.001829    0.018593    0.033528    
276.45    0.000000    0.000000    -0.001524    -0.002438    -0.001524    0.017983    0.045110    
276.50    0.000000    0.000000    -0.001219    -0.002438    -0.000914    0.017678    0.053340    
276.55    0.000000    0.000000    -0.001219    -0.002134    -0.001219    0.017374    0.053340    
276.60    0.000000    0.000000    -0.001219    -0.002134    -0.001829    0.017678    0.053340    
276.65    0.000000    0.000000    -0.001219    -0.001524    -0.002134    0.017678    0.053340    
276.70    0.000305    0.000000    -0.001219    -0.001219    -0.002134    0.018593    0.053340    
276.75    0.000000    0.000000    -0.001219    -0.000914    -0.001829    0.021031    0.053340    
276.80    0.000000    -0.000305    -0.001219    -0.000610    -0.001524    0.025603    0.053340    
276.85    0.000000    -0.000305    -0.001219    -0.000305    -0.001524    0.033833    0.044806    
276.90    0.000000    -0.000305    -0.000914    -0.000305    -0.001524    0.050902    0.039014    
276.95    0.000000    -0.000305    -0.000914    0.000000    -0.001524    0.077114    0.033223    
277.00    0.000000    -0.000305    -0.000914    0.000000    -0.001524    0.071933    0.028042    
277.05    0.000000    -0.000305    -0.000914    0.000000    -0.001219    0.055169    0.024689    
277.10    0.000000    -0.000305    -0.000914    0.000000    -0.000305    0.040538    0.021336    
277.15    0.000000    -0.000305    -0.001219    -0.000305    0.000000    0.027737    0.018593    
277.20    0.000000    -0.000305    -0.001219    -0.000305    0.000000    0.019202    0.019507    
277.25    0.000000    -0.000305    -0.001219    -0.000305    0.000000    0.016154    0.017983    
277.30    -0.000305    -0.000305    -0.001219    -0.000610    0.000610    0.016764    0.018288    
277.35    -0.000305    -0.000305    -0.001524    -0.000610    0.001219    0.019202    0.021641    
277.40    0.000000    -0.000305    -0.001524    -0.000914    0.001524    0.019812    0.022860    
277.45    0.000000    -0.000305    -0.001524    -0.001219    0.001219    0.017069    0.021641    
277.50    0.000000    -0.000305    -0.001524    -0.001524    0.001219    0.013106    0.021031    
277.55    0.000000    -0.000305    -0.001524    -0.001524    0.001524    0.008534    0.020422    
277.60    0.000000    -0.000305    -0.001524    -0.002134    0.001829    0.006706    0.018288    
277.65    0.000000    -0.000305    -0.001219    -0.002134    0.002134    0.008534    0.016764    
277.70    0.000000    -0.000305    -0.001219    -0.002134    0.003048    0.009449    0.020117    
277.75    0.000000    -0.000305    -0.001219    -0.002438    0.004267    0.010058    0.022555    
277.80    -0.000305    -0.000305    -0.001219    -0.002438    0.006706    0.010668    0.021336    
277.85    -0.000305    -0.000305    -0.001219    -0.002134    0.010363    0.010363    0.019507    
277.90    -0.000305    -0.000305    -0.001219    -0.002134    0.015850    0.010973    0.014935    
277.95    -0.000305    -0.000305    -0.000914    -0.002134    0.024689    0.012802    0.013716    
278.00    -0.000305    -0.000610    -0.000914    -0.002134    0.038710    0.013411    0.011582    
278.05    -0.000305    -0.000305    -0.000914    -0.002134    0.054254    0.012192    0.008839    
278.10    -0.000305    -0.000305    -0.000914    -0.001829    0.064313    0.009449    0.008839    
278.15    -0.000610    -0.000305    -0.001219    -0.001524    0.061874    0.009144    0.008534    
278.20    -0.000305    -0.000305    -0.001219    -0.001219    0.048768    0.009144    0.007620    
278.25    -0.000610    -0.000305    -0.001219    -0.000914    0.033223    0.010058    0.004572    
278.30    -0.000610    -0.000305    -0.001219    -0.000610    0.020422    0.011582    0.002743    
278.35    -0.000610    -0.000305    -0.001524    -0.000305    0.009449    0.010973    0.003048    
278.40    -0.000610    -0.000305    -0.001524    0.000000    0.003962    0.008534    0.002743    
278.45    -0.000610    -0.000305    -0.001524    0.000610    0.003962    0.005182    0.000914    
278.50    -0.000305    -0.000305    -0.001829    0.000914    0.006401    0.002438    0.001524    
278.55    -0.000305    -0.000305    -0.001829    0.001524    0.007010    0.002134    0.002743    
278.60    -0.000305    -0.000305    -0.001829    0.001829    0.008534    0.001829    0.001524    
278.65    -0.000610    -0.000305    -0.002134    0.002438    0.010363    0.002743    0.000000    
278.70    -0.000610    -0.000305    -0.002134    0.003048    0.011582    0.002438    0.000610    
278.75    -0.000610    -0.000305    -0.002134    0.003658    0.012497    0.002438    -0.000305    
278.80    -0.000610    -0.000305    -0.002134    0.004877    0.013106    0.002438    -0.001524    
278.85    -0.000610    -0.000305    -0.001829    0.006706    0.012802    -0.000305    -0.001219    
278.90    -0.000610    -0.000305    -0.001829    0.009144    0.012497    -0.001829    -0.000914    
278.95    -0.000914    -0.000305    -0.001829    0.012802    0.012497    0.000000    -0.001219    
279.00    -0.000610    -0.000305    -0.001829    0.018593    0.012192    0.001524    -0.002134    
279.05    -0.000610    -0.000305    -0.001829    0.027737    0.010668    0.000610    -0.002134    
279.10    -0.000610    -0.000305    -0.001829    0.040234    0.008534    -0.000914    -0.001829    
279.15    -0.000610    -0.000305    -0.001524    0.052121    0.007620    0.000000    -0.003353    
279.20    -0.000610    -0.000305    -0.001524    0.061570    0.007620    -0.000305    -0.004267    
279.25    -0.000914    -0.000305    -0.001524    0.061265    0.008839    -0.002134    -0.003353    
279.30    -0.000914    -0.000305    -0.001524    0.050292    0.010363    -0.002743    -0.000914    
279.35    -0.000610    -0.000305    -0.001829    0.035662    0.011278    -0.001524    -0.001829    
279.40    -0.000610    -0.000305    -0.001829    0.022250    0.012497    -0.000610    -0.004267    
279.45    -0.000610    -0.000305    -0.001829    0.010973    0.013716    -0.000914    -0.005791    
279.50    -0.000305    -0.000305    -0.001829    0.002438    0.014021    -0.001219    -0.005486    
279.55    -0.000305    -0.000305    -0.001829    -0.000305    0.012497    -0.001829    -0.004572    
279.60    -0.000305    -0.000305    -0.001829    0.000610    0.009449    -0.002134    -0.003962    
279.65    -0.000305    -0.000305    -0.001829    0.000914    0.007315    -0.001829    -0.004572    
279.70    -0.000305    -0.000305    -0.001829    0.000000    0.006096    -0.001829    -0.004877    
279.75    -0.000305    -0.000305    -0.001829    -0.000305    0.005791    -0.002134    -0.005486    
279.80    -0.000610    -0.000305    -0.001524    0.000000    0.005791    -0.001219    -0.005486    
279.85    -0.000610    -0.000305    -0.001524    0.000610    0.006401    0.000000    -0.005182    
279.90    -0.000610    -0.000305    -0.001524    0.002134    0.006706    -0.000305    -0.004572    
279.95    -0.000610    -0.000305    -0.001219    0.004877    0.006401    -0.001829    -0.003962    
280.00    -0.000610    -0.000305    -0.000914    0.007315    0.005486    -0.003048    -0.003658    
280.05    -0.000610    -0.000305    -0.000610    0.009449    0.004267    -0.001829    -0.003962    
280.10    -0.000305    -0.000610    -0.000305    0.010973    0.003048    -0.000305    -0.004877    
280.15    -0.000305    -0.000610    0.000305    0.012497    0.002438    -0.000610    -0.003962    
280.20    -0.000305    -0.000305    0.001524    0.013411    0.002438    -0.002743    -0.003353    
280.25    -0.000305    -0.000305    0.002438    0.013716    0.002438    -0.004267    -0.003048    
280.30    -0.000305    -0.000305    0.003658    0.013106    0.002134    -0.004572    -0.002134    
280.35    -0.000305    -0.000305    0.004877    0.010973    0.001524    -0.003658    -0.002438    
280.40    -0.000305    -0.000610    0.006706    0.009144    0.001219    -0.002134    -0.001219    
280.45    -0.000305    -0.000610    0.010668    0.007315    0.001524    -0.002438    0.000000    
280.50    -0.000305    -0.000610    0.014935    0.006096    0.001829    -0.004267    -0.000914    
280.55    -0.000305    -0.000610    0.021031    0.005791    0.001829    -0.005486    -0.001829    
280.60    -0.000305    -0.000305    0.029261    0.006096    0.001524    -0.005791    -0.001219    
280.65    -0.000305    -0.000305    0.037795    0.007315    0.001524    -0.004877    -0.001524    
280.70    -0.000610    -0.000305    0.045415    0.008839    0.001524    -0.003658    -0.001829    
280.75    -0.000610    -0.000305    0.049682    0.010058    0.000914    -0.003353    -0.001829    
280.80    -0.000914    -0.000610    0.050292    0.011278    -0.000305    -0.004267    -0.000914    
280.85    -0.000914    -0.000610    0.045415    0.011278    -0.001524    -0.005486    -0.000610    
280.90    -0.000914    -0.000610    0.036881    0.010363    -0.002438    -0.006096    -0.001219    
280.95    -0.000610    -0.000610    0.026822    0.008534    -0.002743    -0.005182    -0.002438    
281.00    -0.000610    -0.000610    0.016764    0.007010    -0.002743    -0.003962    -0.002438    
281.05    -0.000610    -0.000610    0.007315    0.005791    -0.002134    -0.003962    -0.001524    
281.10    -0.000610    -0.000610    0.001829    0.004572    -0.001524    -0.004267    -0.001524    
281.15    -0.000610    -0.000610    0.001219    0.003048    -0.001219    -0.004267    -0.002743    
281.20    -0.000610    -0.000305    -0.000610    0.001829    -0.000914    -0.004267    -0.002743    
281.25    -0.000610    -0.000305    -0.004267    0.001219    -0.001219    -0.004572    -0.001219    
281.30    -0.000610    -0.000305    -0.005791    0.001219    -0.001829    -0.004572    -0.000914    
281.35    -0.000610    -0.000305    -0.005791    0.001219    -0.002743    -0.003048    -0.002134    
281.40    -0.000914    -0.000305    -0.005791    0.001829    -0.003658    -0.001829    -0.002743    
281.45    -0.000914    -0.000305    -0.005486    0.001829    -0.004267    -0.001829    -0.001219    
281.50    -0.000914    0.000000    -0.004267    0.001829    -0.004572    -0.003048    -0.000305    
281.55    -0.000914    0.000305    -0.002743    0.001219    -0.004572    -0.004572    -0.000610    
281.60    -0.000914    0.000914    -0.000305    0.000914    -0.003962    -0.002743    -0.000305    
281.65    -0.000914    0.001219    0.002438    0.001219    -0.003353    -0.000914    0.000610    
281.70    -0.000914    0.002134    0.004572    0.001219    -0.002438    -0.000914    0.000000    
281.75    -0.000914    0.003658    0.006096    0.001219    -0.002438    -0.001829    -0.000305    
281.80    -0.000610    0.005486    0.008230    -0.000305    -0.003048    -0.002134    0.000610    
281.85    -0.000610    0.007620    0.010363    -0.001524    -0.003658    -0.000914    0.001829    
281.90    -0.000610    0.010363    0.011887    -0.002743    -0.004572    -0.000914    0.001219    
281.95    -0.000305    0.014021    0.012192    -0.003048    -0.005486    -0.001829    -0.000914    
282.00    0.000000    0.018288    0.012192    -0.002743    -0.006096    -0.001219    -0.001219    
282.05    0.000305    0.022860    0.012192    -0.002134    -0.006096    0.000000    0.000610    
282.10    0.000610    0.027737    0.011887    -0.001524    -0.005486    0.000000    0.001219    
282.15    0.000914    0.032614    0.011278    -0.000610    -0.004877    -0.000610    -0.000305    
282.20    0.001524    0.037186    0.010668    0.000000    -0.004267    0.000305    -0.001829    
282.25    0.002134    0.039929    0.009449    -0.000305    -0.003962    -0.000305    -0.001524    
282.30    0.003048    0.040843    0.008230    -0.000914    -0.003962    -0.000610    -0.001219    
282.35    0.004267    0.039929    0.007010    -0.002134    -0.004267    -0.000610    -0.001219    
282.40    0.005791    0.035357    0.005791    -0.002743    -0.004572    -0.001829    -0.001219    
282.45    0.007925    0.028956    0.005486    -0.003658    -0.005182    -0.002438    -0.001219    
282.50    0.010363    0.021641    0.005182    -0.004572    -0.005182    -0.001829    -0.001524    
282.55    0.013716    0.014630    0.005182    -0.004877    -0.005182    -0.001524    -0.002134    
282.60    0.017374    0.009754    0.005486    -0.004877    -0.004267    -0.001829    -0.002743    
282.65    0.021946    0.006706    0.005791    -0.004572    -0.003353    -0.002134    -0.002743    
282.70    0.026822    0.002134    0.006096    -0.004267    -0.002438    -0.003353    -0.002743    
282.75    0.031699    -0.001219    0.006401    -0.003962    -0.002438    -0.003962    -0.003048    
282.80    0.035966    -0.003048    0.006706    -0.003353    -0.002743    -0.002438    -0.003353    
282.85    0.039624    -0.003962    0.006401    -0.003353    -0.003353    -0.001219    -0.003048    
282.90    0.041453    -0.004877    0.005486    -0.003658    -0.003658    -0.002438    -0.003048    
282.95    0.041148    -0.005486    0.004877    -0.004267    -0.003658    -0.003353    -0.003353    
283.00    0.038710    -0.005791    0.003962    -0.004572    -0.003048    -0.003353    -0.002743    
283.05    0.033833    -0.005486    0.002438    -0.005486    -0.002438    -0.003353    -0.001829    
283.10    0.028042    -0.004877    0.000305    -0.005791    -0.002134    -0.003353    -0.001829    
283.15    0.021641    -0.003658    -0.001219    -0.006096    -0.001829    -0.003658    -0.002743    
283.20    0.015850    -0.002134    -0.001829    -0.006401    -0.002134    -0.003048    -0.003048    
283.25    0.010973    0.000000    -0.002438    -0.006706    -0.002743    -0.001829    -0.002134    
283.30    0.006401    0.002134    -0.002438    -0.006401    -0.002743    -0.002438    -0.001524    
283.35    0.002134    0.004267    -0.002134    -0.006096    -0.002438    -0.003658    -0.001829    
283.40    -0.000914    0.006706    -0.002134    -0.005182    -0.002134    -0.004267    -0.002134    
283.45    -0.003353    0.009754    -0.001219    -0.004572    -0.001219    -0.003962    -0.001524    
283.50    -0.005182    0.011887    0.000000    -0.004267    -0.000610    -0.003962    -0.000914    
283.55    -0.006706    0.013106    0.001219    -0.004572    -0.000305    -0.004267    -0.000914    
283.60    -0.007315    0.014326    0.001829    -0.004877    -0.000610    -0.003962    -0.001219    
283.65    -0.007620    0.015240    0.002134    -0.005486    -0.000914    -0.003048    -0.000914    
283.70    -0.007620    0.015240    0.001829    -0.005486    -0.000914    -0.002134    -0.000914    
283.75    -0.007010    0.015240    0.001219    -0.005791    -0.000914    -0.003048    -0.001219    
283.80    -0.006096    0.014630    0.000000    -0.005486    -0.000305    -0.003658    -0.002134    
283.85    -0.004267    0.013106    -0.000914    -0.005486    0.000000    -0.003658    -0.001829    
283.90    -0.002134    0.010668    -0.001829    -0.005182    0.000000    -0.003048    -0.002438    
283.95    0.000000    0.008839    -0.002438    -0.004877    -0.000610    -0.002134    -0.002743    
284.00    0.002438    0.007010    -0.003048    -0.004572    -0.001524    -0.001829    -0.002743    
284.05    0.005182    0.005791    -0.003048    -0.004267    -0.002134    -0.002134    -0.002438    
284.10    0.007925    0.004572    -0.003048    -0.004267    -0.002438    -0.002438    -0.002438    
284.15    0.010668    0.003962    -0.002743    -0.003962    -0.002438    -0.002743    -0.003048    
284.20    0.013411    0.003658    -0.002438    -0.003658    -0.002134    -0.002743    -0.003353    
284.25    0.015545    0.003658    -0.002134    -0.003658    -0.002134    -0.002743    -0.003353    
284.30    0.017069    0.003658    -0.001829    -0.003658    -0.002743    -0.002438    -0.002743    
284.35    0.017374    0.003962    -0.001829    -0.003962    -0.003658    -0.002438    -0.003048    
284.40    0.017069    0.004572    -0.001829    -0.003962    -0.003962    -0.002743    -0.003658    
284.45    0.016154    0.004877    -0.001829    -0.004267    -0.003962    -0.002743    -0.003962    
284.50    0.014326    0.005486    -0.002134    -0.003962    -0.003658    -0.002743    -0.003353    
284.55    0.011887    0.005791    -0.003048    -0.003658    -0.003048    -0.002438    -0.002134    
284.60    0.009449    0.006096    -0.003962    -0.003353    -0.002743    -0.003353    -0.002134    
284.65    0.007620    0.005791    -0.004572    -0.002743    -0.003048    -0.004572    -0.002438    
284.70    0.006096    0.005486    -0.005182    -0.002438    -0.003658    -0.004877    -0.002743    
284.75    0.004572    0.004572    -0.005182    -0.002134    -0.003962    -0.003353    -0.002134    
284.80    0.003658    0.003353    -0.004877    -0.002134    -0.003658    -0.002134    -0.001829    
284.85    0.002743    0.002743    -0.004877    -0.002438    -0.003048    -0.002438    -0.001829    
284.90    0.002438    0.001524    -0.004572    -0.002438    -0.003048    -0.003962    -0.002134    
284.95    0.002438    0.000305    -0.004267    -0.002134    -0.003048    -0.004572    -0.001524    
285.00    0.003048    -0.000305    -0.004267    -0.002134    -0.003048    -0.004267    -0.000914    
285.05    0.003353    -0.000305    -0.003962    -0.002134    -0.003353    -0.003353    -0.001829    
285.10    0.003962    -0.000610    -0.003962    -0.002134    -0.003048    -0.003048    -0.002743    
285.15    0.004572    -0.001219    -0.003962    -0.001829    -0.002438    -0.003353    -0.002743    
285.20    0.005182    -0.001219    -0.003962    -0.001524    -0.001829    -0.003048    -0.002438    
285.25    0.005791    -0.000914    -0.003962    -0.000914    -0.001524    -0.002438    -0.002438    
285.30    0.006096    -0.000610    -0.004267    -0.000914    -0.002134    -0.003048    -0.002743    
285.35    0.006096    -0.000305    -0.004572    -0.000914    -0.002743    -0.004267    -0.002743    
285.40    0.005486    0.000000    -0.004877    -0.001524    -0.002743    -0.003353    -0.003048    
285.45    0.004877    0.000305    -0.005182    -0.002438    -0.002134    -0.001829    -0.003353    
285.50    0.003962    0.000914    -0.005182    -0.003353    -0.001219    -0.002134    -0.003353    
285.55    0.002743    0.001219    -0.005182    -0.003658    -0.001219    -0.003048    -0.003048    
285.60    0.001524    0.001219    -0.005182    -0.003353    -0.001219    -0.002743    -0.003048    
285.65    0.000610    0.001219    -0.005182    -0.003048    -0.001829    -0.003048    -0.003048    
285.70    0.000000    0.001219    -0.005182    -0.003048    -0.002134    -0.003962    -0.002743    
285.75    -0.000610    0.000914    -0.004877    -0.003048    -0.002438    -0.003962    -0.003353    
285.80    -0.001219    0.000610    -0.004267    -0.003353    -0.002438    -0.003048    -0.003658    
285.85    -0.001524    -0.000305    -0.003658    -0.003658    -0.002134    -0.003048    -0.003048   

285.90    -0.001524    -0.000914    -0.003048    -0.004267    -0.001829    -0.004267    -0.001829   

285.95    -0.001524    -0.001524    -0.002438    -0.004267    -0.002134    -0.004267    -0.001829   

286.00    -0.001524    -0.002134    -0.002134    -0.004267    -0.003048    -0.003353    -0.002438   

286.05    -0.001524    -0.002743    -0.002438    -0.004267    -0.003353    -0.003353    -0.002743   

286.10    -0.000914    -0.003048    -0.003048    -0.003658    -0.003658    -0.004267    -0.002134   

286.15    -0.000305    -0.003048    -0.003962    -0.003353    -0.003353    -0.004267    -0.001219   

286.20    0.000610    -0.003048    -0.004267    -0.003353    -0.003048    -0.003962    -0.001524    
286.25    0.001219    -0.003048    -0.004267    -0.003353    -0.003048    -0.003048    -0.002134    
286.30    0.001829    -0.002743    -0.004267    -0.003353    -0.003048    -0.003353    -0.002438    
286.35    0.002134    -0.002438    -0.003962    -0.003353    -0.003048    -0.003658    -0.002743    
286.40    0.002134    -0.001829    -0.003353    -0.003658    -0.003048    -0.003658    -0.002743    
286.45    0.001829    -0.001219    -0.002743    -0.003353    -0.003048    -0.003353    -0.002743    
286.50    0.001219    -0.001219    -0.001829    -0.003353    -0.003048    -0.003048    -0.002743    
286.55    0.000305    -0.001219    -0.000914    -0.003353    -0.003048    -0.002743    -0.003353    
286.60    -0.000305    -0.001219    -0.000610    -0.003353    -0.003048    -0.002438    -0.003353   

286.65    -0.001219    -0.001829    -0.000305    -0.003353    -0.002743    -0.002134    -0.002743   

286.70    -0.002134    -0.002438    -0.000610    -0.003353    -0.002438    -0.002438    -0.002134   

286.75    -0.002743    -0.003048    -0.001219    -0.003353    -0.002438    -0.002743    -0.002438   

286.80    -0.003353    -0.003353    -0.002134    -0.003353    -0.002438    -0.002438    -0.003048   

286.85    -0.003353    -0.003658    -0.002743    -0.002743    -0.002438    -0.002438    -0.003353   

286.90    -0.003658    -0.003962    -0.002743    -0.002438    -0.002438    -0.003048    -0.002743   

286.95    -0.003962    -0.003962    -0.002134    -0.002134    -0.002134    -0.003658    -0.002438   

287.00    -0.003962    -0.003962    -0.001219    -0.002134    -0.001829    -0.003353    -0.002438   

287.05    -0.003658    -0.003658    -0.000610    -0.002134    -0.001829    -0.002438    -0.002438   

287.10    -0.003353    -0.003048    -0.000305    -0.002134    -0.002134    -0.001829    -0.002438   

287.15    -0.002743    -0.002438    0.000305    -0.002743    -0.002438    -0.002438    -0.002134    
287.20    -0.002134    -0.002134    -0.000305    -0.003353    -0.002438    -0.003658    -0.002134   

287.25    -0.001524    -0.002134    -0.000914    -0.003353    -0.002438    -0.003962    -0.002134   

287.30    -0.001219    -0.001829    -0.001829    -0.003353    -0.002438    -0.003353    -0.002134   

287.35    -0.001219    -0.002134    -0.002438    -0.003048    -0.002743    -0.003048    -0.001829   

287.40    -0.001219    -0.002134    -0.002743    -0.002743    -0.002743    -0.003048    -0.001524   

287.45    -0.001524    -0.002134    -0.003048    -0.002743    -0.002743    -0.003048    -0.001829   

287.50    -0.002134    -0.002438    -0.003048    -0.002743    -0.002743    -0.003048    -0.002438   

287.55    -0.003048    -0.002743    -0.003048    -0.003353    -0.002743    -0.003048    -0.002438   

287.60    -0.003962    -0.003048    -0.003048    -0.004267    -0.003048    -0.003353    -0.002438   

287.65    -0.004267    -0.003048    -0.003048    -0.004572    -0.003048    -0.003658    -0.001829   

287.70    -0.004572    -0.003353    -0.003048    -0.004572    -0.002743    -0.003353    -0.001524   

287.75    -0.004572    -0.003048    -0.003048    -0.004267    -0.002438    -0.002743    -0.002134   

287.80    -0.004572    -0.003048    -0.003353    -0.003353    -0.002438    -0.002743    -0.002743   

287.85    -0.004572    -0.002134    -0.003353    -0.002743    -0.002743    -0.003048    -0.003048   

287.90    -0.004267    -0.001524    -0.003658    -0.002438    -0.003048    -0.003353    -0.002438   

287.95    -0.003962    -0.001219    -0.003962    -0.002743    -0.002743    -0.002743    -0.002134   

288.00    -0.003353    -0.000610    -0.003658    -0.003353    -0.002438    -0.002743    -0.002134   

288.05    -0.002438    -0.000305    -0.003353    -0.003658    -0.002134    -0.003353    -0.002134   

288.10    -0.001829    -0.000305    -0.003353    -0.003962    -0.002134    -0.004267    -0.002134   

288.15    -0.001524    -0.000305    -0.003048    -0.003658    -0.002134    -0.003658    -0.002438   

288.20    -0.001219    -0.000610    -0.003353    -0.003048    -0.002134    -0.002134    -0.002134   

288.25    -0.001219    -0.000914    -0.003353    -0.002438    -0.002134    -0.001829    -0.001829   

288.30    -0.001219    -0.001219    -0.003353    -0.002134    -0.002134    -0.002743    -0.002134   

288.35    -0.001829    -0.001219    -0.003048    -0.002743    -0.002438    -0.003962    -0.002743   

288.40    -0.002438    -0.001219    -0.002743    -0.003353    -0.002438    -0.003658    -0.002743   

288.45    -0.002743    -0.001219    -0.002438    -0.003962    -0.002134    -0.002438    -0.002438   

288.50    -0.003353    -0.001219    -0.002438    -0.003658    -0.002134    -0.001829    -0.001829   

288.55    -0.003658    -0.000610    -0.002438    -0.003048    -0.002134    -0.002134    -0.001524   

288.60    -0.003658    -0.000305    -0.002743    -0.002743    -0.002438    -0.003048    -0.001524   

288.65    -0.003048    0.000000    -0.003048    -0.002438    -0.002438    -0.003048    -0.001524    
288.70    -0.002134    0.000000    -0.003048    -0.002743    -0.002438    -0.002438    -0.001829    
288.75    -0.001219    0.000305    -0.003048    -0.003353    -0.002438    -0.002438    -0.001829    
288.80    -0.000305    0.000305    -0.002743    -0.003658    -0.002438    -0.002438    -0.001524    
288.85    0.000305    0.000305    -0.002438    -0.003658    -0.002438    -0.002438    -0.001219    
288.90    0.000914    0.000000    -0.001829    -0.003353    -0.002134    -0.002438    -0.001219    
288.95    0.000914    -0.000305    -0.001524    -0.002743    -0.002438    -0.002438    -0.001219    
289.00    0.000914    -0.000610    -0.001829    -0.002743    -0.002743    -0.002438    -0.001524    
289.05    0.000305    -0.001219    -0.001829    -0.003353    -0.002743    -0.002134    -0.001829    
289.10    -0.000305    -0.001524    -0.002134    -0.003962    -0.002743    -0.002134    -0.001829   

289.15    -0.000914    -0.001524    -0.002743    -0.004267    -0.002438    -0.002438    -0.001524   

289.20    -0.001219    -0.001524    -0.003048    -0.004267    -0.002438    -0.002438    -0.001219   

289.25    -0.001219    -0.001524    -0.003048    -0.003658    -0.002134    -0.002438    -0.001219   

289.30    -0.001219    -0.001524    -0.003353    -0.003048    -0.001829    -0.002134    -0.001524   

289.35    -0.001219    -0.001829    -0.003353    -0.002743    -0.002134    -0.001829    -0.001524   

289.40    -0.000914    -0.001829    -0.003353    -0.002743    -0.002134    -0.001829    -0.001524   

289.45    -0.000305    -0.001829    -0.003048    -0.002743    -0.002134    -0.002134    -0.001829   

289.50    0.000000    -0.001524    -0.003048    -0.002743    -0.002134    -0.002438    -0.001829    
289.55    0.000610    -0.001524    -0.002743    -0.003048    -0.002134    -0.002743    -0.002134    
289.60    0.000610    -0.001829    -0.002743    -0.003048    -0.001829    -0.002438    -0.002134    
289.65    0.000610    -0.001829    -0.003048    -0.002743    -0.002134    -0.002438    -0.002134    
289.70    0.000305    -0.001829    -0.003353    -0.002438    -0.002134    -0.002438    -0.002134    
289.75    0.000000    -0.002438    -0.003658    -0.002134    -0.002134    -0.002438    -0.001829    
289.80    -0.000610    -0.002438    -0.003962    -0.002438    -0.002134    -0.002743    -0.001829   

289.85    -0.000914    -0.002438    -0.003962    -0.003048    -0.002134    -0.002438    -0.001219   

289.90    -0.001524    -0.002438    -0.003658    -0.003353    -0.002134    -0.002134    -0.001219   

289.95    -0.002134    -0.002438    -0.003048    -0.003353    -0.002438    -0.002438    -0.001219   

290.00    -0.002743    -0.002134    -0.002743    -0.003353    -0.002438    -0.002438    -0.001524   

290.05    -0.003048    -0.001829    -0.002438    -0.003048    -0.002438    -0.002438    -0.001829   

290.10    -0.003048    -0.001219    -0.002743    -0.002743    -0.002438    -0.002438    -0.001829   

290.15    -0.002743    -0.000914    -0.002743    -0.003048    -0.002438    -0.002134    -0.001219   

290.20    -0.002438    -0.000610    -0.003048    -0.003353    -0.002134    -0.002134    -0.000914   

290.25    -0.001829    -0.000610    -0.003048    -0.003658    -0.001524    -0.002134    -0.001219   

290.30    -0.001524    -0.000610    -0.003048    -0.003353    -0.001219    -0.002134    -0.001524   

290.35    -0.001524    -0.000914    -0.003048    -0.003048    -0.001219    -0.002134    -0.001219   

290.40    -0.001524    -0.001219    -0.003048    -0.002743    -0.001524    -0.002134    -0.000914   

290.45    -0.001829    -0.001524    -0.003048    -0.002743    -0.001829    -0.002438    -0.000914   

290.50    -0.002134    -0.001829    -0.002743    -0.002743    -0.001524    -0.002438    -0.001219   

290.55    -0.002134    -0.001829    -0.002743    -0.003353    -0.001524    -0.001829    -0.000914   

290.60    -0.002134    -0.001829    -0.002743    -0.003658    -0.001524    -0.001829    -0.000610   

290.65    -0.002134    -0.001524    -0.003048    -0.003353    -0.001524    -0.001829    -0.000914   

290.70    -0.002134    -0.001219    -0.003353    -0.002743    -0.001829    -0.002134    -0.000914   

290.75    -0.001829    -0.000914    -0.003658    -0.002438    -0.001829    -0.002134    -0.000914   

290.80    -0.001524    -0.000610    -0.003962    -0.002438    -0.001524    -0.001829    -0.001219   

290.85    -0.001219    -0.000610    -0.003658    -0.002743    -0.001524    -0.001829    -0.001524   

290.90    -0.000914    -0.000610    -0.003353    -0.003048    -0.001829    -0.001829    -0.001219   

290.95    -0.000914    -0.000914    -0.003048    -0.003353    -0.002134    -0.001829    -0.000914   

291.00    -0.000914    -0.001524    -0.002743    -0.003048    -0.001829    -0.001829    -0.000914   

291.05    -0.000914    -0.001829    -0.002743    -0.002743    -0.001219    -0.001829    -0.001219   

291.10    -0.000610    -0.002134    -0.002743    -0.002438    -0.000914    -0.001524    -0.001219   

291.15    -0.000610    -0.002438    -0.003048    -0.002743    -0.001219    -0.001524    -0.001219   

291.20    -0.000610    -0.002438    -0.003353    -0.002743    -0.002134    -0.001524    -0.000914   

291.25    -0.000610    -0.002134    -0.003658    -0.003048    -0.002438    -0.001829    -0.000914   

291.30    -0.000610    -0.001829    -0.003658    -0.003353    -0.002134    -0.001829    -0.000914   

291.35    -0.000610    -0.001524    -0.003658    -0.003353    -0.001524    -0.001829    -0.000914   

291.40    -0.000610    -0.001524    -0.003048    -0.003353    -0.001524    -0.001829    -0.000610   

291.45    -0.000914    -0.001219    -0.002743    -0.003353    -0.001829    -0.001829    -0.000914   

291.50    -0.001524    -0.001524    -0.002438    -0.003353    -0.002134    -0.002134    -0.001524   

291.55    -0.001829    -0.001524    -0.002134    -0.003048    -0.002134    -0.002134    -0.001829   

291.60    -0.001829    -0.001829    -0.002134    -0.002743    -0.001829    -0.001829    -0.001524   

291.65    -0.001524    -0.002134    -0.002438    -0.002743    -0.001524    -0.001829    -0.000914   

291.70    -0.001219    -0.002438    -0.002438    -0.002438    -0.001524    -0.001524    -0.000305   

291.75    -0.000914    -0.002438    -0.002743    -0.002438    -0.001524    -0.001524    0.000000    
291.80    -0.000610    -0.002438    -0.002743    -0.002438    -0.001524    -0.001524    -0.000305   

291.85    -0.000610    -0.001829    -0.003048    -0.002438    -0.001829    -0.001829    -0.000610   

291.90    -0.000610    -0.001219    -0.002743    -0.002438    -0.001829    -0.001829    -0.000610   

291.95    -0.000610    -0.000610    -0.002743    -0.002743    -0.001524    -0.001829    -0.000610   

292.00    -0.000914    -0.000305    -0.002743    -0.002743    -0.001524    -0.001829    -0.000914   

292.05    -0.001524    -0.000305    -0.002743    -0.002743    -0.001219    -0.001829    -0.000914   

292.10    -0.002134    -0.000610    -0.002743    -0.002743    -0.001219    -0.001829    -0.000610   

292.15    -0.002438    -0.000610    -0.003048    -0.002438    -0.001219    -0.001829    -0.000305   

292.20    -0.002438    -0.001219    -0.003658    -0.002438    -0.001219    -0.001829    -0.000305   

292.25    -0.002438    -0.001524    -0.003658    -0.002438    -0.001524    -0.001524    -0.000610   

292.30    -0.002134    -0.001829    -0.003658    -0.002438    -0.001524    -0.001829    -0.000914   

292.35    -0.001829    -0.001524    -0.003048    -0.002743    -0.001219    -0.002134    -0.000914   

292.40    -0.001219    -0.001524    -0.002743    -0.002743    -0.000914    -0.001829    -0.000610   

292.45    -0.000610    -0.001524    -0.002134    -0.002743    -0.000914    -0.000914    -0.000305   

292.50    -0.000305    -0.001524    -0.002438    -0.002743    -0.001219    -0.000914    -0.000305   

292.55    -0.000305    -0.001219    -0.002438    -0.002743    -0.001524    -0.001524    -0.000610   

292.60    -0.000610    -0.001219    -0.002743    -0.002743    -0.001219    -0.002134    -0.000610   

292.65    -0.000914    -0.001219    -0.003048    -0.002438    -0.000914    -0.002134    -0.000914   

292.70    -0.001524    -0.001219    -0.003353    -0.002438    -0.000914    -0.001829    -0.001219   

292.75    -0.002134    -0.001524    -0.003048    -0.002438    -0.001219    -0.000610    -0.001219   

292.80    -0.002438    -0.001524    -0.002743    -0.002743    -0.001524    -0.000610    -0.000914   

292.85    -0.002134    -0.001829    -0.002438    -0.003048    -0.001829    -0.001219    -0.000305   

292.90    -0.001829    -0.001829    -0.002134    -0.003048    -0.001829    -0.001829    -0.000305   

292.95    -0.001219    -0.001524    -0.001829    -0.003048    -0.001829    -0.001829    -0.000305   

293.00    -0.000610    -0.001524    -0.002134    -0.002743    -0.001829    -0.001829    0.000000    
293.05    -0.000305    -0.001219    -0.002134    -0.002743    -0.001524    -0.001524    0.000000    
293.10    -0.000610    -0.001219    -0.002743    -0.002438    -0.001524    -0.001829    -0.000305   

293.15    -0.000610    -0.001219    -0.003048    -0.002438    -0.001524    -0.001829    -0.000610   

293.20    -0.000914    -0.001219    -0.003048    -0.002438    -0.001219    -0.001829    -0.000610   

293.25    -0.001524    -0.001219    -0.003048    -0.002438    -0.001219    -0.001829    -0.000305   

293.30    -0.002134    -0.001524    -0.003048    -0.002438    -0.000914    -0.001829    -0.000305   

293.35    -0.002438    -0.001524    -0.002743    -0.002134    -0.000914    -0.001524    -0.000305   

293.40    -0.002743    -0.001219    -0.002438    -0.002134    -0.000914    -0.000914    -0.000305   

293.45    -0.002743    -0.001219    -0.002438    -0.002438    -0.001219    -0.000914    -0.000610   

293.50    -0.002438    -0.001219    -0.002438    -0.002743    -0.001524    -0.000914    -0.000914   

293.55    -0.001524    -0.001219    -0.002438    -0.002743    -0.001829    -0.001219    -0.000610   

293.60    -0.000914    -0.001219    -0.002134    -0.002743    -0.001524    -0.000914    -0.000610   

293.65    -0.000610    -0.001219    -0.002438    -0.002134    -0.001219    -0.000914    -0.000305   

293.70    -0.000305    -0.001219    -0.002438    -0.002134    -0.000914    -0.001219    -0.000305   

293.75    -0.000305    -0.001219    -0.002134    -0.001524    -0.001219    -0.001829    -0.000305   

293.80    -0.000610    -0.001219    -0.002134    -0.001829    -0.001524    -0.001829    -0.000305   

293.85    -0.001219    -0.001219    -0.002134    -0.002134    -0.001524    -0.001524    -0.000305   

293.90    -0.001524    -0.001524    -0.002134    -0.002134    -0.001219    -0.001219    -0.000305   

293.95    -0.001829    -0.001524    -0.002134    -0.002134    -0.000914    -0.001219    -0.000305   

294.00    -0.001829    -0.001524    -0.002134    -0.002134    -0.000914    -0.001829    -0.000305   

294.05    -0.001829    -0.001524    -0.001829    -0.002134    -0.001219    -0.001829    -0.000305   

294.10    -0.001524    -0.001524    -0.001524    -0.002134    -0.001219    -0.001829    -0.000610   

294.15    -0.000914    -0.001524    -0.001524    -0.002134    -0.000914    -0.001219    -0.000610   

294.20    -0.000610    -0.001524    -0.001524    -0.002134    -0.000914    -0.001219    0.000000    
294.25    -0.000305    -0.001524    -0.001829    -0.002438    -0.000914    -0.000914    0.000305    
294.30    0.000000    -0.001524    -0.001829    -0.002438    -0.000610    -0.000914    -0.000610    
294.35    -0.000305    -0.001219    -0.002134    -0.002438    -0.000610    -0.000914    -0.000914   

294.40    -0.000610    -0.001219    -0.002134    -0.002134    -0.000914    -0.001219    -0.000305   

294.45    -0.001219    -0.001219    -0.001829    -0.002134    -0.001219    -0.001524    -0.000305   

294.50    -0.001524    -0.001219    -0.001829    -0.002134    -0.001524    -0.001524    -0.000610   

294.55    -0.001829    -0.001219    -0.001829    -0.002134    -0.001829    -0.001219    -0.000610   

294.60    -0.001829    -0.001219    -0.001829    -0.002134    -0.001219    -0.001219    -0.000305   

294.65    -0.001524    -0.001219    -0.002438    -0.002134    -0.000914    -0.001829    0.000000    
294.70    -0.001219    -0.001219    -0.002743    -0.002134    -0.000914    -0.001829    -0.000305   

294.75    -0.000914    -0.001219    -0.002743    -0.002134    -0.000914    -0.001829    -0.000305   

294.80    -0.000914    -0.001219    -0.002743    -0.001829    -0.000914    -0.001829    0.000000    
294.85    -0.000914    -0.001219    -0.002438    -0.001829    -0.000914    -0.001219    0.000305    
294.90    -0.001219    -0.000610    -0.001829    -0.001829    -0.000610    -0.001219    0.000000    
294.95    -0.001524    -0.000610    -0.001524    -0.002134    -0.000610    -0.001219    -0.000305   

295.00    -0.001524    -0.000914    -0.001524    -0.002134    -0.000610    -0.001219    -0.000305   

