			Ts3c.txt
Benchmark Problem #3, Runup of Solitary Waves on a Vertical Wall, Case C
30 sec of data from 265 to 295 sec, Gages 4-10, Units = Meters

Time       G4_M        G5_M        G6_M        G7_M        G8_M        G9_M        G10_M

265.05    0.001524    0.001219    0.000610    0.000914    0.000610    0.001524    0.001219    
265.10    0.001524    0.001219    0.000610    0.000914    0.000610    0.001524    0.001219    
265.15    0.001524    0.001219    0.000914    0.000914    0.000610    0.001524    0.001524    
265.20    0.001524    0.001219    0.000914    0.000914    0.000610    0.001524    0.001524    
265.25    0.001524    0.001219    0.000610    0.000914    0.000610    0.001524    0.001524    
265.30    0.001524    0.001219    0.000610    0.000914    0.000610    0.001524    0.001219    
265.35    0.001524    0.001219    0.000610    0.000914    0.000610    0.001524    0.001219    
265.40    0.001524    0.001219    0.000610    0.000914    0.000610    0.001219    0.001219    
265.45    0.001524    0.001219    0.000610    0.000914    0.000610    0.001524    0.001219    
265.50    0.001524    0.001219    0.000610    0.000914    0.000610    0.001219    0.001219    
265.55    0.001524    0.001219    0.000610    0.000914    0.000610    0.001524    0.001524    
265.60    0.001524    0.001219    0.000610    0.000914    0.000610    0.001524    0.001219    
265.65    0.001524    0.001219    0.000610    0.000914    0.000610    0.001524    0.001219    
265.70    0.001524    0.001219    0.000610    0.000914    0.000610    0.001524    0.001219    
265.75    0.001524    0.001219    0.000610    0.000914    0.000610    0.001524    0.001219    
265.80    0.001524    0.001219    0.000610    0.000914    0.000610    0.001524    0.001219    
265.85    0.001524    0.001219    0.000610    0.000914    0.000610    0.001524    0.001219    
265.90    0.001524    0.001219    0.000610    0.000914    0.000610    0.001524    0.001219    
265.95    0.001524    0.001219    0.000610    0.000914    0.000610    0.001524    0.001219    
266.00    0.001524    0.001219    0.000610    0.000914    0.000610    0.001524    0.001524    
266.05    0.001524    0.001219    0.000610    0.000914    0.000610    0.001524    0.001524    
266.10    0.001524    0.001219    0.000610    0.000914    0.000610    0.001524    0.001219    
266.15    0.001524    0.001219    0.000610    0.000914    0.000610    0.001524    0.001219    
266.20    0.001524    0.001219    0.000610    0.000914    0.000610    0.001524    0.001219    
266.25    0.001524    0.001219    0.000610    0.000914    0.000610    0.001524    0.001219    
266.30    0.001524    0.001219    0.000610    0.000914    0.000610    0.001524    0.001219    
266.35    0.001524    0.001219    0.000610    0.000914    0.000610    0.001524    0.001219    
266.40    0.001524    0.001219    0.000610    0.000914    0.000610    0.001524    0.001524    
266.45    0.001524    0.001219    0.000610    0.000914    0.000610    0.001524    0.001219    
266.50    0.001524    0.001219    0.000610    0.000914    0.000610    0.001524    0.001219    
266.55    0.001524    0.001219    0.000610    0.000914    0.000610    0.001524    0.001219    
266.60    0.001524    0.001219    0.000610    0.000914    0.000610    0.001524    0.001219    
266.65    0.001524    0.001219    0.000610    0.000914    0.000610    0.001524    0.001524    
266.70    0.001524    0.001219    0.000610    0.000914    0.000610    0.001524    0.001524    
266.75    0.001524    0.001219    0.000610    0.000914    0.000610    0.001524    0.001219    
266.80    0.001524    0.001219    0.000914    0.000914    0.000610    0.001524    0.001219    
266.85    0.001524    0.001219    0.000610    0.000914    0.000610    0.001524    0.001219    
266.90    0.001524    0.001219    0.000610    0.000914    0.000610    0.001524    0.001219    
266.95    0.001524    0.001219    0.000610    0.000914    0.000610    0.001524    0.001219    
267.00    0.001524    0.001219    0.000610    0.000914    0.000610    0.001524    0.001219    
267.05    0.001524    0.001219    0.000610    0.000914    0.000610    0.001524    0.001219    
267.10    0.001524    0.001219    0.000914    0.000914    0.000610    0.001524    0.001219    
267.15    0.001524    0.001219    0.000610    0.000914    0.000610    0.001219    0.001219    
267.20    0.001524    0.001219    0.000610    0.000914    0.000610    0.001524    0.001219    
267.25    0.001524    0.001219    0.000610    0.000914    0.000610    0.001524    0.001219    
267.30    0.001524    0.001219    0.000610    0.000914    0.000610    0.001524    0.001219    
267.35    0.001524    0.001219    0.000610    0.000914    0.000610    0.001524    0.001219    
267.40    0.001524    0.001219    0.000914    0.000914    0.000610    0.001524    0.001524    
267.45    0.001524    0.001219    0.000610    0.000914    0.000610    0.001524    0.001219    
267.50    0.001524    0.001219    0.000610    0.000914    0.000610    0.001524    0.001219    
267.55    0.001524    0.001219    0.000610    0.000914    0.000610    0.001219    0.001219    
267.60    0.001524    0.000914    0.000610    0.000914    0.000610    0.001219    0.001219    
267.65    0.001524    0.000914    0.000610    0.000914    0.000610    0.001219    0.001219    
267.70    0.001524    0.001219    0.000914    0.000914    0.000610    0.001219    0.001219    
267.75    0.001524    0.001219    0.000610    0.000914    0.000610    0.001524    0.001219    
267.80    0.001524    0.001219    0.000914    0.000914    0.000610    0.001524    0.001219    
267.85    0.001524    0.001219    0.000610    0.000914    0.000610    0.001219    0.001219    
267.90    0.001524    0.001219    0.000610    0.000914    0.000610    0.001219    0.001219    
267.95    0.001524    0.001219    0.000610    0.000914    0.000610    0.001219    0.001219    
268.00    0.001524    0.001219    0.000610    0.000914    0.000610    0.001219    0.001219    
268.05    0.001524    0.001219    0.000610    0.000914    0.000610    0.001219    0.001219    
268.10    0.001524    0.001219    0.000914    0.000914    0.000610    0.001524    0.001524    
268.15    0.001829    0.001219    0.000914    0.000914    0.000610    0.001524    0.001524    
268.20    0.002134    0.001219    0.000610    0.000914    0.000610    0.001219    0.001219    
268.25    0.002438    0.001219    0.000610    0.000914    0.000610    0.001219    0.001219    
268.30    0.003353    0.001219    0.000610    0.000914    0.000610    0.001219    0.001219    
268.35    0.004572    0.001219    0.000610    0.000914    0.000610    0.001219    0.001219    
268.40    0.006401    0.001219    0.000610    0.000914    0.000610    0.001219    0.001219    
268.45    0.009449    0.001219    0.000610    0.000914    0.000610    0.001219    0.001219    
268.50    0.013716    0.001524    0.000610    0.000914    0.000610    0.001219    0.001219    
268.55    0.019812    0.001524    0.000914    0.000914    0.000610    0.001524    0.001219    
268.60    0.028956    0.002134    0.000610    0.000914    0.000610    0.001219    0.001219    
268.65    0.042062    0.003048    0.000914    0.000914    0.000610    0.001219    0.001219    
268.70    0.060960    0.004267    0.000914    0.000914    0.000610    0.001219    0.001219    
268.75    0.084734    0.006096    0.000914    0.000914    0.000610    0.001219    0.001219    
268.80    0.114605    0.008839    0.000610    0.000914    0.000610    0.001219    0.001219    
268.85    0.144475    0.013106    0.000610    0.000914    0.000610    0.001219    0.001219    
268.90    0.149962    0.019202    0.000914    0.000914    0.000610    0.001219    0.001219    
268.95    0.131064    0.028042    0.000914    0.000914    0.000610    0.001524    0.001524    
269.00    0.101194    0.040843    0.000914    0.000914    0.000610    0.001524    0.001219    
269.05    0.073762    0.058826    0.000914    0.000914    0.000610    0.001219    0.001219    
269.10    0.052121    0.080772    0.000914    0.000914    0.000610    0.001219    0.001219    
269.15    0.034747    0.106375    0.000610    0.000914    0.000610    0.001219    0.001219    
269.20    0.021641    0.134112    0.000914    0.000914    0.000610    0.001524    0.001219    
269.25    0.014326    0.138684    0.000914    0.000914    0.000610    0.001219    0.001524    
269.30    0.011582    0.121006    0.000914    0.000914    0.000610    0.001219    0.001219    
269.35    0.010058    0.094183    0.000914    0.000914    0.000610    0.001219    0.001219    
269.40    0.007010    0.069494    0.000610    0.000914    0.000610    0.001219    0.001219    
269.45    0.005791    0.050597    0.000914    0.000914    0.000610    0.001219    0.001219    
269.50    0.004877    0.034442    0.000914    0.000914    0.000610    0.001219    0.001219    
269.55    0.004267    0.021641    0.000914    0.000914    0.000610    0.001219    0.001219    
269.60    0.003353    0.014326    0.000914    0.000914    0.000610    0.001219    0.001219    
269.65    0.002743    0.011582    0.000914    0.000914    0.000610    0.001219    0.001219    
269.70    0.002438    0.010668    0.000914    0.000914    0.000610    0.001219    0.001219    
269.75    0.002438    0.007620    0.001219    0.000914    0.000610    0.001219    0.001219    
269.80    0.002134    0.006096    0.001524    0.000914    0.000610    0.001219    0.001219    
269.85    0.002134    0.005486    0.001829    0.000914    0.000610    0.001219    0.001219    
269.90    0.001829    0.004572    0.002438    0.000914    0.000610    0.001219    0.001219    
269.95    0.001829    0.003658    0.003048    0.000914    0.000610    0.001219    0.001219    
270.00    0.002134    0.002743    0.004267    0.000914    0.000610    0.001219    0.001219    
270.05    0.001829    0.002743    0.006401    0.000914    0.000610    0.001219    0.001219    
270.10    0.001829    0.002438    0.009449    0.000914    0.000610    0.001219    0.001219    
270.15    0.001829    0.002134    0.014021    0.000914    0.000610    0.001219    0.001219    
270.20    0.001524    0.001829    0.021641    0.000914    0.000610    0.001219    0.001219    
270.25    0.001524    0.001829    0.033528    0.000914    0.000610    0.001219    0.001219    
270.30    0.001524    0.001829    0.050597    0.000914    0.000610    0.001219    0.001219    
270.35    0.001524    0.002134    0.074981    0.001219    0.000610    0.001219    0.001524    
270.40    0.001524    0.001829    0.106680    0.001219    0.000610    0.001219    0.001219    
270.45    0.001524    0.001524    0.129235    0.001219    0.000610    0.001219    0.001219    
270.50    0.001524    0.001524    0.126492    0.001219    0.000610    0.001524    0.001219    
270.55    0.001524    0.001219    0.103937    0.001219    0.000610    0.001219    0.001219    
270.60    0.000914    0.000914    0.078943    0.001219    0.000914    0.001219    0.001219    
270.65    0.000914    0.001219    0.060046    0.001219    0.000914    0.001524    0.001524    
270.70    0.000610    0.001219    0.046025    0.001219    0.000914    0.001524    0.001524    
270.75    0.000610    0.001219    0.033833    0.001219    0.000914    0.001524    0.001524    
270.80    0.000610    0.001219    0.024994    0.001219    0.000914    0.001524    0.001219    
270.85    0.000305    0.001219    0.019507    0.001219    0.000914    0.001524    0.001219    
270.90    0.000000    0.000914    0.016764    0.001219    0.000914    0.001524    0.001219    
270.95    -0.000914    0.000610    0.015850    0.001219    0.000914    0.001524    0.001219    
271.00    -0.001524    0.000305    0.014935    0.001219    0.000914    0.001524    0.001524    
271.05    -0.001219    0.000000    0.012192    0.001219    0.000914    0.001524    0.001524    
271.10    -0.000914    0.000000    0.010058    0.001219    0.000914    0.001524    0.001219    
271.15    -0.001219    0.000000    0.008534    0.001219    0.000610    0.001524    0.001219    
271.20    -0.001524    0.000000    0.007620    0.001219    0.000610    0.001524    0.001219    
271.25    -0.001219    0.000000    0.006706    0.001524    0.000610    0.001524    0.001219    
271.30    -0.000914    -0.000610    0.005791    0.002134    0.000610    0.001524    0.001219    
271.35    -0.000305    -0.000610    0.004572    0.003353    0.000610    0.001524    0.001219    
271.40    -0.000610    -0.000610    0.003353    0.005791    0.000610    0.001524    0.001219    
271.45    -0.000914    -0.000610    0.002743    0.010363    0.000610    0.001524    0.001219    
271.50    -0.000914    -0.000610    0.002134    0.018898    0.000610    0.001219    0.001219    
271.55    -0.000610    -0.000914    0.001829    0.036271    0.000610    0.001219    0.001219    
271.60    -0.000610    -0.001219    0.001829    0.071018    0.000610    0.001219    0.001219    
271.65    -0.000610    -0.000914    0.001829    0.158496    0.000610    0.001219    0.001219    
271.70    -0.000305    -0.000914    0.001219    0.154838    0.000610    0.001219    0.001219    
271.75    0.000305    -0.000914    0.000610    0.119482    0.000610    0.001219    0.001219    
271.80    0.000914    -0.000914    0.000305    0.086868    0.000610    0.001219    0.001219    
271.85    0.000914    -0.000914    0.000305    0.064618    0.000610    0.001219    0.001219    
271.90    0.000914    -0.000610    0.000305    0.049987    0.000610    0.001219    0.001219    
271.95    0.000914    -0.000610    0.000305    0.040843    0.000305    0.001219    0.001219    
272.00    0.000914    -0.000610    0.000914    0.033528    0.000610    0.001219    0.001219    
272.05    0.000914    -0.000610    0.000914    0.028956    0.000610    0.001219    0.001219    
272.10    0.001219    -0.000610    0.000914    0.026213    0.000610    0.001219    0.001219    
272.15    0.001829    -0.000305    0.000914    0.024384    0.000610    0.001219    0.001219    
272.20    0.002134    0.000000    0.000305    0.023165    0.000914    0.001219    0.001219    
272.25    0.002438    0.000305    -0.000305    0.022555    0.001829    0.001219    0.001219    
272.30    0.002438    0.000610    -0.000305    0.022250    0.004267    0.001219    0.001219    
272.35    0.002438    0.000610    0.000000    0.022250    0.017678    0.001219    0.001219    
272.40    0.002438    0.000914    0.000305    0.020726    0.043891    0.001524    0.001219    
272.45    0.002438    0.000914    0.000305    0.018593    0.081686    0.001524    0.001219    
272.50    0.002438    0.001219    -0.000305    0.016459    0.077419    0.001524    0.001524    
272.55    0.002743    0.001524    -0.000610    0.014935    0.071933    0.001524    0.001219    
272.60    0.002743    0.001524    -0.000914    0.013716    0.079553    0.001524    0.001219    
272.65    0.002743    0.001524    -0.000914    0.012497    0.076200    0.001524    0.001219    
272.70    0.003048    0.001524    -0.000914    0.011582    0.067970    0.001219    0.001219    
272.75    0.003048    0.001829    -0.000914    0.010668    0.056083    0.001219    0.001219    
272.80    0.003353    0.001829    -0.000610    0.009144    0.047244    0.001219    0.001219    
272.85    0.003353    0.002134    -0.000610    0.007925    0.040843    0.001524    0.001219    
272.90    0.003353    0.002438    -0.001219    0.007315    0.035662    0.001524    0.001524    
272.95    0.003048    0.002438    -0.001524    0.006401    0.030175    0.001524    0.001219    
273.00    0.003048    0.002438    -0.001524    0.005486    0.026822    0.001524    0.001219    
273.05    0.003048    0.002438    -0.001219    0.004267    0.024079    0.001524    0.001219    
273.10    0.003048    0.002438    -0.001219    0.003048    0.023470    0.001829    0.001219    
273.15    0.003048    0.002438    -0.001524    0.002438    0.024994    0.002743    0.001219    
273.20    0.003048    0.002438    -0.002134    0.001524    0.026213    0.005182    0.001219    
273.25    0.002743    0.002438    -0.002134    0.000914    0.026213    0.011582    0.001219    
273.30    0.002134    0.002743    -0.002134    0.001219    0.025603    0.042062    0.001219    
273.35    0.002134    0.002743    -0.002134    0.001219    0.022250    0.065227    0.001219    
273.40    0.002134    0.002743    -0.002134    0.001524    0.019202    0.080467    0.001524    
273.45    0.002134    0.002438    -0.002134    0.001219    0.017983    0.074676    0.001829    
273.50    0.002134    0.002438    -0.001829    0.000610    0.017069    0.067361    0.003353    
273.55    0.001829    0.002134    -0.002134    -0.000305    0.017069    0.061874    0.007925    
273.60    0.001524    0.002134    -0.001829    -0.000914    0.017069    0.059131    0.029261    
273.65    0.001524    0.002134    -0.001829    -0.001524    0.016459    0.054864    0.079248    
273.70    0.001524    0.002134    -0.002134    -0.001524    0.014935    0.049682    0.095707    
273.75    0.001524    0.001829    -0.001829    -0.001524    0.011582    0.047244    0.093269    
273.80    0.001524    0.001829    -0.001219    -0.001829    0.010363    0.045415    0.087173    
273.85    0.001524    0.001524    -0.000914    -0.002438    0.008534    0.043586    0.078943    
273.90    0.001524    0.001219    -0.000610    -0.002438    0.007925    0.038405    0.074371    
273.95    0.001219    0.000914    -0.000305    -0.002134    0.009754    0.036576    0.071628    
274.00    0.001524    0.001219    -0.000305    -0.000914    0.011278    0.035357    0.066446    
274.05    0.001829    0.001219    -0.000305    -0.000305    0.010363    0.034138    0.061265    
274.10    0.001829    0.001219    -0.000610    -0.000305    0.009449    0.033223    0.056693    
274.15    0.001829    0.001219    -0.000305    -0.000305    0.008534    0.031394    0.051816    
274.20    0.001829    0.001219    0.000305    0.000000    0.007620    0.030785    0.050902    
274.25    0.001829    0.001219    0.000305    0.000914    0.006706    0.028956    0.051206    
274.30    0.002134    0.001219    0.000305    0.000610    0.005182    0.028042    0.053035    
274.35    0.002438    0.001219    0.000305    -0.000305    0.002134    0.028956    0.057912    
274.40    0.002743    0.001524    0.000610    -0.000914    0.000000    0.030175    0.069799    
274.45    0.002743    0.001219    0.000610    -0.001524    -0.001219    0.030785    0.095098    
274.50    0.002743    0.001524    0.000610    -0.002134    -0.000914    0.030785    0.120091    
274.55    0.002743    0.001524    0.000914    -0.002438    0.000610    0.030175    0.153010    
274.60    0.002743    0.001524    0.000610    -0.003658    0.002134    0.031699    0.151790    
274.65    0.002438    0.001524    0.000610    -0.004572    0.002743    0.033833    0.127406    
274.70    0.002438    0.001829    0.000610    -0.003962    0.002743    0.036576    0.108509    
274.75    0.002438    0.002134    0.000610    -0.003353    0.002743    0.043891    0.079553    
274.80    0.002134    0.002438    0.000610    -0.002743    0.002438    0.053950    0.060350    
274.85    0.002134    0.002743    0.000305    -0.002438    0.001219    0.069494    0.059741    
274.90    0.002134    0.002743    0.000305    -0.001829    -0.000610    0.092050    0.064008    
274.95    0.002134    0.002743    0.000305    -0.001524    -0.001524    0.104851    0.063703    
275.00    0.001829    0.002743    0.000610    -0.001829    -0.002438    0.089002    0.061874    
275.05    0.001524    0.002743    0.000610    -0.003048    -0.002438    0.067056    0.061265    
275.10    0.001524    0.002438    0.000305    -0.003658    -0.001829    0.051206    0.060046    
275.15    0.001524    0.002134    -0.000305    -0.003353    0.000000    0.042367    0.057302    
275.20    0.001524    0.002134    -0.000610    -0.003658    0.002743    0.033833    0.053645    
275.25    0.001524    0.002134    -0.000305    -0.004267    0.004572    0.029566    0.057302    
275.30    0.001524    0.001829    -0.000305    -0.004572    0.004877    0.030175    0.058217    
275.35    0.001829    0.001524    -0.000610    -0.004267    0.003658    0.033833    0.051816    
275.40    0.002438    0.001219    -0.000610    -0.004267    0.002438    0.037186    0.045415    
275.45    0.003048    0.000914    -0.000610    -0.004267    0.002134    0.039014    0.038405    
275.50    0.003658    0.000914    -0.000610    -0.003962    0.002743    0.039319    0.035357    
275.55    0.003658    0.000914    -0.000914    -0.003048    0.003048    0.038710    0.037186    
275.60    0.003658    0.000914    -0.001219    -0.002438    0.004267    0.038405    0.038100    
275.65    0.003658    0.000914    -0.001219    -0.001829    0.007620    0.038405    0.035052    
275.70    0.003353    0.000914    -0.001524    -0.001524    0.012802    0.036271    0.031699    
275.75    0.003048    0.000914    -0.001829    -0.000914    0.017678    0.032004    0.028042    
275.80    0.002743    0.000914    -0.002134    -0.000610    0.025298    0.025603    0.026213    
275.85    0.002743    0.001219    -0.001829    -0.000914    0.038405    0.020726    0.027432    
275.90    0.002134    0.001524    -0.001829    -0.001524    0.057912    0.019507    0.031699    
275.95    0.001524    0.001829    -0.001829    -0.001524    0.079248    0.022250    0.031699    
276.00    0.001219    0.001829    -0.001524    -0.001524    0.085344    0.024994    0.027432    
276.05    0.000914    0.001829    -0.001219    -0.001219    0.069494    0.024689    0.021031    
276.10    0.000914    0.001829    -0.001219    -0.000610    0.046330    0.021641    0.019202    
276.15    0.000914    0.001829    -0.000610    0.000000    0.031699    0.019202    0.020422    
276.20    0.000610    0.001524    -0.000305    0.000914    0.022250    0.017983    0.021641    
276.25    0.000610    0.001524    0.000000    0.001524    0.014630    0.017374    0.021641    
276.30    0.000914    0.001219    0.000305    0.001829    0.009754    0.016459    0.019812    
276.35    0.000914    0.000914    0.000305    0.002438    0.006706    0.017374    0.018288    
276.40    0.000914    0.000305    0.000610    0.003048    0.006096    0.015240    0.017069    
276.45    0.001219    0.000000    0.000610    0.003962    0.008534    0.010363    0.014935    
276.50    0.001524    -0.000305    0.000305    0.004877    0.011582    0.009144    0.011278    
276.55    0.002134    -0.000610    0.000305    0.005182    0.017069    0.013411    0.010058    
276.60    0.002134    -0.000914    0.000000    0.005182    0.024079    0.016154    0.010363    
276.65    0.002134    -0.000914    -0.000610    0.006401    0.028042    0.015545    0.010363    
276.70    0.002134    -0.000914    -0.000914    0.009144    0.029566    0.015240    0.010058    
276.75    0.001829    -0.000914    -0.001219    0.012497    0.031090    0.014021    0.009449    
276.80    0.001524    -0.000610    -0.001219    0.019507    0.029566    0.008230    0.008534    
276.85    0.001219    -0.000610    -0.001219    0.032614    0.025603    0.002743    0.005791    
276.90    0.000610    0.000000    -0.001219    0.050597    0.019812    0.003353    0.004572    
276.95    0.000305    0.000000    -0.001219    0.071323    0.013106    0.006401    0.003962    
277.00    -0.000305    0.000305    -0.000914    0.089611    0.010668    0.008839    0.004267    
277.05    -0.000305    0.000610    -0.000610    0.089306    0.011582    0.011582    0.006096    
277.10    -0.000610    0.000914    -0.000305    0.066446    0.013716    0.012497    0.006706    
277.15    -0.000914    0.001219    -0.000305    0.043891    0.014326    0.009754    0.005486    
277.20    -0.000610    0.001219    -0.000305    0.028346    0.014630    0.003048    0.001829    
277.25    -0.000610    0.001219    -0.000610    0.014935    0.014021    -0.000305    -0.000610    
277.30    -0.000610    0.000914    -0.001219    0.008839    0.013716    0.003048    -0.000610    
277.35    -0.000305    0.000610    -0.001829    0.007925    0.013106    0.006706    0.001219    
277.40    0.000305    0.000610    -0.002134    0.009144    0.011582    0.003962    0.002743    
277.45    0.000914    0.000305    -0.002438    0.008230    0.010973    0.000610    0.002743    
277.50    0.001219    0.000000    -0.002743    0.008534    0.011887    0.000914    0.000610    
277.55    0.001524    -0.000610    -0.002438    0.009449    0.014021    0.002134    -0.002134    
277.60    0.001524    -0.000914    -0.002134    0.009754    0.015545    0.002743    -0.002134    
277.65    0.001524    -0.001219    -0.001219    0.012192    0.016459    0.004572    -0.000305    
277.70    0.001524    -0.001219    -0.000305    0.016459    0.015545    0.002743    0.000610    
277.75    0.001219    -0.000914    0.000305    0.020726    0.014630    -0.000610    0.000610    
277.80    0.001219    -0.000610    0.001524    0.023774    0.012497    -0.001219    -0.001524    
277.85    0.000610    0.000000    0.002438    0.026518    0.010668    -0.000914    -0.003658    
277.90    0.000000    0.000305    0.003048    0.028346    0.009449    -0.002438    -0.003658    
277.95    -0.000305    0.000610    0.003353    0.030480    0.009754    -0.003048    -0.003048    
278.00    -0.000610    0.000914    0.003658    0.030785    0.011278    -0.002438    -0.002438    
278.05    -0.000610    0.001219    0.004267    0.027127    0.012802    -0.002134    -0.001524    
278.10    -0.000305    0.001524    0.005182    0.021946    0.013106    -0.001524    -0.001524    
278.15    -0.000305    0.001524    0.007010    0.016459    0.012192    -0.002438    -0.001524    
278.20    -0.000305    0.001219    0.010973    0.014326    0.010668    -0.004572    -0.002743    
278.25    0.000000    0.001219    0.017374    0.014630    0.009449    -0.006096    -0.005791    
278.30    0.000610    0.001219    0.026822    0.015240    0.007925    -0.005791    -0.007010    
278.35    0.001219    0.000914    0.040843    0.013106    0.007315    -0.003048    -0.005791    
278.40    0.001829    0.000305    0.056693    0.009754    0.006706    -0.000610    -0.003962    
278.45    0.002134    -0.000305    0.070714    0.008534    0.005486    -0.000305    -0.002743    
278.50    0.002134    -0.000914    0.073152    0.009449    0.004877    -0.003658    -0.002743    
278.55    0.002134    -0.001219    0.063703    0.011582    0.005182    -0.009449    -0.004877    
278.60    0.001829    -0.001524    0.049682    0.013411    0.005791    -0.011887    -0.007315    
278.65    0.001524    -0.001524    0.033223    0.015850    0.005486    -0.008839    -0.007315    
278.70    0.001219    -0.001219    0.019812    0.019507    0.004877    -0.003353    -0.006096    
278.75    0.000914    -0.000914    0.007620    0.020117    0.003962    0.000000    -0.005791    
278.80    0.000000    -0.000610    0.000000    0.017374    0.003353    -0.000305    -0.006096    
278.85    -0.000610    0.000000    -0.002134    0.013411    0.003048    -0.002438    -0.006096    
278.90    -0.000914    0.000305    -0.001219    0.009144    0.002438    -0.004572    -0.005486    
278.95    -0.000914    0.000914    -0.002438    0.007315    0.001829    -0.006096    -0.005486    
279.00    -0.000914    0.001524    -0.002438    0.008230    0.000914    -0.006401    -0.005182    
279.05    -0.000610    0.001524    -0.000914    0.010058    0.000305    -0.004267    -0.004877    
279.10    -0.000610    0.001524    0.001524    0.010973    -0.000305    -0.001219    -0.004877    
279.15    -0.000305    0.001524    0.004877    0.010363    -0.000610    -0.000914    -0.004877    
279.20    0.000305    0.001524    0.008839    0.010058    0.000305    -0.002438    -0.005182    
279.25    0.000914    0.001524    0.013411    0.009754    0.001524    -0.003962    -0.005486    
279.30    0.001219    0.001219    0.018593    0.009449    0.000914    -0.003658    -0.005182    
279.35    0.001219    0.000914    0.024689    0.007925    -0.001524    -0.002134    -0.003658    
279.40    0.001219    0.001219    0.029261    0.005486    -0.003658    -0.000610    -0.001829    
279.45    0.000914    0.001524    0.029870    0.004267    -0.003962    0.000610    -0.001829    
279.50    0.000914    0.003353    0.027737    0.004267    -0.002134    0.000305    -0.003048    
279.55    0.000914    0.006706    0.025298    0.004877    0.000000    -0.000610    -0.004267    
279.60    0.000914    0.010363    0.022555    0.005486    0.000000    -0.000914    -0.003962    
279.65    0.000914    0.015545    0.020117    0.005486    -0.001829    -0.001524    -0.003048    
279.70    0.000914    0.022860    0.018898    0.005791    -0.004267    -0.003048    -0.003048    
279.75    0.001219    0.032004    0.017983    0.005791    -0.004572    -0.003962    -0.003048    
279.80    0.002134    0.042672    0.015850    0.006401    -0.002743    -0.003658    -0.002743    
279.85    0.003962    0.054559    0.013411    0.006401    -0.001829    -0.001829    -0.002134    
279.90    0.007315    0.064618    0.011887    0.005791    -0.002134    -0.000914    -0.001524    
279.95    0.010058    0.069190    0.010363    0.003962    -0.002134    -0.000914    -0.000914    
280.00    0.014021    0.068275    0.009144    0.002134    -0.001829    -0.000914    -0.000914    
280.05    0.019507    0.059436    0.008534    0.001219    -0.001829    -0.001524    -0.001219    
280.10    0.026822    0.047549    0.008230    0.001219    -0.002743    -0.003353    -0.000914    
280.15    0.035357    0.034747    0.008534    0.001524    -0.003658    -0.005182    -0.000610    
280.20    0.046025    0.022555    0.009449    0.002438    -0.004572    -0.005791    -0.001219    
280.25    0.056998    0.011582    0.010973    0.003962    -0.004267    -0.003962    -0.002134    
280.30    0.065227    0.004572    0.012192    0.004267    -0.003658    -0.002134    -0.002134    
280.35    0.069494    0.001524    0.012802    0.003353    -0.003353    -0.003048    -0.002134    
280.40    0.068275    -0.001829    0.012192    0.001219    -0.003353    -0.005486    -0.002134    
280.45    0.060655    -0.006096    0.012192    -0.001524    -0.003353    -0.005791    -0.002438    
280.50    0.048768    -0.008230    0.012192    -0.002743    -0.002743    -0.004267    -0.002438    
280.55    0.035662    -0.007925    0.012192    -0.003658    -0.002743    -0.002743    -0.002134    
280.60    0.022860    -0.006096    0.012192    -0.003353    -0.004572    -0.002743    -0.002134    
280.65    0.011887    -0.004877    0.011582    -0.001524    -0.006401    -0.002743    -0.002134    
280.70    0.004877    -0.002743    0.010363    0.000610    -0.007010    -0.004877    -0.002743    
280.75    0.003048    0.001524    0.008230    0.001219    -0.006096    -0.007925    -0.002134    
280.80    0.000914    0.006706    0.006096    0.000000    -0.004572    -0.008839    -0.000305    
280.85    -0.003048    0.012497    0.004877    -0.001829    -0.003658    -0.006401    0.000610    
280.90    -0.004572    0.020117    0.004267    -0.003353    -0.004267    -0.003962    0.000610    
280.95    -0.004877    0.026518    0.004877    -0.003962    -0.005182    -0.003048    0.000305    
281.00    -0.004572    0.032309    0.005791    -0.003353    -0.004572    -0.003048    -0.000610    
281.05    -0.004572    0.035662    0.006706    -0.002438    -0.003048    -0.003658    -0.001524    
281.10    -0.003353    0.036576    0.007315    -0.001219    -0.002438    -0.003658    -0.000914    
281.15    -0.000610    0.035357    0.007620    -0.000610    -0.003658    -0.003658    0.000610    
281.20    0.002743    0.030785    0.007925    -0.000914    -0.005182    -0.003658    0.001219    
281.25    0.007010    0.024384    0.008230    -0.001524    -0.006401    -0.002438    0.001219    
281.30    0.012192    0.018593    0.007925    -0.001829    -0.005486    -0.001219    0.001219    
281.35    0.018288    0.014326    0.006401    -0.002134    -0.003962    -0.000305    0.000610    
281.40    0.024689    0.012192    0.005182    -0.001829    -0.002134    -0.000610    -0.000610    
281.45    0.031394    0.010058    0.004267    -0.002743    -0.001219    -0.001219    -0.002134    
281.50    0.036271    0.007925    0.003658    -0.003658    -0.001219    0.000610    -0.002134    
281.55    0.039319    0.006706    0.002438    -0.004572    -0.001829    0.001829    -0.001829    
281.60    0.038405    0.006401    0.000914    -0.005486    -0.002743    0.000914    -0.001524    
281.65    0.034138    0.006401    0.000305    -0.005791    -0.004267    -0.000610    -0.001524    
281.70    0.027432    0.006401    0.000305    -0.005486    -0.005486    0.000610    -0.001829    
281.75    0.020422    0.007010    0.000610    -0.005182    -0.006096    0.003353    -0.002134    
281.80    0.014935    0.008230    0.001219    -0.004572    -0.006096    0.003962    -0.002134    
281.85    0.012802    0.010058    0.001829    -0.004267    -0.005791    0.001829    -0.001829    
281.90    0.009754    0.011582    0.002743    -0.004267    -0.005182    -0.001829    -0.000305    
281.95    0.006706    0.012497    0.003962    -0.003658    -0.004572    -0.004267    0.000305    
282.00    0.005791    0.012802    0.004877    -0.003048    -0.004572    -0.003658    0.000000    
282.05    0.005182    0.012802    0.004877    -0.002438    -0.004877    -0.000305    -0.001829    
282.10    0.005182    0.012497    0.003658    -0.002743    -0.005791    0.001219    -0.002438    
282.15    0.005182    0.012497    0.002134    -0.003353    -0.007010    0.000000    -0.001829    
282.20    0.005486    0.011582    0.000305    -0.003658    -0.007315    -0.002438    -0.000610    
282.25    0.005791    0.010973    -0.000914    -0.003353    -0.006706    -0.003353    -0.000610    
282.30    0.007010    0.010668    -0.000914    -0.003048    -0.005182    -0.002134    -0.001524    
282.35    0.008839    0.010668    -0.000305    -0.003962    -0.004267    -0.001829    -0.003048    
282.40    0.010363    0.011278    0.000305    -0.004572    -0.003962    -0.002743    -0.003048    
282.45    0.011887    0.011887    -0.000305    -0.004267    -0.004877    -0.003962    -0.002438    
282.50    0.013716    0.011887    -0.001219    -0.002743    -0.005791    -0.004877    -0.002134    
282.55    0.015545    0.011887    -0.002134    -0.002134    -0.005791    -0.004267    -0.002438    
282.60    0.016459    0.010973    -0.002134    -0.003353    -0.003658    -0.003048    -0.003353    
282.65    0.016459    0.009449    -0.001524    -0.005182    -0.000914    -0.001829    -0.003658    
282.70    0.016154    0.007315    -0.000914    -0.006096    0.000610    -0.001219    -0.003658    
282.75    0.015240    0.005182    -0.000610    -0.006096    0.000610    -0.001829    -0.003658    
282.80    0.013411    0.003658    -0.000610    -0.005791    -0.000305    -0.002134    -0.003658    
282.85    0.011278    0.002743    -0.000610    -0.005791    -0.001219    -0.002438    -0.003962    
282.90    0.009449    0.002134    -0.000610    -0.005486    -0.002134    -0.002743    -0.003962    
282.95    0.008230    0.002134    0.000000    -0.004572    -0.002743    -0.003048    -0.003353    
283.00    0.007315    0.002438    0.000000    -0.002438    -0.002438    -0.002438    -0.002134    
283.05    0.007010    0.003658    -0.000610    -0.000610    -0.001829    -0.002134    -0.002134    
283.10    0.007010    0.005486    -0.001524    -0.000610    -0.000610    -0.003048    -0.002134    
283.15    0.007010    0.006706    -0.002438    -0.001829    0.000000    -0.004572    -0.002134    
283.20    0.006706    0.007925    -0.003048    -0.003048    0.000610    -0.004877    -0.002134    
283.25    0.006401    0.008230    -0.003658    -0.003353    0.000610    -0.004267    -0.002134    
283.30    0.006096    0.008230    -0.004267    -0.003658    0.000305    -0.002438    -0.001524    
283.35    0.005791    0.007925    -0.004572    -0.004572    -0.000914    -0.001219    -0.000914    
283.40    0.005486    0.007010    -0.004572    -0.005486    -0.002743    -0.002134    -0.000914    
283.45    0.005182    0.004877    -0.004267    -0.005791    -0.004572    -0.005182    -0.000914    
283.50    0.005182    0.002743    -0.003962    -0.005182    -0.004877    -0.006401    -0.000610    
283.55    0.005486    0.001219    -0.003353    -0.004572    -0.003353    -0.005182    -0.000305    
283.60    0.005486    0.000305    -0.002743    -0.003962    -0.000914    -0.003658    -0.000610    
283.65    0.005791    0.000305    -0.002438    -0.003353    0.000914    -0.003658    -0.001524    
283.70    0.006401    0.000305    -0.002134    -0.003658    0.001829    -0.003962    -0.003048    
283.75    0.006401    0.000305    -0.002134    -0.004877    0.000914    -0.003658    -0.003353    
283.80    0.006401    0.000914    -0.001524    -0.005486    -0.001219    -0.002743    -0.003048    
283.85    0.006096    0.001219    -0.001219    -0.005182    -0.002743    -0.002438    -0.002743    
283.90    0.005182    0.001524    -0.001524    -0.003962    -0.003353    -0.002743    -0.002134    
283.95    0.004267    0.001524    -0.002743    -0.002743    -0.003048    -0.003048    -0.001524    
284.00    0.003353    0.002134    -0.004267    -0.002134    -0.003353    -0.001829    -0.001829    
284.05    0.002743    0.002438    -0.004877    -0.001829    -0.004267    0.000305    -0.003048    
284.10    0.002438    0.002743    -0.004572    -0.000914    -0.005182    0.000305    -0.004267    
284.15    0.002134    0.003048    -0.004267    0.000305    -0.005486    -0.001219    -0.004572    
284.20    0.002134    0.002743    -0.004267    0.000305    -0.004572    -0.003048    -0.004267    
284.25    0.002134    0.002743    -0.003658    0.000305    -0.003658    -0.003353    -0.003962    
284.30    0.002134    0.002134    -0.003353    0.000305    -0.003048    -0.002134    -0.003962    
284.35    0.002438    0.000914    -0.003353    -0.000305    -0.003048    -0.000914    -0.004267    
284.40    0.002438    -0.000610    -0.003353    -0.001524    -0.003658    -0.000610    -0.004572    
284.45    0.002438    -0.002134    -0.003353    -0.002438    -0.004572    -0.001219    -0.003962    
284.50    0.002134    -0.002743    -0.003048    -0.002743    -0.005182    -0.002438    -0.002134    
284.55    0.002134    -0.003048    -0.002743    -0.002743    -0.004877    -0.003962    -0.000914    
284.60    0.001829    -0.002743    -0.002134    -0.001524    -0.003353    -0.005182    -0.000610    
284.65    0.001524    -0.001829    -0.001219    0.000305    -0.001829    -0.004877    -0.000610    
284.70    0.001524    -0.000305    -0.000914    0.001524    -0.001524    -0.003658    -0.000610    
284.75    0.001524    0.001219    -0.001219    0.002134    -0.001829    -0.002743    -0.000610    
284.80    0.001524    0.002134    -0.002134    0.002438    -0.002134    -0.002743    -0.000610    
284.85    0.001524    0.002743    -0.003048    0.001829    -0.002438    -0.003658    -0.000914    
284.90    0.001524    0.002134    -0.004267    -0.000305    -0.002134    -0.004267    -0.001524    
284.95    0.001219    0.000610    -0.005182    -0.001829    -0.002438    -0.003962    -0.002134    
285.00    0.001219    -0.001524    -0.005791    -0.002743    -0.003048    -0.003353    -0.002134    
285.05    0.000914    -0.003048    -0.005486    -0.002743    -0.004267    -0.002438    -0.002134    
285.10    0.000610    -0.003658    -0.004572    -0.001829    -0.004572    -0.000914    -0.001829    
285.15    -0.000305    -0.003962    -0.003048    -0.000610    -0.004877    -0.000305    -0.001829   

285.20    -0.000914    -0.003962    -0.001829    0.000000    -0.004572    -0.000305    -0.002134    
285.25    -0.001829    -0.003658    -0.001524    -0.000305    -0.003962    0.000000    -0.002438    
285.30    -0.002134    -0.003048    -0.002134    -0.000610    -0.003048    -0.000305    -0.003353   

285.35    -0.001829    -0.002134    -0.002743    -0.001524    -0.001829    -0.000610    -0.003658   

285.40    -0.001524    -0.001524    -0.003048    -0.003962    -0.000914    -0.001829    -0.004267   

285.45    -0.001219    -0.000914    -0.003353    -0.006096    0.000000    -0.002438    -0.004572    
285.50    -0.000610    -0.000610    -0.002743    -0.006706    0.000305    -0.002134    -0.004572    
285.55    0.000305    -0.000610    -0.002134    -0.005791    0.000000    -0.002438    -0.004267    
285.60    0.000305    -0.000610    -0.001524    -0.003353    -0.000610    -0.003048    -0.003353    
285.65    0.000305    -0.000914    -0.001524    -0.000914    -0.001524    -0.004267    -0.002438    
285.70    0.000305    -0.000914    -0.002438    0.000914    -0.002134    -0.004877    -0.002134    
285.75    -0.000610    -0.001219    -0.003962    0.001524    -0.001829    -0.004877    -0.001829    
285.80    -0.001829    -0.002134    -0.005182    0.001219    -0.001219    -0.004572    -0.001524    
285.85    -0.002743    -0.003048    -0.005182    -0.000610    -0.001829    -0.003962    -0.000914   

285.90    -0.003353    -0.003353    -0.004572    -0.002438    -0.002743    -0.003658    -0.000305   

285.95    -0.003658    -0.003353    -0.003048    -0.003353    -0.003658    -0.003353    0.000000    
286.00    -0.003353    -0.003048    -0.000914    -0.003353    -0.003353    -0.003048    -0.000305   

286.05    -0.002743    -0.003048    0.000914    -0.003353    -0.002743    -0.003048    -0.001829    
286.10    -0.001524    -0.002743    0.002438    -0.003353    -0.003048    -0.003658    -0.002743    
286.15    -0.000305    -0.002134    0.002743    -0.003658    -0.003962    -0.003962    -0.003048    
286.20    0.000305    -0.000914    0.002438    -0.003962    -0.004877    -0.002743    -0.002438    
286.25    0.000305    0.000000    0.001524    -0.003658    -0.004877    -0.001219    -0.001829    
286.30    0.000000    0.000000    0.000610    -0.002743    -0.003962    -0.000305    -0.001524    
286.35    -0.000610    0.000000    0.000000    -0.002743    -0.002743    -0.000305    -0.001829    
286.40    -0.001219    -0.000305    -0.000610    -0.002743    -0.001219    -0.000914    -0.002438   

286.45    -0.001829    -0.000914    -0.000914    -0.002438    0.000305    -0.001524    -0.003048    
286.50    -0.002134    -0.001829    -0.000914    -0.002134    0.000914    -0.001829    -0.003048    
286.55    -0.002134    -0.002743    -0.000610    -0.001524    0.000914    -0.001829    -0.002743    
286.60    -0.002134    -0.003658    0.000000    -0.001829    0.000305    -0.001829    -0.002438    
286.65    -0.002134    -0.003962    0.000610    -0.001829    -0.000610    -0.002134    -0.002438    
286.70    -0.002134    -0.003658    0.000914    -0.001829    -0.002134    -0.002743    -0.002438    
286.75    -0.002134    -0.002743    0.000610    -0.000610    -0.003658    -0.003048    -0.002438    
286.80    -0.001829    -0.001219    -0.000305    0.000610    -0.004572    -0.002743    -0.002134    
286.85    -0.001524    -0.000305    -0.001219    0.000914    -0.003658    -0.002134    -0.001524    
286.90    -0.000914    0.000000    -0.001524    0.000000    -0.001219    -0.001829    -0.000610    
286.95    -0.000610    0.000000    -0.001219    -0.001524    0.000000    -0.002134    0.000305    
287.00    -0.000305    -0.000305    -0.000914    -0.002743    -0.001829    -0.002134    0.000914    
287.05    -0.000305    -0.001219    -0.000610    -0.003048    -0.004267    -0.001219    0.000914    
287.10    -0.000305    -0.002134    -0.000610    -0.003048    -0.004572    -0.000610    0.000000    
287.15    -0.000610    -0.003048    -0.001219    -0.003048    -0.003048    -0.000305    -0.001219   

287.20    -0.000914    -0.003048    -0.002134    -0.003353    -0.001219    -0.000914    -0.002134   

287.25    -0.002134    -0.003048    -0.003658    -0.002743    0.000305    -0.000914    -0.002134    
287.30    -0.002743    -0.003048    -0.004572    -0.002134    0.000000    -0.001524    -0.002134    
287.35    -0.003048    -0.002134    -0.005486    -0.000914    -0.002134    -0.001829    -0.002134   

287.40    -0.003048    -0.000914    -0.005182    -0.000305    -0.003353    -0.002134    -0.002134   

287.45    -0.002438    -0.000610    -0.003962    -0.000610    -0.003353    -0.001829    -0.002134   

287.50    -0.001829    -0.000610    -0.001829    -0.000305    -0.002438    -0.001219    -0.002134   

287.55    -0.000610    -0.000610    0.000305    0.000000    -0.000914    -0.000914    -0.001829    
287.60    -0.000305    -0.000610    0.001219    -0.000610    -0.000610    -0.001219    -0.001219    
287.65    0.000000    -0.000610    0.000914    -0.001219    -0.002438    -0.001829    -0.000914    
287.70    0.000000    -0.000610    0.000000    -0.002438    -0.004572    -0.001829    -0.000914    
287.75    -0.000305    -0.000305    -0.001219    -0.004267    -0.005182    -0.000914    -0.000914   

287.80    -0.000914    0.000000    -0.002134    -0.005182    -0.004572    -0.000305    -0.000914    
287.85    -0.001524    0.000305    -0.002743    -0.004877    -0.003048    -0.000914    -0.001219    
287.90    -0.002134    0.000305    -0.003048    -0.003658    -0.002743    -0.002438    -0.001219    
287.95    -0.002134    0.000305    -0.003658    -0.001829    -0.002743    -0.002743    -0.000914    
288.00    -0.002134    0.000000    -0.003962    -0.000305    -0.002438    -0.001524    -0.000914    
288.05    -0.001829    0.000305    -0.003962    0.000610    -0.001829    0.000305    -0.000914    
288.10    -0.000914    0.000305    -0.003658    0.000305    -0.001219    0.001524    -0.000914    
288.15    0.000000    0.000610    -0.002743    -0.000914    -0.000305    0.000610    -0.000914    
288.20    0.000914    0.001219    -0.001829    -0.002134    0.000610    -0.000914    -0.000610    
288.25    0.001524    0.001829    -0.001219    -0.002438    0.001524    -0.002134    -0.000610    
288.30    0.001524    0.002134    -0.000914    -0.001829    0.002134    -0.002743    -0.000914    
288.35    0.001524    0.002438    -0.000914    -0.000610    0.001524    -0.002743    -0.001219    
288.40    0.001524    0.002134    -0.001219    0.000305    -0.000610    -0.002743    -0.001219    
288.45    0.001219    0.001524    -0.001219    0.000914    -0.003048    -0.002438    -0.000914    
288.50    0.000914    0.000305    -0.001524    -0.000305    -0.004572    -0.002438    -0.000610    
288.55    0.000914    -0.000914    -0.001219    -0.002134    -0.004572    -0.002438    -0.000610    
288.60    0.001219    -0.001219    -0.001524    -0.003353    -0.004267    -0.001219    -0.000610    
288.65    0.001524    -0.001219    -0.001524    -0.003658    -0.003658    0.000610    -0.000305    
288.70    0.001524    -0.000914    -0.001829    -0.003353    -0.002743    0.002134    -0.000305    
288.75    0.001524    -0.000610    -0.001829    -0.003048    -0.002134    0.002438    -0.000305    
288.80    0.001524    0.000000    -0.001829    -0.003353    -0.002134    0.001219    -0.000305    
288.85    0.001524    0.000000    -0.001829    -0.003353    -0.002134    0.000305    -0.000610    
288.90    0.001524    -0.000305    -0.001524    -0.003048    -0.001829    -0.000305    -0.000610    
288.95    0.001524    -0.000610    -0.001524    -0.001829    -0.000914    -0.000914    -0.000610    
289.00    0.001524    -0.001219    -0.001524    -0.000914    0.000305    -0.000914    -0.000305    
289.05    0.001219    -0.001524    -0.001524    -0.000914    0.001219    -0.000914    0.000305    
289.10    0.000914    -0.001829    -0.001219    -0.001219    0.001524    -0.000914    0.000305    
289.15    0.000305    -0.001829    -0.000610    -0.001524    0.000610    -0.000914    0.000305    
289.20    0.000305    -0.001524    0.000610    -0.001829    -0.000305    -0.001219    -0.000610    
289.25    0.000000    -0.001524    0.000914    -0.002438    -0.001219    -0.001524    -0.001219    
289.30    -0.000305    -0.001219    0.000305    -0.003353    -0.001524    -0.001829    -0.001219    
289.35    -0.000610    -0.000914    -0.001524    -0.003353    -0.001829    -0.001829    -0.000305   

289.40    -0.000610    -0.000914    -0.003658    -0.002743    -0.001524    -0.001524    0.000305    
289.45    -0.000914    -0.001219    -0.005486    -0.002134    -0.001219    -0.001829    0.000610    
289.50    -0.000610    -0.001219    -0.006096    -0.001829    -0.001829    -0.001829    0.000305    
289.55    -0.000610    -0.000914    -0.005182    -0.001829    -0.003048    -0.000914    0.000305    
289.60    -0.000305    -0.000305    -0.003048    -0.001524    -0.004877    0.000610    0.000305    
289.65    -0.000305    0.000000    -0.000610    -0.000914    -0.004877    0.001829    0.000305    
289.70    -0.000305    0.000000    0.001219    -0.000305    -0.002743    0.002134    -0.000305    
289.75    -0.000305    0.000000    0.001829    0.000610    0.000000    0.001829    -0.000914    
289.80    -0.000914    -0.000305    0.000914    0.001524    0.001219    0.001524    -0.000610    
289.85    -0.000914    -0.000610    -0.000610    0.001524    0.000914    0.000914    -0.000610    
289.90    -0.000914    -0.001219    -0.002134    0.000305    -0.000610    0.000305    -0.000305    
289.95    -0.000610    -0.001829    -0.003658    -0.001829    -0.001524    -0.000914    -0.000305   

290.00    -0.000305    -0.002134    -0.003962    -0.003048    -0.001524    -0.001829    -0.000305   

290.05    0.000305    -0.001524    -0.003353    -0.003353    -0.000610    -0.002134    -0.000305    
290.10    0.000610    -0.000610    -0.002134    -0.003353    0.000305    -0.002438    0.000000    
290.15    0.000610    0.000305    -0.000914    -0.003048    0.000000    -0.002743    0.000000    
290.20    0.000610    0.000914    -0.000305    -0.003048    -0.001524    -0.002743    0.000000    
290.25    0.000305    0.001219    -0.000305    -0.002743    -0.002743    -0.001524    0.000305    
290.30    0.000305    0.001219    -0.000610    -0.001829    -0.003048    0.000305    0.000610    
290.35    -0.000305    0.000610    -0.001219    -0.001524    -0.002134    0.001524    0.000610    
290.40    -0.000305    0.000305    -0.001524    -0.000914    -0.000305    0.001829    0.000305    
290.45    -0.000610    0.000000    -0.001524    -0.000610    0.000610    0.001219    -0.000305    
290.50    -0.000610    -0.000305    -0.001524    -0.000305    0.000914    0.001219    -0.000610    
290.55    -0.000610    -0.000305    -0.001829    -0.000305    0.000610    0.001829    -0.000914    
290.60    -0.000305    -0.000305    -0.002134    -0.000305    0.000000    0.002743    -0.000914    
290.65    -0.000305    0.000305    -0.001829    -0.000610    -0.001524    0.002438    -0.000610    
290.70    0.000610    0.000914    -0.001524    -0.000610    -0.002743    0.000610    -0.000305    
290.75    0.000914    0.001219    -0.001524    -0.000610    -0.003048    -0.000914    0.000000    
290.80    0.001219    0.001524    -0.002134    -0.000305    -0.001829    -0.001829    0.000000    
290.85    0.000914    0.001219    -0.002743    -0.000610    -0.000305    -0.001524    0.000305    
290.90    0.000610    0.000610    -0.003658    -0.001524    0.000305    -0.000914    0.000305    
290.95    0.000305    0.000000    -0.003962    -0.002438    -0.000610    -0.000914    0.000305    
291.00    0.000000    -0.000610    -0.003962    -0.002743    -0.001829    -0.001524    0.000305    
291.05    0.000000    -0.000610    -0.003353    -0.002134    -0.002134    -0.002134    0.000305    
291.10    0.000610    -0.000610    -0.001829    -0.001829    -0.001524    -0.001829    0.000305    
291.15    0.000914    -0.000610    -0.000305    -0.002438    -0.000305    -0.001219    0.000305    
291.20    0.001219    -0.000305    0.001219    -0.003048    0.000914    -0.000305    0.000305    
291.25    0.001219    -0.000305    0.001524    -0.002743    0.001829    0.000914    0.000000    
291.30    0.000914    -0.000305    0.000610    -0.001219    0.001524    0.002134    0.000000    
291.35    0.000914    -0.000610    -0.000610    0.000610    0.000305    0.002438    0.000000    
291.40    0.000305    -0.000305    -0.001524    0.001524    -0.001219    0.002743    0.000000    
291.45    0.000305    -0.000305    -0.002438    0.000914    -0.001524    0.003048    -0.000305    
291.50    -0.000305    -0.000305    -0.002743    -0.000914    -0.001219    0.002743    -0.000610    
291.55    -0.000610    -0.000305    -0.002438    -0.002743    -0.000610    0.001524    -0.000610    
291.60    -0.000610    -0.000305    -0.001219    -0.003353    0.000000    0.000305    -0.000305    
291.65    -0.000610    -0.000305    -0.000305    -0.002743    0.000000    -0.001219    0.000000    
291.70    -0.000305    -0.000610    0.000610    -0.001829    -0.001219    -0.002134    0.000914    
291.75    -0.000305    -0.000610    0.000914    -0.000914    -0.003048    -0.003048    0.001524    
291.80    -0.000305    -0.000610    0.001524    0.000000    -0.004267    -0.003658    0.001524    
291.85    0.000000    -0.000610    0.001524    0.000610    -0.003658    -0.003353    0.000914    
291.90    0.000305    0.000000    0.000914    0.000914    -0.001524    -0.002743    0.000610    
291.95    0.000000    0.000305    -0.000305    0.001219    0.001219    -0.001219    0.000610    
292.00    0.000000    0.000610    -0.001524    0.000914    0.003353    0.000610    0.000914    
292.05    -0.000305    0.000914    -0.002743    0.000610    0.003353    0.002134    0.000914    
292.10    -0.000305    0.000610    -0.003353    -0.000610    0.001829    0.003048    0.000914    
292.15    -0.000305    0.000610    -0.003353    -0.001829    0.000000    0.002743    0.000914    
292.20    -0.000305    0.000305    -0.003048    -0.002743    0.000000    0.002134    0.000000    
292.25    -0.000305    -0.000305    -0.001829    -0.003353    0.000610    0.001524    -0.000610    
292.30    0.000000    -0.000914    -0.000305    -0.003353    0.001219    0.001524    -0.000914    
292.35    0.000305    -0.000914    0.001219    -0.002743    0.000305    0.001829    -0.000914    
292.40    0.000305    -0.000914    0.001829    -0.002134    -0.002134    0.001524    -0.000610    
292.45    0.000610    -0.000610    0.001524    -0.000914    -0.004267    0.000305    -0.000305    
292.50    0.000610    -0.000305    0.000914    0.000000    -0.004877    -0.001524    0.000305    
292.55    0.000914    0.000000    0.000000    0.000914    -0.003658    -0.002743    0.001219    
292.60    0.000914    0.000000    -0.001219    0.001524    -0.002134    -0.002743    0.001524    
292.65    0.000914    0.000000    -0.002134    0.001524    0.000000    -0.002134    0.001524    
292.70    0.000610    -0.000305    -0.001829    0.001524    0.001219    -0.000914    0.001524    
292.75    0.000305    -0.000305    -0.000610    0.001219    0.001829    0.000305    0.001524    
292.80    -0.000305    -0.000610    0.000305    0.000305    0.001524    0.000305    0.001524    
292.85    -0.000305    -0.000914    0.000914    -0.001219    0.000914    0.000610    0.001219    
292.90    -0.000305    -0.000914    0.000610    -0.002134    0.000305    0.001219    0.000000    
292.95    0.000000    -0.000610    0.000305    -0.001829    0.000610    0.002134    -0.001219    
293.00    0.000610    -0.000305    0.000000    -0.000914    0.001219    0.002743    -0.001524    
293.05    0.000610    0.000305    -0.000610    -0.000305    0.000914    0.003048    -0.001524    
293.10    0.000610    0.000914    -0.001219    -0.000305    0.000610    0.002743    -0.000914    
293.15    0.000305    0.001219    -0.001524    -0.000610    -0.000914    0.001829    0.000000    
293.20    0.000000    0.001219    -0.001829    -0.001219    -0.002438    0.000914    0.000305    
293.25    -0.000305    0.000914    -0.001524    -0.001219    -0.003048    -0.000305    0.000610    
293.30    -0.000610    0.000914    -0.000914    -0.000914    -0.003048    -0.000914    0.001219    
293.35    -0.000305    0.000610    -0.000610    -0.000305    -0.002438    -0.001219    0.001829    
293.40    -0.000305    0.000914    -0.000610    0.000305    -0.001829    -0.002438    0.001829    
293.45    0.000000    0.000914    -0.000914    0.000914    -0.000914    -0.003048    0.001524    
293.50    0.000000    0.000914    -0.001219    0.001219    0.000000    -0.002743    0.000914    
293.55    0.000305    0.000914    -0.000610    0.001829    0.000305    -0.001219    0.000610    
293.60    0.000914    0.000914    0.000305    0.002743    0.000305    0.000610    0.000305    
293.65    0.000914    0.000914    0.000914    0.003048    0.000610    0.001829    0.000305    
293.70    0.001219    0.000914    0.001219    0.001829    0.000914    0.002134    0.000305    
293.75    0.001219    0.000914    0.001524    -0.000914    0.001524    0.002438    0.000000    
293.80    0.000914    0.000914    0.001524    -0.002743    0.002743    0.002743    0.000000    
293.85    0.000305    0.000914    0.000914    -0.003353    0.002134    0.002743    -0.000305    
293.90    0.000000    0.000610    0.000610    -0.002438    0.000610    0.002438    -0.000305    
293.95    0.000000    0.000305    0.000000    -0.000610    -0.001219    0.001524    -0.000305    
294.00    0.000305    -0.000305    -0.000610    0.000610    -0.002743    0.000610    0.000000    
294.05    0.000914    -0.000610    -0.000914    0.001219    -0.003048    -0.000610    0.000610    
294.10    0.001524    -0.000610    -0.001829    0.001524    -0.002134    -0.001524    0.000914    
294.15    0.001524    -0.000610    -0.002438    0.001219    -0.000914    -0.002438    0.000914    
294.20    0.001524    -0.000305    -0.002438    0.000914    0.000305    -0.002743    0.001219    
294.25    0.001219    0.000305    -0.001829    0.000000    0.000610    -0.002134    0.001219    
294.30    0.000610    0.001524    -0.000610    -0.000305    0.000610    -0.000914    0.001219    
294.35    0.000000    0.001524    0.000914    -0.000305    0.000000    0.000305    0.001219    
294.40    -0.000610    0.001524    0.001829    0.000000    0.000305    0.001524    0.001219    
294.45    -0.000610    0.000914    0.002134    0.000000    0.000914    0.002134    0.001219    
294.50    -0.000305    0.000305    0.001829    0.000000    0.001524    0.002438    0.000914    
294.55    -0.000305    0.000000    0.000914    0.000610    0.001219    0.002134    0.000305    
294.60    0.000305    0.000000    0.000000    0.001524    0.000914    0.001524    -0.000914    
294.65    0.000914    0.000000    -0.000914    0.001829    0.000305    0.001219    -0.001524    
294.70    0.000914    0.000305    -0.000914    0.002438    0.000000    0.000914    -0.001829    
294.75    0.000914    0.000914    0.000000    0.001829    -0.000305    0.000610    -0.001219    
294.80    0.000914    0.001219    0.000914    0.000914    -0.000305    0.000305    0.000000    
294.85    0.000610    0.001219    0.001524    -0.000305    -0.000305    -0.000305    0.001524    
294.90    0.000305    0.001219    0.001829    -0.001524    0.000305    -0.000914    0.002134    
294.95    0.000305    0.000914    0.001219    -0.002438    0.001219    -0.001219    0.002134    
295.00    0.000305    0.000000    0.000610    -0.003048    0.001524    -0.001219    0.002134    
