# gauge_id= 32412 location=( -0.8639200000E+02 -0.1797500000E+02 ) num_var=  4
# Stationary gauge
# level, time, q[  1  2  3], eta, aux[]
# file format ascii, time series follow in this file
   01  0.0000000E+00  0.4427352E+04  0.0000000E+00  0.0000000E+00  0.0000000E+00
   01  0.2000000E+00  0.4427352E+04 -0.2390115E-14  0.2735758E-14  0.0000000E+00
   01  0.4000000E+00  0.4427352E+04 -0.4778627E-14  0.5471769E-14  0.0000000E+00
   01  0.6000000E+00  0.4427352E+04 -0.7165536E-14  0.8208034E-14  0.0000000E+00
   01  0.8000000E+00  0.4427352E+04 -0.9550844E-14  0.1094455E-13  0.0000000E+00
   01  0.1000000E+01  0.4427352E+04 -0.1193455E-13  0.1368133E-13  0.0000000E+00
   01  0.1200000E+01  0.4427352E+04 -0.1431666E-13  0.1641835E-13  0.0000000E+00
   01  0.1400000E+01  0.4427352E+04 -0.1669716E-13  0.1915563E-13  0.0000000E+00
   01  0.3627168E+03  0.4427352E+04 -0.4339780E-11  0.5001933E-11  0.0000000E+00
   01  0.7240336E+03  0.4427352E+04 -0.6298506E-11  0.1047074E-10  0.0000000E+00
   01  0.1107879E+04  0.4427352E+04 -0.7260152E-11  0.1603970E-10  0.0000000E+00
   01  0.1491724E+04  0.4427352E+04 -0.7763718E-11  0.2117563E-10  0.0000000E+00
   01  0.1800000E+04  0.4427352E+04 -0.8034422E-11  0.2536037E-10  0.0000000E+00
   01  0.2183845E+04  0.4427352E+04  0.3010818E-09 -0.2892667E-09 -0.2728484E-11
   01  0.2567691E+04  0.4427352E+04  0.2559190E-08 -0.3083881E-08 -0.2182787E-10
   01  0.2951536E+04  0.4427352E+04  0.3092790E-07 -0.2723332E-07 -0.2492015E-09
   01  0.3335381E+04  0.4427352E+04  0.3073843E-07 -0.1131321E-07  0.6184564E-10
   01  0.3600000E+04  0.4427352E+04 -0.4938416E-06  0.4885115E-06  0.5172296E-08
   01  0.3983845E+04  0.4427352E+04 -0.4582646E-05  0.4403764E-05  0.3769401E-07
   01  0.4367691E+04  0.4427352E+04 -0.2040033E-04  0.2044269E-04  0.1588132E-06
   01  0.4751536E+04  0.4427352E+04 -0.4856143E-04  0.4672530E-04  0.3472078E-06
   01  0.5135381E+04  0.4427352E+04 -0.3796539E-04  0.1522113E-04 -0.1528770E-07
   01  0.5400000E+04  0.4427352E+04  0.1474904E-03 -0.1289545E-03 -0.1481011E-05
   01  0.5783845E+04  0.4427352E+04  0.1166619E-02 -0.1095318E-02 -0.9535837E-05
   01  0.6167691E+04  0.4427352E+04  0.3750700E-02 -0.3739158E-02 -0.2865544E-04
   01  0.6551536E+04  0.4427352E+04  0.8655129E-02 -0.9474239E-02 -0.6508556E-04
   01  0.6935381E+04  0.4427352E+04  0.1552649E-01 -0.1792501E-01 -0.1162010E-03
   01  0.7200000E+04  0.4427352E+04  0.2152798E-01 -0.2516421E-01 -0.1602286E-03
   01  0.7583845E+04  0.4427352E+04  0.2864741E-01 -0.2873269E-01 -0.1782480E-03
   01  0.7967691E+04  0.4427352E+04  0.1488251E-01 -0.1484347E-02  0.3202844E-04
   01  0.8351536E+04  0.4427353E+04 -0.7601952E-01  0.1279742E+00  0.9418253E-03
   01  0.8735381E+04  0.4427355E+04 -0.3490622E+00  0.4905172E+00  0.3322598E-02
   01  0.9000000E+04  0.4427358E+04 -0.7230538E+00  0.9760776E+00  0.6320155E-02
   01  0.9383845E+04  0.4427365E+04 -0.1599329E+01  0.2121093E+01  0.1322233E-01
   01  0.9767691E+04  0.4427375E+04 -0.2866216E+01  0.3801185E+01  0.2304002E-01
   01  0.1015154E+05  0.4427387E+04 -0.4418212E+01  0.5893127E+01  0.3491224E-01
   01  0.1053538E+05  0.4427399E+04 -0.6000644E+01  0.8149366E+01  0.4712919E-01
   01  0.1080000E+05  0.4427407E+04 -0.6964159E+01  0.9628966E+01  0.5483370E-01
   01  0.1118385E+05  0.4427416E+04 -0.8006512E+01  0.1145495E+02  0.6354060E-01
   01  0.1156769E+05  0.4427421E+04 -0.8571755E+01  0.1272590E+02  0.6870498E-01
   01  0.1195154E+05  0.4427422E+04 -0.8693416E+01  0.1336695E+02  0.7018643E-01
   01  0.1233538E+05  0.4427420E+04 -0.8336861E+01  0.1336248E+02  0.6780721E-01
   01  0.1260000E+05  0.4427416E+04 -0.7859248E+01  0.1295779E+02  0.6407369E-01
   01  0.1298385E+05  0.4427408E+04 -0.6877429E+01  0.1175821E+02  0.5575264E-01
   01  0.1336769E+05  0.4427396E+04 -0.5539940E+01  0.9894587E+01  0.4433368E-01
   01  0.1375154E+05  0.4427382E+04 -0.3983030E+01  0.7432767E+01  0.3042898E-01
   01  0.1413538E+05  0.4427367E+04 -0.2364429E+01  0.4540549E+01  0.1542519E-01
   01  0.1440000E+05  0.4427357E+04 -0.1330441E+01  0.2452426E+01  0.5240889E-02
   01  0.1478385E+05  0.4427344E+04 -0.1188210E+00 -0.3866864E+00 -0.7784205E-02
   01  0.1516769E+05  0.4427334E+04  0.6520561E+00 -0.2854280E+01 -0.1795286E-01
   01  0.1555154E+05  0.4427327E+04  0.1026629E+01 -0.4801948E+01 -0.2481501E-01
   01  0.1593538E+05  0.4427324E+04  0.9731481E+00 -0.6153433E+01 -0.2809571E-01
   01  0.1620000E+05  0.4427324E+04  0.7295747E+00 -0.6727638E+01 -0.2846905E-01
   01  0.1658385E+05  0.4427325E+04  0.1533091E+00 -0.7151808E+01 -0.2687526E-01
   01  0.1696769E+05  0.4427329E+04 -0.5895360E+00 -0.7174949E+01 -0.2341673E-01
   01  0.1735153E+05  0.4427333E+04 -0.1365270E+01 -0.6918137E+01 -0.1900047E-01
   01  0.1773538E+05  0.4427338E+04 -0.2061471E+01 -0.6456181E+01 -0.1429476E-01
   01  0.1800000E+05  0.4427341E+04 -0.2451184E+01 -0.6041314E+01 -0.1116029E-01
   01  0.1838384E+05  0.4427345E+04 -0.2873480E+01 -0.5309670E+01 -0.6961804E-02
   01  0.1876768E+05  0.4427349E+04 -0.3110123E+01 -0.4445844E+01 -0.3398177E-02
   01  0.1915152E+05  0.4427352E+04 -0.3152141E+01 -0.3479122E+01 -0.5241309E-03
   01  0.1953536E+05  0.4427353E+04 -0.2993134E+01 -0.2486105E+01  0.1351050E-02
   01  0.1980000E+05  0.4427354E+04 -0.2795176E+01 -0.1837147E+01  0.2012341E-02
   01  0.2018384E+05  0.4427354E+04 -0.2321637E+01 -0.1004576E+01  0.1671369E-02
   01  0.2056768E+05  0.4427352E+04 -0.1595358E+01 -0.3447845E+00 -0.3655244E-03
   01  0.2095152E+05  0.4427348E+04 -0.6300869E+00  0.1345721E+00 -0.3948899E-02
   01  0.2133537E+05  0.4427344E+04  0.4198216E+00  0.4697812E+00 -0.8328412E-02
   01  0.2160000E+05  0.4427341E+04  0.1111855E+01  0.6364739E+00 -0.1140507E-01
   01  0.2198385E+05  0.4427337E+04  0.2005934E+01  0.8160777E+00 -0.1554026E-01
   01  0.2236769E+05  0.4427333E+04  0.2720605E+01  0.9497388E+00 -0.1895001E-01
   01  0.2275153E+05  0.4427331E+04  0.3247472E+01  0.1061895E+01 -0.2152909E-01
   01  0.2313538E+05  0.4427329E+04  0.3595387E+01  0.1146651E+01 -0.2328385E-01
   01  0.2340000E+05  0.4427328E+04  0.3717978E+01  0.1181580E+01 -0.2393969E-01
   01  0.2378384E+05  0.4427328E+04  0.3797370E+01  0.1190063E+01 -0.2432030E-01
   01  0.2416769E+05  0.4427328E+04  0.3755513E+01  0.1138848E+01 -0.2396434E-01
   01  0.2455153E+05  0.4427329E+04  0.3605192E+01  0.1033698E+01 -0.2296864E-01
   01  0.2493538E+05  0.4427331E+04  0.3351138E+01  0.8732046E+00 -0.2136197E-01
   01  0.2520000E+05  0.4427332E+04  0.3093646E+01  0.7285912E+00 -0.1977159E-01
   01  0.2558384E+05  0.4427335E+04  0.2593677E+01  0.4668083E+00 -0.1678351E-01
   01  0.2596769E+05  0.4427339E+04  0.1985026E+01  0.1591721E+00 -0.1322473E-01
   01  0.2635153E+05  0.4427342E+04  0.1368104E+01 -0.1594560E+00 -0.9628789E-02
   01  0.2673538E+05  0.4427346E+04  0.8116776E+00 -0.4786212E+00 -0.6347562E-02
   01  0.2700000E+05  0.4427348E+04  0.4840644E+00 -0.6861564E+00 -0.4425335E-02
   01  0.2738384E+05  0.4427350E+04  0.1022280E+00 -0.9589704E+00 -0.2156191E-02
   01  0.2776769E+05  0.4427352E+04 -0.1777967E+00 -0.1191364E+01 -0.4908643E-03
   01  0.2815153E+05  0.4427353E+04 -0.3656266E+00 -0.1382266E+01  0.6208400E-03
   01  0.2853538E+05  0.4427353E+04 -0.4772250E+00 -0.1526913E+01  0.1288716E-02
   01  0.2880000E+05  0.4427354E+04 -0.5167400E+00 -0.1598649E+01  0.1530585E-02
   01  0.2918385E+05  0.4427354E+04 -0.5330856E+00 -0.1664146E+01  0.1675426E-02
   01  0.2956769E+05  0.4427354E+04 -0.5075236E+00 -0.1673957E+01  0.1603983E-02
   01  0.2995154E+05  0.4427353E+04 -0.4438678E+00 -0.1627665E+01  0.1328935E-02
   01  0.3033538E+05  0.4427353E+04 -0.3423572E+00 -0.1522600E+01  0.8208316E-03
   01  0.3060000E+05  0.4427352E+04 -0.2521980E+00 -0.1410519E+01  0.3320302E-03
   01  0.3098385E+05  0.4427352E+04 -0.8979741E-01 -0.1199891E+01 -0.5531937E-03
   01  0.3136769E+05  0.4427351E+04  0.9566841E-01 -0.9400675E+00 -0.1525651E-02
   01  0.3175154E+05  0.4427350E+04  0.2778961E+00 -0.6457966E+00 -0.2439594E-02
   01  0.3213538E+05  0.4427349E+04  0.4282149E+00 -0.3351473E+00 -0.3173087E-02
