# gauge_id= 0 location=( -0.1133974596E+02 -0.5000000000E+01 ) num_var=  4
# Stationary gauge
# level, time, q[  1  2  3], eta, aux[]
# file format ascii, time series follow in this file
   01  0.0000000E+00  0.9996210E+00  0.4597786E+00  0.2030243E+00 -0.3789959E-03
   01  0.1600000E-01  0.9996181E+00  0.4598418E+00  0.2029121E+00 -0.3819162E-03
   01  0.4999980E+00  0.9995140E+00  0.4617100E+00  0.1994905E+00 -0.4860228E-03
   01  0.9839881E+00  0.9993978E+00  0.4636202E+00  0.1960166E+00 -0.6022071E-03
   01  0.1467877E+01  0.9992754E+00  0.4655690E+00  0.1925164E+00 -0.7246142E-03
   01  0.1951775E+01  0.9991464E+00  0.4675483E+00  0.1890101E+00 -0.8536038E-03
   01  0.2435777E+01  0.9990168E+00  0.4695488E+00  0.1855288E+00 -0.9832469E-03
   01  0.2920006E+01  0.9988900E+00  0.4715553E+00  0.1821052E+00 -0.1110001E-02
   01  0.3404408E+01  0.9987603E+00  0.4735461E+00  0.1787644E+00 -0.1239694E-02
   01  0.3888949E+01  0.9986145E+00  0.4754964E+00  0.1755233E+00 -0.1385460E-02
   01  0.4373697E+01  0.9984326E+00  0.4773737E+00  0.1723942E+00 -0.1567355E-02
   01  0.4858505E+01  0.9981927E+00  0.4791353E+00  0.1693944E+00 -0.1807343E-02
   01  0.5343486E+01  0.9978820E+00  0.4807431E+00  0.1665499E+00 -0.2117975E-02
   01  0.5828469E+01  0.9975060E+00  0.4821745E+00  0.1639018E+00 -0.2493972E-02
   01  0.6313518E+01  0.9970787E+00  0.4834189E+00  0.1614949E+00 -0.2921342E-02
   01  0.6798730E+01  0.9966143E+00  0.4844702E+00  0.1593710E+00 -0.3385682E-02
   01  0.7284184E+01  0.9961255E+00  0.4853269E+00  0.1575650E+00 -0.3874499E-02
   01  0.7769951E+01  0.9956239E+00  0.4859919E+00  0.1561091E+00 -0.4376143E-02
   01  0.8255854E+01  0.9951150E+00  0.4864647E+00  0.1550290E+00 -0.4884958E-02
   01  0.8741760E+01  0.9946013E+00  0.4867392E+00  0.1543459E+00 -0.5398666E-02
   01  0.9227680E+01  0.9940810E+00  0.4868020E+00  0.1540717E+00 -0.5919000E-02
   01  0.9713712E+01  0.9935515E+00  0.4866369E+00  0.1542144E+00 -0.6448507E-02
   01  0.1000000E+02  0.9932202E+00  0.4864226E+00  0.1543818E+00 -0.6779843E-02
   01  0.1048619E+02  0.9926724E+00  0.4858699E+00  0.1551958E+00 -0.7327624E-02
   01  0.1097241E+02  0.9921160E+00  0.4850630E+00  0.1564454E+00 -0.7883970E-02
   01  0.1145880E+02  0.9915383E+00  0.4839830E+00  0.1581224E+00 -0.8461668E-02
   01  0.1194546E+02  0.9909370E+00  0.4826210E+00  0.1602260E+00 -0.9063048E-02
   01  0.1243239E+02  0.9903201E+00  0.4809770E+00  0.1627588E+00 -0.9679918E-02
   01  0.1291920E+02  0.9897040E+00  0.4790616E+00  0.1657187E+00 -0.1029597E-01
   01  0.1340597E+02  0.9891044E+00  0.4768895E+00  0.1691014E+00 -0.1089564E-01
   01  0.1389280E+02  0.9885271E+00  0.4744711E+00  0.1728969E+00 -0.1147294E-01
   01  0.1437980E+02  0.9879766E+00  0.4718205E+00  0.1770901E+00 -0.1202344E-01
   01  0.1486693E+02  0.9874539E+00  0.4689489E+00  0.1816599E+00 -0.1254607E-01
   01  0.1535414E+02  0.9869618E+00  0.4658700E+00  0.1865839E+00 -0.1303818E-01
   01  0.1584154E+02  0.9865137E+00  0.4626011E+00  0.1918324E+00 -0.1348632E-01
   01  0.1632914E+02  0.9861151E+00  0.4591600E+00  0.1973826E+00 -0.1388493E-01
   01  0.1681681E+02  0.9857590E+00  0.4555690E+00  0.2032176E+00 -0.1424104E-01
   01  0.1730450E+02  0.9854604E+00  0.4518624E+00  0.2092906E+00 -0.1453963E-01
   01  0.1779218E+02  0.9852249E+00  0.4480667E+00  0.2155598E+00 -0.1477514E-01
   01  0.1827993E+02  0.9850477E+00  0.4442126E+00  0.2219857E+00 -0.1495233E-01
   01  0.1876785E+02  0.9849262E+00  0.4403293E+00  0.2285317E+00 -0.1507384E-01
   01  0.1925601E+02  0.9848968E+00  0.4364221E+00  0.2351530E+00 -0.1510319E-01
   01  0.1974426E+02  0.9849585E+00  0.4325186E+00  0.2418059E+00 -0.1504151E-01
   01  0.2000000E+02  0.9850277E+00  0.4304859E+00  0.2452915E+00 -0.1497226E-01
   01  0.2048839E+02  0.9852026E+00  0.4266331E+00  0.2519040E+00 -0.1479736E-01
   01  0.2097680E+02  0.9854417E+00  0.4228381E+00  0.2584412E+00 -0.1455826E-01
   01  0.2146533E+02  0.9856815E+00  0.4191258E+00  0.2648864E+00 -0.1431854E-01
   01  0.2195390E+02  0.9859569E+00  0.4155246E+00  0.2711970E+00 -0.1404309E-01
   01  0.2244250E+02  0.9862925E+00  0.4120555E+00  0.2773297E+00 -0.1370746E-01
   01  0.2293124E+02  0.9866877E+00  0.4087408E+00  0.2832418E+00 -0.1331225E-01
   01  0.2342020E+02  0.9871355E+00  0.4055931E+00  0.2888915E+00 -0.1286451E-01
   01  0.2390941E+02  0.9876388E+00  0.4026204E+00  0.2942459E+00 -0.1236119E-01
   01  0.2439865E+02  0.9881967E+00  0.3998430E+00  0.2992747E+00 -0.1180332E-01
   01  0.2488783E+02  0.9888041E+00  0.3972741E+00  0.3039618E+00 -0.1119591E-01
   01  0.2537706E+02  0.9894140E+00  0.3949040E+00  0.3083188E+00 -0.1058605E-01
   01  0.2586641E+02  0.9899915E+00  0.3927342E+00  0.3123477E+00 -0.1000848E-01
   01  0.2635590E+02  0.9905401E+00  0.3907758E+00  0.3160311E+00 -0.9459896E-02
   01  0.2684543E+02  0.9910717E+00  0.3890294E+00  0.3193498E+00 -0.8928341E-02
   01  0.2733511E+02  0.9915918E+00  0.3874936E+00  0.3222917E+00 -0.8408200E-02
   01  0.2782503E+02  0.9921056E+00  0.3861661E+00  0.3248504E+00 -0.7894448E-02
   01  0.2831504E+02  0.9926163E+00  0.3850501E+00  0.3270231E+00 -0.7383703E-02
   01  0.2880509E+02  0.9931285E+00  0.3841576E+00  0.3288046E+00 -0.6871505E-02
   01  0.2929511E+02  0.9936829E+00  0.3835196E+00  0.3301697E+00 -0.6317063E-02
   01  0.2978517E+02  0.9942568E+00  0.3831224E+00  0.3311362E+00 -0.5743216E-02
   01  0.3000000E+02  0.9945008E+00  0.3829676E+00  0.3315193E+00 -0.5499213E-02
   01  0.3049041E+02  0.9950256E+00  0.3828613E+00  0.3319702E+00 -0.4974397E-02
   01  0.3098083E+02  0.9954993E+00  0.3829397E+00  0.3320884E+00 -0.4500674E-02
   01  0.3147133E+02  0.9959218E+00  0.3831955E+00  0.3318913E+00 -0.4078156E-02
   01  0.3196199E+02  0.9962992E+00  0.3836277E+00  0.3313901E+00 -0.3700775E-02
   01  0.3245265E+02  0.9966383E+00  0.3842351E+00  0.3305947E+00 -0.3361721E-02
   01  0.3294340E+02  0.9969476E+00  0.3850148E+00  0.3295154E+00 -0.3052391E-02
   01  0.3343421E+02  0.9972480E+00  0.3859667E+00  0.3281591E+00 -0.2752034E-02
   01  0.3392504E+02  0.9975550E+00  0.3870791E+00  0.3265402E+00 -0.2445050E-02
   01  0.3441596E+02  0.9978603E+00  0.3883258E+00  0.3246924E+00 -0.2139712E-02
   01  0.3490706E+02  0.9981497E+00  0.3896803E+00  0.3226535E+00 -0.1850257E-02
   01  0.3539840E+02  0.9984105E+00  0.3911202E+00  0.3204588E+00 -0.1589514E-02
   01  0.3588984E+02  0.9986346E+00  0.3926278E+00  0.3181399E+00 -0.1365365E-02
   01  0.3638122E+02  0.9988200E+00  0.3941888E+00  0.3157240E+00 -0.1179987E-02
   01  0.3687261E+02  0.9989694E+00  0.3957912E+00  0.3132339E+00 -0.1030555E-02
   01  0.3736410E+02  0.9990889E+00  0.3974246E+00  0.3106897E+00 -0.9110919E-03
   01  0.3785573E+02  0.9991942E+00  0.3990824E+00  0.3081032E+00 -0.8058166E-03
   01  0.3834738E+02  0.9992969E+00  0.4007562E+00  0.3054876E+00 -0.7030667E-03
   01  0.3883915E+02  0.9994008E+00  0.4024353E+00  0.3028584E+00 -0.5992375E-03
   01  0.3933111E+02  0.9995030E+00  0.4041080E+00  0.3002335E+00 -0.4969910E-03
   01  0.3982322E+02  0.9995981E+00  0.4057623E+00  0.2976320E+00 -0.4018869E-03
   01  0.4000000E+02  0.9996289E+00  0.4063320E+00  0.2967164E+00 -0.3710698E-03
   01  0.4049211E+02  0.9997075E+00  0.4079461E+00  0.2941736E+00 -0.2924506E-03
   01  0.4098421E+02  0.9997695E+00  0.4095196E+00  0.2916913E+00 -0.2305295E-03
   01  0.4147636E+02  0.9998134E+00  0.4110463E+00  0.2892801E+00 -0.1866055E-03
   01  0.4196865E+02  0.9998408E+00  0.4125225E+00  0.2869473E+00 -0.1592443E-03
   01  0.4246109E+02  0.9998569E+00  0.4139461E+00  0.2846963E+00 -0.1430612E-03
   01  0.4295359E+02  0.9998682E+00  0.4153160E+00  0.2825285E+00 -0.1317973E-03
   01  0.4344625E+02  0.9998793E+00  0.4166310E+00  0.2804446E+00 -0.1207199E-03
   01  0.4393895E+02  0.9998925E+00  0.4178890E+00  0.2784463E+00 -0.1075466E-03
   01  0.4443171E+02  0.9999078E+00  0.4190883E+00  0.2765358E+00 -0.9222365E-04
   01  0.4492454E+02  0.9999238E+00  0.4202271E+00  0.2747153E+00 -0.7616735E-04
   01  0.4541737E+02  0.9999386E+00  0.4213040E+00  0.2729873E+00 -0.6140308E-04
   01  0.4591027E+02  0.9999501E+00  0.4223189E+00  0.2713531E+00 -0.4994239E-04
   01  0.4640332E+02  0.9999564E+00  0.4232722E+00  0.2698127E+00 -0.4364830E-04
   01  0.4689658E+02  0.9999564E+00  0.4241653E+00  0.2683654E+00 -0.4362949E-04
   01  0.4738993E+02  0.9999505E+00  0.4249995E+00  0.2670093E+00 -0.4950997E-04
   01  0.4788328E+02  0.9999405E+00  0.4257770E+00  0.2657408E+00 -0.5953276E-04
   01  0.4837662E+02  0.9999288E+00  0.4265000E+00  0.2645556E+00 -0.7118443E-04
   01  0.4887005E+02  0.9999180E+00  0.4271709E+00  0.2634489E+00 -0.8198975E-04
   01  0.4936361E+02  0.9999099E+00  0.4277920E+00  0.2624164E+00 -0.9013722E-04
   01  0.4985717E+02  0.9999052E+00  0.4283651E+00  0.2614546E+00 -0.9479884E-04
   01  0.5000000E+02  0.9999046E+00  0.4285202E+00  0.2611846E+00 -0.9538185E-04
   01  0.5049382E+02  0.9999052E+00  0.4290354E+00  0.2603091E+00 -0.9477892E-04
   01  0.5098768E+02  0.9999079E+00  0.4295073E+00  0.2594972E+00 -0.9213843E-04
   01  0.5148168E+02  0.9999112E+00  0.4299383E+00  0.2587461E+00 -0.8878741E-04
   01  0.5197571E+02  0.9999140E+00  0.4303304E+00  0.2580533E+00 -0.8599884E-04
   01  0.5246969E+02  0.9999153E+00  0.4306861E+00  0.2574162E+00 -0.8471208E-04
   01  0.5296370E+02  0.9999147E+00  0.4310079E+00  0.2568312E+00 -0.8526155E-04
   01  0.5345783E+02  0.9999125E+00  0.4312984E+00  0.2562949E+00 -0.8745055E-04
   01  0.5395210E+02  0.9999093E+00  0.4315603E+00  0.2558034E+00 -0.9071198E-04
   01  0.5444641E+02  0.9999057E+00  0.4317955E+00  0.2553532E+00 -0.9427365E-04
   01  0.5494086E+02  0.9999026E+00  0.4320063E+00  0.2549406E+00 -0.9738541E-04
   01  0.5543540E+02  0.9999006E+00  0.4321945E+00  0.2545624E+00 -0.9940818E-04
   01  0.5592997E+02  0.9999000E+00  0.4323619E+00  0.2542157E+00 -0.9995392E-04
   01  0.5642463E+02  0.9999011E+00  0.4325103E+00  0.2538978E+00 -0.9892873E-04
   01  0.5691927E+02  0.9999035E+00  0.4326412E+00  0.2536066E+00 -0.9652514E-04
   01  0.5741396E+02  0.9999068E+00  0.4327564E+00  0.2533401E+00 -0.9318112E-04
   01  0.5790877E+02  0.9999106E+00  0.4328571E+00  0.2530965E+00 -0.8943107E-04
   01  0.5840378E+02  0.9999142E+00  0.4329451E+00  0.2528742E+00 -0.8577701E-04
   01  0.5889885E+02  0.9999173E+00  0.4330214E+00  0.2526717E+00 -0.8272653E-04
   01  0.5939398E+02  0.9999195E+00  0.4330874E+00  0.2524874E+00 -0.8052731E-04
   01  0.5988909E+02  0.9999208E+00  0.4331439E+00  0.2523196E+00 -0.7915555E-04
   01  0.6000000E+02  0.9999210E+00  0.4331550E+00  0.2522832E+00 -0.7902417E-04
   01  0.6049530E+02  0.9999220E+00  0.4332018E+00  0.2521337E+00 -0.7799951E-04
   01  0.6099059E+02  0.9999227E+00  0.4332414E+00  0.2519972E+00 -0.7728217E-04
   01  0.6148589E+02  0.9999236E+00  0.4332750E+00  0.2518722E+00 -0.7639695E-04
   01  0.6198127E+02  0.9999248E+00  0.4333030E+00  0.2517575E+00 -0.7519134E-04
   01  0.6247680E+02  0.9999265E+00  0.4333258E+00  0.2516519E+00 -0.7350835E-04
   01  0.6297251E+02  0.9999290E+00  0.4333442E+00  0.2515544E+00 -0.7104427E-04
   01  0.6346825E+02  0.9999322E+00  0.4333589E+00  0.2514642E+00 -0.6779461E-04
   01  0.6396394E+02  0.9999360E+00  0.4333703E+00  0.2513808E+00 -0.6398543E-04
   01  0.6445965E+02  0.9999398E+00  0.4333788E+00  0.2513036E+00 -0.6017362E-04
   01  0.6495544E+02  0.9999432E+00  0.4333846E+00  0.2512324E+00 -0.5680886E-04
   01  0.6545138E+02  0.9999460E+00  0.4333881E+00  0.2511667E+00 -0.5404506E-04
   01  0.6594735E+02  0.9999482E+00  0.4333898E+00  0.2511060E+00 -0.5178946E-04
   01  0.6644342E+02  0.9999501E+00  0.4333900E+00  0.2510496E+00 -0.4991976E-04
   01  0.6693961E+02  0.9999516E+00  0.4333890E+00  0.2509972E+00 -0.4838598E-04
   01  0.6743583E+02  0.9999528E+00  0.4333869E+00  0.2509483E+00 -0.4722612E-04
   01  0.6793215E+02  0.9999536E+00  0.4333838E+00  0.2509026E+00 -0.4638281E-04
   01  0.6842843E+02  0.9999542E+00  0.4333800E+00  0.2508598E+00 -0.4575263E-04
   01  0.6892474E+02  0.9999549E+00  0.4333756E+00  0.2508195E+00 -0.4510381E-04
   01  0.6942115E+02  0.9999557E+00  0.4333704E+00  0.2507816E+00 -0.4431734E-04
   01  0.6991773E+02  0.9999567E+00  0.4333647E+00  0.2507457E+00 -0.4334897E-04
   01  0.7000000E+02  0.9999568E+00  0.4333636E+00  0.2507400E+00 -0.4315029E-04
   01  0.7049674E+02  0.9999581E+00  0.4333574E+00  0.2507064E+00 -0.4193844E-04
   01  0.7099346E+02  0.9999593E+00  0.4333507E+00  0.2506747E+00 -0.4065642E-04
   01  0.7149017E+02  0.9999606E+00  0.4333437E+00  0.2506448E+00 -0.3936270E-04
   01  0.7198693E+02  0.9999619E+00  0.4333365E+00  0.2506166E+00 -0.3806960E-04
   01  0.7248380E+02  0.9999632E+00  0.4333292E+00  0.2505898E+00 -0.3678155E-04
   01  0.7298067E+02  0.9999644E+00  0.4333219E+00  0.2505645E+00 -0.3555111E-04
   01  0.7347760E+02  0.9999656E+00  0.4333147E+00  0.2505404E+00 -0.3440563E-04
   01  0.7397465E+02  0.9999666E+00  0.4333074E+00  0.2505176E+00 -0.3336369E-04
   01  0.7447189E+02  0.9999675E+00  0.4333002E+00  0.2504960E+00 -0.3245517E-04
   01  0.7496920E+02  0.9999683E+00  0.4332930E+00  0.2504754E+00 -0.3168149E-04
   01  0.7546644E+02  0.9999690E+00  0.4332859E+00  0.2504558E+00 -0.3102536E-04
   01  0.7596369E+02  0.9999695E+00  0.4332789E+00  0.2504371E+00 -0.3046921E-04
   01  0.7646099E+02  0.9999700E+00  0.4332720E+00  0.2504193E+00 -0.2998687E-04
   01  0.7695844E+02  0.9999705E+00  0.4332652E+00  0.2504023E+00 -0.2954566E-04
   01  0.7745591E+02  0.9999709E+00  0.4332586E+00  0.2503860E+00 -0.2911772E-04
   01  0.7795346E+02  0.9999713E+00  0.4332521E+00  0.2503703E+00 -0.2867906E-04
   01  0.7845114E+02  0.9999718E+00  0.4332458E+00  0.2503553E+00 -0.2820749E-04
   01  0.7894886E+02  0.9999723E+00  0.4332396E+00  0.2503408E+00 -0.2767470E-04
   01  0.7944666E+02  0.9999729E+00  0.4332335E+00  0.2503269E+00 -0.2709719E-04
   01  0.7994443E+02  0.9999735E+00  0.4332276E+00  0.2503136E+00 -0.2652930E-04
   01  0.8000000E+02  0.9999736E+00  0.4332269E+00  0.2503121E+00 -0.2644180E-04
   01  0.8049787E+02  0.9999741E+00  0.4332211E+00  0.2502995E+00 -0.2592056E-04
   01  0.8099574E+02  0.9999745E+00  0.4332155E+00  0.2502874E+00 -0.2554340E-04
   01  0.8149377E+02  0.9999747E+00  0.4332101E+00  0.2502758E+00 -0.2529832E-04
   01  0.8199185E+02  0.9999748E+00  0.4332048E+00  0.2502648E+00 -0.2516692E-04
   01  0.8249004E+02  0.9999749E+00  0.4331996E+00  0.2502542E+00 -0.2513251E-04
   01  0.8298820E+02  0.9999748E+00  0.4331946E+00  0.2502441E+00 -0.2516654E-04
   01  0.8348640E+02  0.9999748E+00  0.4331898E+00  0.2502343E+00 -0.2523174E-04
   01  0.8398470E+02  0.9999747E+00  0.4331851E+00  0.2502248E+00 -0.2528913E-04
   01  0.8448300E+02  0.9999747E+00  0.4331806E+00  0.2502157E+00 -0.2530901E-04
   01  0.8498134E+02  0.9999748E+00  0.4331763E+00  0.2502069E+00 -0.2524564E-04
   01  0.8547978E+02  0.9999749E+00  0.4331721E+00  0.2501984E+00 -0.2507885E-04
   01  0.8597839E+02  0.9999752E+00  0.4331682E+00  0.2501901E+00 -0.2480700E-04
   01  0.8647710E+02  0.9999756E+00  0.4331644E+00  0.2501822E+00 -0.2444313E-04
   01  0.8697575E+02  0.9999760E+00  0.4331608E+00  0.2501746E+00 -0.2401679E-04
   01  0.8747440E+02  0.9999765E+00  0.4331574E+00  0.2501672E+00 -0.2353526E-04
   01  0.8797309E+02  0.9999770E+00  0.4331541E+00  0.2501602E+00 -0.2300073E-04
   01  0.8847190E+02  0.9999776E+00  0.4331511E+00  0.2501534E+00 -0.2242512E-04
   01  0.8897074E+02  0.9999782E+00  0.4331483E+00  0.2501468E+00 -0.2184288E-04
   01  0.8946964E+02  0.9999787E+00  0.4331456E+00  0.2501406E+00 -0.2125268E-04
   01  0.8996866E+02  0.9999794E+00  0.4331432E+00  0.2501346E+00 -0.2064835E-04
   01  0.9000000E+02  0.9999794E+00  0.4331430E+00  0.2501342E+00 -0.2060677E-04
   01  0.9049914E+02  0.9999800E+00  0.4331407E+00  0.2501285E+00 -0.1997218E-04
   01  0.9099830E+02  0.9999807E+00  0.4331386E+00  0.2501230E+00 -0.1930965E-04
   01  0.9149743E+02  0.9999814E+00  0.4331365E+00  0.2501177E+00 -0.1861466E-04
   01  0.9199657E+02  0.9999821E+00  0.4331345E+00  0.2501126E+00 -0.1788689E-04
   01  0.9249577E+02  0.9999829E+00  0.4331327E+00  0.2501077E+00 -0.1711701E-04
   01  0.9299510E+02  0.9999837E+00  0.4331308E+00  0.2501030E+00 -0.1628786E-04
   01  0.9349449E+02  0.9999846E+00  0.4331291E+00  0.2500984E+00 -0.1539322E-04
   01  0.9399397E+02  0.9999856E+00  0.4331274E+00  0.2500940E+00 -0.1443327E-04
   01  0.9449346E+02  0.9999866E+00  0.4331258E+00  0.2500898E+00 -0.1341573E-04
   01  0.9499298E+02  0.9999877E+00  0.4331243E+00  0.2500856E+00 -0.1233848E-04
   01  0.9549257E+02  0.9999888E+00  0.4331229E+00  0.2500816E+00 -0.1120111E-04
   01  0.9599218E+02  0.9999900E+00  0.4331216E+00  0.2500778E+00 -0.1000855E-04
   01  0.9649182E+02  0.9999912E+00  0.4331204E+00  0.2500740E+00 -0.8769971E-05
   01  0.9699154E+02  0.9999925E+00  0.4331192E+00  0.2500704E+00 -0.7497915E-05
   01  0.9749139E+02  0.9999938E+00  0.4331180E+00  0.2500669E+00 -0.6212613E-05
   01  0.9799135E+02  0.9999951E+00  0.4331169E+00  0.2500635E+00 -0.4930095E-05
   01  0.9849130E+02  0.9999963E+00  0.4331157E+00  0.2500603E+00 -0.3663680E-05
   01  0.9899123E+02  0.9999976E+00  0.4331146E+00  0.2500572E+00 -0.2425415E-05
   01  0.9949119E+02  0.9999988E+00  0.4331135E+00  0.2500542E+00 -0.1228293E-05
   01  0.9999124E+02  0.9999999E+00  0.4331123E+00  0.2500513E+00 -0.8155015E-07
