# gauge_id= 3 location=(  0.1464101615E+02  0.1000000000E+02 ) num_var=  4
# Stationary gauge
# level, time, q[  1  2  3], eta, aux[]
# file format ascii, time series follow in this file
   01  0.0000000E+00  0.1000000E+01  0.4330127E+00  0.2500000E+00  0.0000000E+00
   01  0.1600000E-01  0.1000000E+01  0.4330127E+00  0.2500000E+00  0.0000000E+00
   01  0.4999980E+00  0.1000000E+01  0.4330127E+00  0.2500000E+00 -0.1332268E-14
   01  0.9839881E+00  0.1000000E+01  0.4330127E+00  0.2500000E+00 -0.6550316E-14
   01  0.1467877E+01  0.1000000E+01  0.4330127E+00  0.2500000E+00 -0.2342571E-13
   01  0.1951775E+01  0.1000000E+01  0.4330127E+00  0.2500000E+00 -0.7338574E-13
   01  0.2435777E+01  0.1000000E+01  0.4330127E+00  0.2500000E+00 -0.2134959E-12
   01  0.2920006E+01  0.1000000E+01  0.4330127E+00  0.2500000E+00 -0.5967449E-12
   01  0.3404408E+01  0.1000000E+01  0.4330127E+00  0.2500000E+00 -0.1612599E-11
   01  0.3888949E+01  0.1000000E+01  0.4330127E+00  0.2500000E+00 -0.4215073E-11
   01  0.4373697E+01  0.1000000E+01  0.4330127E+00  0.2500000E+00 -0.1067368E-10
   01  0.4858505E+01  0.1000000E+01  0.4330127E+00  0.2500000E+00 -0.2630218E-10
   01  0.5343486E+01  0.1000000E+01  0.4330127E+00  0.2500000E+00 -0.6334500E-10
   01  0.5828469E+01  0.1000000E+01  0.4330127E+00  0.2500000E+00 -0.1492172E-09
   01  0.6313518E+01  0.1000000E+01  0.4330127E+00  0.2500000E+00 -0.3437585E-09
   01  0.6798730E+01  0.1000000E+01  0.4330127E+00  0.2500000E+00 -0.7745334E-09
   01  0.7284184E+01  0.1000000E+01  0.4330127E+00  0.2500000E+00 -0.1705497E-08
   01  0.7769951E+01  0.1000000E+01  0.4330127E+00  0.2500000E+00 -0.3669532E-08
   01  0.8255854E+01  0.1000000E+01  0.4330127E+00  0.2500000E+00 -0.7709884E-08
   01  0.8741760E+01  0.1000000E+01  0.4330127E+00  0.2500000E+00 -0.1581230E-07
   01  0.9227680E+01  0.1000000E+01  0.4330127E+00  0.2500000E+00 -0.3164863E-07
   01  0.9713712E+01  0.9999999E+00  0.4330126E+00  0.2499999E+00 -0.6182317E-07
   01  0.1000000E+02  0.9999999E+00  0.4330126E+00  0.2499999E+00 -0.9011785E-07
   01  0.1048619E+02  0.9999998E+00  0.4330125E+00  0.2499999E+00 -0.1693746E-06
   01  0.1097241E+02  0.9999997E+00  0.4330123E+00  0.2499997E+00 -0.3105678E-06
   01  0.1145880E+02  0.9999994E+00  0.4330120E+00  0.2499995E+00 -0.5554761E-06
   01  0.1194546E+02  0.9999990E+00  0.4330114E+00  0.2499992E+00 -0.9689707E-06
   01  0.1243239E+02  0.9999984E+00  0.4330106E+00  0.2499986E+00 -0.1648313E-05
   01  0.1291920E+02  0.9999973E+00  0.4330092E+00  0.2499977E+00 -0.2733076E-05
   01  0.1340597E+02  0.9999956E+00  0.4330070E+00  0.2499963E+00 -0.4417221E-05
   01  0.1389280E+02  0.9999930E+00  0.4330037E+00  0.2499941E+00 -0.6958436E-05
   01  0.1437980E+02  0.9999893E+00  0.4329988E+00  0.2499910E+00 -0.1068325E-04
   01  0.1486693E+02  0.9999840E+00  0.4329920E+00  0.2499864E+00 -0.1598229E-04
   01  0.1535414E+02  0.9999767E+00  0.4329825E+00  0.2499800E+00 -0.2328899E-04
   01  0.1584154E+02  0.9999670E+00  0.4329697E+00  0.2499715E+00 -0.3304307E-04
   01  0.1632914E+02  0.9999544E+00  0.4329533E+00  0.2499603E+00 -0.4562065E-04
   01  0.1681681E+02  0.9999388E+00  0.4329329E+00  0.2499462E+00 -0.6123784E-04
   01  0.1730450E+02  0.9999202E+00  0.4329084E+00  0.2499291E+00 -0.7984588E-04
   01  0.1779218E+02  0.9998990E+00  0.4328805E+00  0.2499091E+00 -0.1010237E-03
   01  0.1827993E+02  0.9998761E+00  0.4328501E+00  0.2498869E+00 -0.1238827E-03
   01  0.1876785E+02  0.9998530E+00  0.4328191E+00  0.2498632E+00 -0.1470240E-03
   01  0.1925601E+02  0.9998316E+00  0.4327901E+00  0.2498395E+00 -0.1683551E-03
   01  0.1974426E+02  0.9998160E+00  0.4327682E+00  0.2498183E+00 -0.1839605E-03
   01  0.2000000E+02  0.9998123E+00  0.4327624E+00  0.2498098E+00 -0.1876678E-03
   01  0.2048839E+02  0.9998103E+00  0.4327572E+00  0.2497985E+00 -0.1896703E-03
   01  0.2097680E+02  0.9998155E+00  0.4327610E+00  0.2497926E+00 -0.1845405E-03
   01  0.2146533E+02  0.9998344E+00  0.4327833E+00  0.2497937E+00 -0.1656373E-03
   01  0.2195390E+02  0.9998699E+00  0.4328274E+00  0.2498050E+00 -0.1301429E-03
   01  0.2244250E+02  0.9999187E+00  0.4328882E+00  0.2498264E+00 -0.8125956E-04
   01  0.2293124E+02  0.9999747E+00  0.4329576E+00  0.2498542E+00 -0.2531049E-04
   01  0.2342020E+02  0.1000031E+01  0.4330272E+00  0.2498835E+00  0.3117074E-04
   01  0.2390941E+02  0.1000082E+01  0.4330891E+00  0.2499096E+00  0.8191212E-04
   01  0.2439865E+02  0.1000123E+01  0.4331386E+00  0.2499286E+00  0.1228732E-03
   01  0.2488783E+02  0.1000144E+01  0.4331622E+00  0.2499343E+00  0.1443441E-03
   01  0.2537706E+02  0.1000144E+01  0.4331564E+00  0.2499292E+00  0.1442426E-03
   01  0.2586641E+02  0.1000123E+01  0.4331229E+00  0.2499082E+00  0.1227677E-03
   01  0.2635590E+02  0.1000076E+01  0.4330543E+00  0.2498693E+00  0.7574172E-04
   01  0.2684543E+02  0.1000008E+01  0.4329572E+00  0.2498170E+00  0.7621185E-05
   01  0.2733511E+02  0.9999284E+00  0.4328446E+00  0.2497579E+00 -0.7157947E-04
   01  0.2782503E+02  0.9998498E+00  0.4327319E+00  0.2496994E+00 -0.1502303E-03
   01  0.2831504E+02  0.9997824E+00  0.4326337E+00  0.2496479E+00 -0.2175748E-03
   01  0.2880509E+02  0.9997347E+00  0.4325615E+00  0.2496072E+00 -0.2653094E-03
   01  0.2929511E+02  0.9997118E+00  0.4325232E+00  0.2495790E+00 -0.2882292E-03
   01  0.2978517E+02  0.9997070E+00  0.4325095E+00  0.2495628E+00 -0.2929940E-03
   01  0.3000000E+02  0.9997077E+00  0.4325075E+00  0.2495595E+00 -0.2922903E-03
   01  0.3049041E+02  0.9997186E+00  0.4325164E+00  0.2495508E+00 -0.2813516E-03
   01  0.3098083E+02  0.9997441E+00  0.4325461E+00  0.2495446E+00 -0.2559223E-03
   01  0.3147133E+02  0.9997747E+00  0.4325832E+00  0.2495385E+00 -0.2252693E-03
   01  0.3196199E+02  0.9998023E+00  0.4326165E+00  0.2495288E+00 -0.1976576E-03
   01  0.3245265E+02  0.9998234E+00  0.4326407E+00  0.2495136E+00 -0.1766330E-03
   01  0.3294340E+02  0.9998380E+00  0.4326565E+00  0.2494927E+00 -0.1619534E-03
   01  0.3343421E+02  0.9998482E+00  0.4326663E+00  0.2494666E+00 -0.1518152E-03
   01  0.3392504E+02  0.9998557E+00  0.4326730E+00  0.2494359E+00 -0.1442993E-03
   01  0.3441596E+02  0.9998621E+00  0.4326787E+00  0.2494010E+00 -0.1378644E-03
   01  0.3490706E+02  0.9998682E+00  0.4326844E+00  0.2493620E+00 -0.1317668E-03
   01  0.3539840E+02  0.9998740E+00  0.4326905E+00  0.2493186E+00 -0.1259891E-03
   01  0.3588984E+02  0.9998792E+00  0.4326971E+00  0.2492701E+00 -0.1208113E-03
   01  0.3638122E+02  0.9998838E+00  0.4327049E+00  0.2492155E+00 -0.1162447E-03
   01  0.3687261E+02  0.9998883E+00  0.4327153E+00  0.2491538E+00 -0.1116543E-03
   01  0.3736410E+02  0.9998938E+00  0.4327301E+00  0.2490843E+00 -0.1062249E-03
   01  0.3785573E+02  0.9999002E+00  0.4327502E+00  0.2490060E+00 -0.9980949E-04
   01  0.3834738E+02  0.9999068E+00  0.4327752E+00  0.2489179E+00 -0.9315025E-04
   01  0.3883915E+02  0.9999123E+00  0.4328036E+00  0.2488185E+00 -0.8767406E-04
   01  0.3933111E+02  0.9999152E+00  0.4328343E+00  0.2487058E+00 -0.8484261E-04
   01  0.3982322E+02  0.9999146E+00  0.4328672E+00  0.2485779E+00 -0.8538251E-04
   01  0.4000000E+02  0.9999134E+00  0.4328792E+00  0.2485296E+00 -0.8656125E-04
   01  0.4049211E+02  0.9999095E+00  0.4329179E+00  0.2483789E+00 -0.9048788E-04
   01  0.4098421E+02  0.9999043E+00  0.4329639E+00  0.2482102E+00 -0.9567018E-04
   01  0.4147636E+02  0.9998990E+00  0.4330199E+00  0.2480227E+00 -0.1009543E-03
   01  0.4196865E+02  0.9998941E+00  0.4330877E+00  0.2478153E+00 -0.1058906E-03
   01  0.4246109E+02  0.9998896E+00  0.4331690E+00  0.2475865E+00 -0.1103919E-03
   01  0.4295359E+02  0.9998861E+00  0.4332661E+00  0.2473344E+00 -0.1139414E-03
   01  0.4344625E+02  0.9998848E+00  0.4333825E+00  0.2470577E+00 -0.1152360E-03
   01  0.4393895E+02  0.9998871E+00  0.4335217E+00  0.2467546E+00 -0.1128658E-03
   01  0.4443171E+02  0.9998935E+00  0.4336862E+00  0.2464230E+00 -0.1064689E-03
   01  0.4492454E+02  0.9999027E+00  0.4338764E+00  0.2460599E+00 -0.9727829E-04
   01  0.4541737E+02  0.9999123E+00  0.4340915E+00  0.2456612E+00 -0.8773123E-04
   01  0.4591027E+02  0.9999197E+00  0.4343306E+00  0.2452230E+00 -0.8028541E-04
   01  0.4640332E+02  0.9999238E+00  0.4345943E+00  0.2447414E+00 -0.7619852E-04
   01  0.4689658E+02  0.9999249E+00  0.4348852E+00  0.2442141E+00 -0.7508591E-04
   01  0.4738993E+02  0.9999246E+00  0.4352071E+00  0.2436395E+00 -0.7544094E-04
   01  0.4788328E+02  0.9999244E+00  0.4355645E+00  0.2430162E+00 -0.7561524E-04
   01  0.4837662E+02  0.9999251E+00  0.4359612E+00  0.2423419E+00 -0.7490050E-04
   01  0.4887005E+02  0.9999260E+00  0.4363993E+00  0.2416135E+00 -0.7396957E-04
   01  0.4936361E+02  0.9999263E+00  0.4368802E+00  0.2408281E+00 -0.7368662E-04
   01  0.4985717E+02  0.9999267E+00  0.4374066E+00  0.2399849E+00 -0.7331003E-04
   01  0.5000000E+02  0.9999271E+00  0.4375685E+00  0.2397336E+00 -0.7290593E-04
   01  0.5049382E+02  0.9999327E+00  0.4381621E+00  0.2388155E+00 -0.6727801E-04
   01  0.5098768E+02  0.9999434E+00  0.4388120E+00  0.2378386E+00 -0.5657069E-04
   01  0.5148168E+02  0.9999576E+00  0.4395192E+00  0.2367996E+00 -0.4241111E-04
   01  0.5197571E+02  0.9999711E+00  0.4402807E+00  0.2356948E+00 -0.2894243E-04
   01  0.5246969E+02  0.9999804E+00  0.4410935E+00  0.2345222E+00 -0.1956598E-04
   01  0.5296370E+02  0.9999850E+00  0.4419568E+00  0.2332818E+00 -0.1501546E-04
   01  0.5345783E+02  0.9999869E+00  0.4428730E+00  0.2319764E+00 -0.1314837E-04
   01  0.5395210E+02  0.9999887E+00  0.4438448E+00  0.2306091E+00 -0.1127470E-04
   01  0.5444641E+02  0.9999909E+00  0.4448730E+00  0.2291815E+00 -0.9112880E-05
   01  0.5494086E+02  0.9999906E+00  0.4459555E+00  0.2276920E+00 -0.9448871E-05
   01  0.5543540E+02  0.9999845E+00  0.4470892E+00  0.2261400E+00 -0.1548638E-04
   01  0.5592997E+02  0.9999725E+00  0.4482719E+00  0.2245293E+00 -0.2753346E-04
   01  0.5642463E+02  0.9999573E+00  0.4495031E+00  0.2228679E+00 -0.4274774E-04
   01  0.5691927E+02  0.9999422E+00  0.4507819E+00  0.2211652E+00 -0.5780926E-04
   01  0.5741396E+02  0.9999283E+00  0.4521062E+00  0.2194271E+00 -0.7174653E-04
   01  0.5790877E+02  0.9999134E+00  0.4534708E+00  0.2176565E+00 -0.8659103E-04
   01  0.5840378E+02  0.9998941E+00  0.4548690E+00  0.2158563E+00 -0.1059313E-03
   01  0.5889885E+02  0.9998674E+00  0.4562925E+00  0.2140324E+00 -0.1325979E-03
   01  0.5939398E+02  0.9998325E+00  0.4577339E+00  0.2121943E+00 -0.1674566E-03
   01  0.5988909E+02  0.9997893E+00  0.4591849E+00  0.2103527E+00 -0.2107008E-03
   01  0.6000000E+02  0.9997789E+00  0.4595195E+00  0.2099311E+00 -0.2210739E-03
   01  0.6049530E+02  0.9997241E+00  0.4609703E+00  0.2080966E+00 -0.2759439E-03
   01  0.6099059E+02  0.9996581E+00  0.4624100E+00  0.2062793E+00 -0.3418514E-03
   01  0.6148589E+02  0.9995813E+00  0.4638309E+00  0.2044893E+00 -0.4187157E-03
   01  0.6198127E+02  0.9994949E+00  0.4652265E+00  0.2027389E+00 -0.5050704E-03
   01  0.6247680E+02  0.9993994E+00  0.4665881E+00  0.2010408E+00 -0.6006065E-03
   01  0.6297251E+02  0.9992933E+00  0.4679046E+00  0.1994063E+00 -0.7067057E-03
   01  0.6346825E+02  0.9991749E+00  0.4691641E+00  0.1978468E+00 -0.8251367E-03
   01  0.6396394E+02  0.9990437E+00  0.4703558E+00  0.1963746E+00 -0.9563409E-03
   01  0.6445965E+02  0.9989006E+00  0.4714706E+00  0.1950026E+00 -0.1099356E-02
   01  0.6495544E+02  0.9987472E+00  0.4724992E+00  0.1937446E+00 -0.1252805E-02
   01  0.6545138E+02  0.9985832E+00  0.4734307E+00  0.1926132E+00 -0.1416829E-02
   01  0.6594735E+02  0.9984074E+00  0.4742532E+00  0.1916199E+00 -0.1592645E-02
   01  0.6644342E+02  0.9982183E+00  0.4749559E+00  0.1907749E+00 -0.1781667E-02
   01  0.6693961E+02  0.9980149E+00  0.4755288E+00  0.1900882E+00 -0.1985073E-02
   01  0.6743583E+02  0.9977978E+00  0.4759647E+00  0.1895703E+00 -0.2202246E-02
   01  0.6793215E+02  0.9975685E+00  0.4762576E+00  0.1892323E+00 -0.2431514E-02
   01  0.6842843E+02  0.9973280E+00  0.4764007E+00  0.1890831E+00 -0.2672040E-02
   01  0.6892474E+02  0.9970778E+00  0.4763887E+00  0.1891314E+00 -0.2922213E-02
   01  0.6942115E+02  0.9968208E+00  0.4762193E+00  0.1893861E+00 -0.3179184E-02
   01  0.6991773E+02  0.9965570E+00  0.4758865E+00  0.1898545E+00 -0.3442955E-02
   01  0.7000000E+02  0.9965102E+00  0.4758197E+00  0.1899243E+00 -0.3489816E-02
   01  0.7049674E+02  0.9962405E+00  0.4752931E+00  0.1906508E+00 -0.3759495E-02
   01  0.7099346E+02  0.9959731E+00  0.4746025E+00  0.1916091E+00 -0.4026898E-02
   01  0.7149017E+02  0.9957052E+00  0.4737417E+00  0.1927979E+00 -0.4294795E-02
   01  0.7198693E+02  0.9954347E+00  0.4727064E+00  0.1942166E+00 -0.4565277E-02
   01  0.7248380E+02  0.9951646E+00  0.4714999E+00  0.1958680E+00 -0.4835371E-02
   01  0.7298067E+02  0.9948970E+00  0.4701244E+00  0.1977516E+00 -0.5103006E-02
   01  0.7347760E+02  0.9946349E+00  0.4685824E+00  0.1998686E+00 -0.5365139E-02
   01  0.7397465E+02  0.9943840E+00  0.4668821E+00  0.2022173E+00 -0.5615988E-02
   01  0.7447189E+02  0.9941398E+00  0.4650202E+00  0.2047924E+00 -0.5860209E-02
   01  0.7496920E+02  0.9939078E+00  0.4630055E+00  0.2075820E+00 -0.6092168E-02
   01  0.7546644E+02  0.9936953E+00  0.4608549E+00  0.2105762E+00 -0.6304678E-02
   01  0.7596369E+02  0.9934957E+00  0.4585756E+00  0.2137720E+00 -0.6504311E-02
   01  0.7646099E+02  0.9933114E+00  0.4561745E+00  0.2171539E+00 -0.6688599E-02
   01  0.7695844E+02  0.9931438E+00  0.4536715E+00  0.2206959E+00 -0.6856223E-02
   01  0.7745591E+02  0.9929905E+00  0.4510882E+00  0.2243805E+00 -0.7009513E-02
   01  0.7795346E+02  0.9928648E+00  0.4484289E+00  0.2281947E+00 -0.7135216E-02
   01  0.7845114E+02  0.9927833E+00  0.4457066E+00  0.2321141E+00 -0.7216725E-02
   01  0.7894886E+02  0.9927437E+00  0.4429299E+00  0.2361136E+00 -0.7256328E-02
   01  0.7944666E+02  0.9927138E+00  0.4401192E+00  0.2401622E+00 -0.7286159E-02
   01  0.7994443E+02  0.9927141E+00  0.4372923E+00  0.2442384E+00 -0.7285932E-02
   01  0.8000000E+02  0.9927153E+00  0.4369796E+00  0.2446962E+00 -0.7284743E-02
   01  0.8049787E+02  0.9927364E+00  0.4341667E+00  0.2487869E+00 -0.7263616E-02
   01  0.8099574E+02  0.9927833E+00  0.4313804E+00  0.2528669E+00 -0.7216666E-02
   01  0.8149377E+02  0.9928655E+00  0.4286362E+00  0.2569055E+00 -0.7134488E-02
   01  0.8199185E+02  0.9929835E+00  0.4259445E+00  0.2608780E+00 -0.7016505E-02
   01  0.8249004E+02  0.9931228E+00  0.4233163E+00  0.2647615E+00 -0.6877160E-02
   01  0.8298820E+02  0.9932667E+00  0.4207491E+00  0.2685480E+00 -0.6733269E-02
   01  0.8348640E+02  0.9934177E+00  0.4182508E+00  0.2722309E+00 -0.6582301E-02
   01  0.8398470E+02  0.9935897E+00  0.4158431E+00  0.2757897E+00 -0.6410308E-02
   01  0.8448300E+02  0.9937807E+00  0.4135523E+00  0.2791945E+00 -0.6219329E-02
   01  0.8498134E+02  0.9939987E+00  0.4113778E+00  0.2824294E+00 -0.6001284E-02
   01  0.8547978E+02  0.9942430E+00  0.4093379E+00  0.2854784E+00 -0.5757035E-02
   01  0.8597839E+02  0.9945119E+00  0.4074428E+00  0.2883263E+00 -0.5488089E-02
   01  0.8647710E+02  0.9947909E+00  0.4056700E+00  0.2909799E+00 -0.5209122E-02
   01  0.8697575E+02  0.9950591E+00  0.4040116E+00  0.2934564E+00 -0.4940874E-02
   01  0.8747440E+02  0.9953058E+00  0.4024759E+00  0.2957445E+00 -0.4694180E-02
   01  0.8797309E+02  0.9955396E+00  0.4010728E+00  0.2978275E+00 -0.4460436E-02
   01  0.8847190E+02  0.9957594E+00  0.3998182E+00  0.2996939E+00 -0.4240636E-02
   01  0.8897074E+02  0.9959812E+00  0.3987105E+00  0.3013395E+00 -0.4018829E-02
   01  0.8946964E+02  0.9962154E+00  0.3977555E+00  0.3027612E+00 -0.3784634E-02
   01  0.8996866E+02  0.9964857E+00  0.3969763E+00  0.3039465E+00 -0.3514329E-02
   01  0.9000000E+02  0.9965042E+00  0.3969268E+00  0.3040227E+00 -0.3495819E-02
   01  0.9049914E+02  0.9967930E+00  0.3963159E+00  0.3049605E+00 -0.3207035E-02
   01  0.9099830E+02  0.9970680E+00  0.3958510E+00  0.3056846E+00 -0.2931971E-02
   01  0.9149743E+02  0.9973119E+00  0.3955215E+00  0.3062032E+00 -0.2688136E-02
   01  0.9199657E+02  0.9975242E+00  0.3953241E+00  0.3065227E+00 -0.2475810E-02
   01  0.9249577E+02  0.9977131E+00  0.3952582E+00  0.3066475E+00 -0.2286928E-02
   01  0.9299510E+02  0.9978880E+00  0.3953250E+00  0.3065808E+00 -0.2112037E-02
   01  0.9349449E+02  0.9980581E+00  0.3955288E+00  0.3063233E+00 -0.1941862E-02
   01  0.9399397E+02  0.9982367E+00  0.3958759E+00  0.3058715E+00 -0.1763348E-02
   01  0.9449346E+02  0.9984246E+00  0.3963603E+00  0.3052319E+00 -0.1575376E-02
   01  0.9499298E+02  0.9986104E+00  0.3969637E+00  0.3044238E+00 -0.1389644E-02
   01  0.9549257E+02  0.9987829E+00  0.3976668E+00  0.3034696E+00 -0.1217058E-02
   01  0.9599218E+02  0.9989357E+00  0.3984541E+00  0.3023899E+00 -0.1064262E-02
   01  0.9649182E+02  0.9990663E+00  0.3993155E+00  0.3012010E+00 -0.9336825E-03
   01  0.9699154E+02  0.9991752E+00  0.4002433E+00  0.2999159E+00 -0.8248418E-03
   01  0.9749139E+02  0.9992655E+00  0.4012320E+00  0.2985455E+00 -0.7344512E-03
   01  0.9799135E+02  0.9993470E+00  0.4022781E+00  0.2970973E+00 -0.6529839E-03
   01  0.9849130E+02  0.9994285E+00  0.4033755E+00  0.2955797E+00 -0.5714721E-03
   01  0.9899123E+02  0.9995127E+00  0.4045140E+00  0.2940049E+00 -0.4872786E-03
   01  0.9949119E+02  0.9995969E+00  0.4056815E+00  0.2923877E+00 -0.4031044E-03
   01  0.9999124E+02  0.9996759E+00  0.4068668E+00  0.2907434E+00 -0.3240865E-03
