# gauge_id= 1 location=( -0.8940740833E+02  0.2893238167E+02 ) num_var=  4
# Stationary gauge
# level, time, q[  1  2  3], eta, aux[]
# file format ascii, time series follow in this file
   01 -0.8640000E+05  0.4372796E+02  0.0000000E+00  0.0000000E+00  0.0000000E+00
   01 -0.8639998E+05  0.4372796E+02  0.9225549E-06 -0.1302053E-05  0.1934150E-07
   01 -0.8632349E+05  0.4372802E+02  0.4518522E-02 -0.6557159E-02  0.5862755E-04
   01 -0.8624699E+05  0.4372804E+02  0.9247326E-02 -0.1340843E-01  0.8289426E-04
   01 -0.8617049E+05  0.4372802E+02  0.1430063E-01 -0.2091036E-01  0.5991372E-04
   01 -0.8609400E+05  0.4372794E+02  0.1982114E-01 -0.2913323E-01 -0.1755905E-04
   01 -0.8601750E+05  0.4372780E+02  0.2597717E-01 -0.3817230E-01 -0.1584798E-03
   01 -0.8594100E+05  0.4372759E+02  0.3291694E-01 -0.4815608E-01 -0.3725746E-03
   01 -0.8586450E+05  0.4372729E+02  0.4074672E-01 -0.5923999E-01 -0.6697902E-03
   01 -0.8578801E+05  0.4372690E+02  0.4949697E-01 -0.7154524E-01 -0.1058904E-02
   01 -0.8571151E+05  0.4372641E+02  0.5919247E-01 -0.8523734E-01 -0.1546955E-02
   01 -0.8563501E+05  0.4372582E+02  0.6990529E-01 -0.1004905E+00 -0.2143288E-02
   01 -0.8555852E+05  0.4372510E+02  0.8171908E-01 -0.1174837E+00 -0.2859588E-02
   01 -0.8548202E+05  0.4372425E+02  0.9474016E-01 -0.1364769E+00 -0.3710806E-02
   01 -0.8540552E+05  0.4372325E+02  0.1091784E+00 -0.1577595E+00 -0.4713508E-02
   01 -0.8532902E+05  0.4372208E+02  0.1252080E+00 -0.1815654E+00 -0.5883732E-02
   01 -0.8525253E+05  0.4372073E+02  0.1429558E+00 -0.2080642E+00 -0.7236453E-02
   01 -0.8517603E+05  0.4371918E+02  0.1624215E+00 -0.2373983E+00 -0.8786128E-02
   01 -0.8509953E+05  0.4371743E+02  0.1834091E+00 -0.2697717E+00 -0.1052863E-01
   01 -0.8502304E+05  0.4371550E+02  0.2057000E+00 -0.3050193E+00 -0.1245978E-01
   01 -0.8494654E+05  0.4371340E+02  0.2289792E+00 -0.3427875E+00 -0.1456614E-01
   01 -0.8487004E+05  0.4371114E+02  0.2531201E+00 -0.3824178E+00 -0.1682603E-01
   01 -0.8479355E+05  0.4370871E+02  0.2783698E+00 -0.4240659E+00 -0.1925007E-01
   01 -0.8471705E+05  0.4370607E+02  0.3061099E+00 -0.4685463E+00 -0.2189050E-01
   01 -0.8464055E+05  0.4370307E+02  0.3388168E+00 -0.5180652E+00 -0.2488703E-01
   01 -0.8456405E+05  0.4369957E+02  0.3790399E+00 -0.5751953E+00 -0.2838837E-01
   01 -0.8448756E+05  0.4369545E+02  0.4270705E+00 -0.6438136E+00 -0.3251197E-01
   01 -0.8441106E+05  0.4369073E+02  0.4815045E+00 -0.7249570E+00 -0.3722752E-01
   01 -0.8433456E+05  0.4368555E+02  0.5406114E+00 -0.8159393E+00 -0.4241658E-01
   01 -0.8425807E+05  0.4368046E+02  0.6008303E+00 -0.8994917E+00 -0.4749918E-01
   01 -0.8418157E+05  0.4367522E+02  0.6731372E+00 -0.9732523E+00 -0.5274110E-01
   01 -0.8410507E+05  0.4367050E+02  0.7340826E+00 -0.1039042E+01 -0.5746157E-01
   01 -0.8402857E+05  0.4366651E+02  0.7837496E+00 -0.1091738E+01 -0.6145409E-01
   01 -0.8395208E+05  0.4366367E+02  0.8189040E+00 -0.1121674E+01 -0.6428790E-01
   01 -0.8387558E+05  0.4366134E+02  0.8342124E+00 -0.1145947E+01 -0.6662348E-01
   01 -0.8379908E+05  0.4365993E+02  0.8216946E+00 -0.1162190E+01 -0.6803393E-01
   01 -0.8372259E+05  0.4365877E+02  0.8040070E+00 -0.1168941E+01 -0.6918886E-01
   01 -0.8364609E+05  0.4365801E+02  0.7819544E+00 -0.1164239E+01 -0.6995412E-01
   01 -0.8356959E+05  0.4365819E+02  0.7555791E+00 -0.1126069E+01 -0.6977637E-01
   01 -0.8349309E+05  0.4365996E+02  0.7064995E+00 -0.1052331E+01 -0.6800134E-01
   01 -0.8341660E+05  0.4366330E+02  0.6275760E+00 -0.9511772E+00 -0.6465921E-01
   01 -0.8334010E+05  0.4366783E+02  0.5256041E+00 -0.8299742E+00 -0.6013305E-01
   01 -0.8331429E+05  0.4366967E+02  0.4871840E+00 -0.7842494E+00 -0.5829053E-01
   01 -0.8323779E+05  0.4367587E+02  0.3629589E+00 -0.6311166E+00 -0.5208887E-01
   01 -0.8316129E+05  0.4368326E+02  0.2246223E+00 -0.4593074E+00 -0.4470618E-01
   01 -0.8308479E+05  0.4369129E+02  0.7747445E-01 -0.2866427E+00 -0.3666771E-01
   01 -0.8300830E+05  0.4369919E+02 -0.6259657E-01 -0.1267281E+00 -0.2877507E-01
   01 -0.8293180E+05  0.4370672E+02 -0.1827746E+00  0.2234212E-01 -0.2124445E-01
   01 -0.8285530E+05  0.4371364E+02 -0.2839976E+00  0.1580692E+00 -0.1431820E-01
   01 -0.8277881E+05  0.4371980E+02 -0.3688293E+00  0.2769656E+00 -0.8164828E-02
   01 -0.8270231E+05  0.4372511E+02 -0.4409613E+00  0.3765609E+00 -0.2848611E-02
   01 -0.8262581E+05  0.4372969E+02 -0.5029832E+00  0.4596251E+00  0.1729180E-02
   01 -0.8254931E+05  0.4373362E+02 -0.5563552E+00  0.5285887E+00  0.5656038E-02
   01 -0.8247282E+05  0.4373702E+02 -0.6002923E+00  0.5853894E+00  0.9055296E-02
   01 -0.8239632E+05  0.4373983E+02 -0.6334299E+00  0.6291064E+00  0.1187190E-01
   01 -0.8231982E+05  0.4374213E+02 -0.6578980E+00  0.6615198E+00  0.1416998E-01
   01 -0.8224333E+05  0.4374414E+02 -0.6757507E+00  0.6874243E+00  0.1617410E-01
   01 -0.8216683E+05  0.4374596E+02 -0.6891934E+00  0.7077240E+00  0.1799557E-01
   01 -0.8209033E+05  0.4374761E+02 -0.7000690E+00  0.7231006E+00  0.1965126E-01
   01 -0.8201384E+05  0.4374918E+02 -0.7098324E+00  0.7346213E+00  0.2121736E-01
   01 -0.8193734E+05  0.4375070E+02 -0.7198481E+00  0.7428682E+00  0.2273356E-01
   01 -0.8186084E+05  0.4375220E+02 -0.7310316E+00  0.7490031E+00  0.2423557E-01
   01 -0.8178434E+05  0.4375371E+02 -0.7436574E+00  0.7545261E+00  0.2574969E-01
   01 -0.8170785E+05  0.4375525E+02 -0.7585703E+00  0.7602313E+00  0.2728599E-01
   01 -0.8163135E+05  0.4375686E+02 -0.7752115E+00  0.7668250E+00  0.2889912E-01
   01 -0.8155485E+05  0.4375859E+02 -0.7927850E+00  0.7747399E+00  0.3063214E-01
   01 -0.8147836E+05  0.4376045E+02 -0.8110699E+00  0.7841404E+00  0.3249226E-01
   01 -0.8140186E+05  0.4376243E+02 -0.8306064E+00  0.7949854E+00  0.3447124E-01
   01 -0.8132536E+05  0.4376453E+02 -0.8513903E+00  0.8066027E+00  0.3656937E-01
   01 -0.8124886E+05  0.4376674E+02 -0.8726409E+00  0.8188669E+00  0.3877773E-01
   01 -0.8117237E+05  0.4376902E+02 -0.8921826E+00  0.8314996E+00  0.4106083E-01
   01 -0.8109587E+05  0.4377135E+02 -0.9095851E+00  0.8440686E+00  0.4339238E-01
   01 -0.8101937E+05  0.4377371E+02 -0.9250623E+00  0.8563101E+00  0.4575199E-01
   01 -0.8094288E+05  0.4377608E+02 -0.9386655E+00  0.8680179E+00  0.4812162E-01
   01 -0.8086638E+05  0.4377844E+02 -0.9500473E+00  0.8787036E+00  0.5047978E-01
   01 -0.8078988E+05  0.4378077E+02 -0.9585713E+00  0.8881007E+00  0.5281144E-01
   01 -0.8071339E+05  0.4378306E+02 -0.9640208E+00  0.8956089E+00  0.5510200E-01
   01 -0.8063689E+05  0.4378525E+02 -0.9656516E+00  0.9005292E+00  0.5728412E-01
   01 -0.8056039E+05  0.4378734E+02 -0.9633763E+00  0.9034304E+00  0.5937462E-01
   01 -0.8048389E+05  0.4378931E+02 -0.9576109E+00  0.9035561E+00  0.6134467E-01
   01 -0.8040740E+05  0.4379112E+02 -0.9493113E+00  0.9013564E+00  0.6315777E-01
   01 -0.8033090E+05  0.4379279E+02 -0.9394575E+00  0.8969621E+00  0.6482844E-01
   01 -0.8025440E+05  0.4379438E+02 -0.9300929E+00  0.8904289E+00  0.6641665E-01
   01 -0.8022857E+05  0.4379491E+02 -0.9271044E+00  0.8875409E+00  0.6694586E-01
   01 -0.8015207E+05  0.4379640E+02 -0.9183642E+00  0.8780732E+00  0.6843827E-01
   01 -0.8007558E+05  0.4379782E+02 -0.9098913E+00  0.8661792E+00  0.6985752E-01
   01 -0.7999908E+05  0.4379917E+02 -0.9015123E+00  0.8517593E+00  0.7120454E-01
   01 -0.7992258E+05  0.4380043E+02 -0.8928480E+00  0.8346370E+00  0.7246378E-01
   01 -0.7984609E+05  0.4380154E+02 -0.8823113E+00  0.8147574E+00  0.7358072E-01
   01 -0.7976959E+05  0.4380252E+02 -0.8702848E+00  0.7923732E+00  0.7456222E-01
   01 -0.7969309E+05  0.4380338E+02 -0.8571044E+00  0.7677408E+00  0.7541500E-01
   01 -0.7961660E+05  0.4380411E+02 -0.8430371E+00  0.7411206E+00  0.7614506E-01
   01 -0.7954010E+05  0.4380472E+02 -0.8282976E+00  0.7127603E+00  0.7675726E-01
   01 -0.7946360E+05  0.4380522E+02 -0.8131056E+00  0.6828940E+00  0.7725463E-01
   01 -0.7938710E+05  0.4380560E+02 -0.7978572E+00  0.6517440E+00  0.7763323E-01
   01 -0.7931061E+05  0.4380586E+02 -0.7826472E+00  0.6195151E+00  0.7789692E-01
   01 -0.7923411E+05  0.4380602E+02 -0.7674694E+00  0.5863796E+00  0.7805390E-01
   01 -0.7915761E+05  0.4380607E+02 -0.7522180E+00  0.5524619E+00  0.7810550E-01
   01 -0.7908112E+05  0.4380600E+02 -0.7365898E+00  0.5178794E+00  0.7804180E-01
   01 -0.7900462E+05  0.4380583E+02 -0.7206270E+00  0.4827182E+00  0.7787060E-01
   01 -0.7892812E+05  0.4380553E+02 -0.7042584E+00  0.4465627E+00  0.7756756E-01
   01 -0.7885163E+05  0.4380509E+02 -0.6873825E+00  0.4094330E+00  0.7713054E-01
   01 -0.7877513E+05  0.4380453E+02 -0.6697198E+00  0.3713913E+00  0.7656677E-01
   01 -0.7869863E+05  0.4380384E+02 -0.6510851E+00  0.3324847E+00  0.7587368E-01
   01 -0.7862213E+05  0.4380301E+02 -0.6312959E+00  0.2927836E+00  0.7504685E-01
   01 -0.7854564E+05  0.4380207E+02 -0.6108633E+00  0.2524200E+00  0.7410525E-01
   01 -0.7846914E+05  0.4380104E+02 -0.5905853E+00  0.2115847E+00  0.7308232E-01
   01 -0.7839264E+05  0.4379994E+02 -0.5702436E+00  0.1704765E+00  0.7197332E-01
   01 -0.7831615E+05  0.4379877E+02 -0.5497723E+00  0.1297194E+00  0.7080841E-01
   01 -0.7823965E+05  0.4379760E+02 -0.5298262E+00  0.8979157E-01  0.6963479E-01
   01 -0.7816315E+05  0.4379643E+02 -0.5111905E+00  0.5076683E-01  0.6846996E-01
   01 -0.7808666E+05  0.4379525E+02 -0.4942221E+00  0.1144741E-01  0.6729079E-01
   01 -0.7801016E+05  0.4379408E+02 -0.4792767E+00 -0.2731110E-01  0.6611937E-01
   01 -0.7793366E+05  0.4379299E+02 -0.4676383E+00 -0.6354637E-01  0.6503162E-01
   01 -0.7785716E+05  0.4379201E+02 -0.4592912E+00 -0.9665568E-01  0.6404816E-01
   01 -0.7778067E+05  0.4379111E+02 -0.4538055E+00 -0.1266915E+00  0.6315319E-01
   01 -0.7770417E+05  0.4379030E+02 -0.4509817E+00 -0.1534829E+00  0.6233926E-01
   01 -0.7762767E+05  0.4378962E+02 -0.4510669E+00 -0.1759195E+00  0.6165418E-01
   01 -0.7755118E+05  0.4378904E+02 -0.4532717E+00 -0.1941713E+00  0.6108022E-01
   01 -0.7747468E+05  0.4378851E+02 -0.4570097E+00 -0.2101266E+00  0.6054522E-01
   01 -0.7739818E+05  0.4378802E+02 -0.4623856E+00 -0.2245546E+00  0.6005626E-01
   01 -0.7732169E+05  0.4378760E+02 -0.4695248E+00 -0.2370877E+00  0.5963480E-01
   01 -0.7724519E+05  0.4378728E+02 -0.4784248E+00 -0.2467029E+00  0.5931360E-01
   01 -0.7716869E+05  0.4378705E+02 -0.4888695E+00 -0.2534976E+00  0.5909191E-01
   01 -0.7714286E+05  0.4378700E+02 -0.4923412E+00 -0.2551511E+00  0.5903534E-01
   01 -0.7706636E+05  0.4378686E+02 -0.5027075E+00 -0.2583293E+00  0.5889605E-01
   01 -0.7698986E+05  0.4378677E+02 -0.5130938E+00 -0.2592493E+00  0.5880928E-01
   01 -0.7691337E+05  0.4378673E+02 -0.5237098E+00 -0.2580118E+00  0.5876710E-01
   01 -0.7683687E+05  0.4378672E+02 -0.5345634E+00 -0.2547781E+00  0.5875995E-01
   01 -0.7676037E+05  0.4378674E+02 -0.5455518E+00 -0.2499469E+00  0.5877481E-01
   01 -0.7668387E+05  0.4378677E+02 -0.5565540E+00 -0.2437729E+00  0.5880485E-01
   01 -0.7660738E+05  0.4378684E+02 -0.5683489E+00 -0.2364261E+00  0.5887324E-01
   01 -0.7653088E+05  0.4378693E+02 -0.5810272E+00 -0.2284972E+00  0.5896940E-01
   01 -0.7645438E+05  0.4378704E+02 -0.5943253E+00 -0.2199156E+00  0.5908256E-01
   01 -0.7637789E+05  0.4378718E+02 -0.6080252E+00 -0.2107499E+00  0.5921768E-01
   01 -0.7630139E+05  0.4378733E+02 -0.6219137E+00 -0.2013005E+00  0.5937299E-01
   01 -0.7622489E+05  0.4378750E+02 -0.6358411E+00 -0.1917788E+00  0.5954010E-01
   01 -0.7614840E+05  0.4378768E+02 -0.6497569E+00 -0.1823719E+00  0.5972224E-01
   01 -0.7607190E+05  0.4378788E+02 -0.6637009E+00 -0.1730099E+00  0.5991481E-01
   01 -0.7599540E+05  0.4378808E+02 -0.6777192E+00 -0.1638248E+00  0.6011674E-01
   01 -0.7591890E+05  0.4378830E+02 -0.6918251E+00 -0.1546959E+00  0.6033928E-01
   01 -0.7584241E+05  0.4378854E+02 -0.7060567E+00 -0.1457166E+00  0.6058245E-01
   01 -0.7576591E+05  0.4378881E+02 -0.7205601E+00 -0.1370362E+00  0.6084698E-01
   01 -0.7568941E+05  0.4378906E+02 -0.7350706E+00 -0.1292041E+00  0.6110025E-01
   01 -0.7561292E+05  0.4378929E+02 -0.7493360E+00 -0.1223248E+00  0.6132687E-01
   01 -0.7553642E+05  0.4378948E+02 -0.7631564E+00 -0.1163397E+00  0.6152218E-01
   01 -0.7545992E+05  0.4378962E+02 -0.7764281E+00 -0.1117333E+00  0.6166169E-01
   01 -0.7538343E+05  0.4378976E+02 -0.7892610E+00 -0.1070388E+00  0.6179739E-01
   01 -0.7530693E+05  0.4378989E+02 -0.8016310E+00 -0.1023104E+00  0.6192592E-01
   01 -0.7523043E+05  0.4379001E+02 -0.8135409E+00 -0.9753571E-01  0.6204665E-01
   01 -0.7515393E+05  0.4379012E+02 -0.8247462E+00 -0.9255973E-01  0.6216054E-01
   01 -0.7507744E+05  0.4379023E+02 -0.8349940E+00 -0.8742449E-01  0.6226406E-01
   01 -0.7500094E+05  0.4379033E+02 -0.8442531E+00 -0.8216694E-01  0.6236463E-01
   01 -0.7492444E+05  0.4379042E+02 -0.8524655E+00 -0.7683095E-01  0.6246178E-01
   01 -0.7484795E+05  0.4379052E+02 -0.8595789E+00 -0.7147198E-01  0.6255574E-01
   01 -0.7477145E+05  0.4379061E+02 -0.8655754E+00 -0.6614267E-01  0.6264707E-01
   01 -0.7469495E+05  0.4379070E+02 -0.8704904E+00 -0.6089397E-01  0.6273754E-01
   01 -0.7461846E+05  0.4379076E+02 -0.8743699E+00 -0.5699020E-01  0.6279687E-01
   01 -0.7454196E+05  0.4379078E+02 -0.8773344E+00 -0.5461712E-01  0.6282025E-01
   01 -0.7446546E+05  0.4379077E+02 -0.8795045E+00 -0.5357561E-01  0.6281276E-01
   01 -0.7438897E+05  0.4379074E+02 -0.8809893E+00 -0.5366213E-01  0.6277954E-01
   01 -0.7431247E+05  0.4379069E+02 -0.8818827E+00 -0.5469673E-01  0.6272499E-01
   01 -0.7423597E+05  0.4379062E+02 -0.8823131E+00 -0.5653470E-01  0.6266242E-01
   01 -0.7415947E+05  0.4379056E+02 -0.8823406E+00 -0.5924478E-01  0.6259870E-01
   01 -0.7408298E+05  0.4379050E+02 -0.8820058E+00 -0.6279179E-01  0.6253529E-01
   01 -0.7405714E+05  0.4379048E+02 -0.8818253E+00 -0.6397643E-01  0.6252120E-01
   01 -0.7398065E+05  0.4379042E+02 -0.8810423E+00 -0.6849195E-01  0.6245660E-01
   01 -0.7390415E+05  0.4379036E+02 -0.8801674E+00 -0.7352367E-01  0.6239449E-01
   01 -0.7382765E+05  0.4379029E+02 -0.8792176E+00 -0.7892596E-01  0.6233157E-01
   01 -0.7375116E+05  0.4379023E+02 -0.8782221E+00 -0.8463651E-01  0.6226570E-01
   01 -0.7367466E+05  0.4379016E+02 -0.8772068E+00 -0.9060123E-01  0.6219514E-01
   01 -0.7359816E+05  0.4379008E+02 -0.8761977E+00 -0.9677699E-01  0.6211828E-01
   01 -0.7352166E+05  0.4378999E+02 -0.8752279E+00 -0.1032076E+00  0.6202951E-01
   01 -0.7344517E+05  0.4378989E+02 -0.8743464E+00 -0.1099678E+00  0.6192393E-01
   01 -0.7336867E+05  0.4378977E+02 -0.8736028E+00 -0.1170440E+00  0.6180333E-01
   01 -0.7329217E+05  0.4378963E+02 -0.8730218E+00 -0.1244460E+00  0.6166581E-01
   01 -0.7321568E+05  0.4378947E+02 -0.8726236E+00 -0.1321937E+00  0.6150928E-01
   01 -0.7313918E+05  0.4378929E+02 -0.8724605E+00 -0.1403126E+00  0.6133254E-01
   01 -0.7306268E+05  0.4378909E+02 -0.8727505E+00 -0.1488303E+00  0.6113247E-01
   01 -0.7298619E+05  0.4378887E+02 -0.8735437E+00 -0.1577733E+00  0.6090439E-01
   01 -0.7290969E+05  0.4378861E+02 -0.8747914E+00 -0.1671640E+00  0.6064642E-01
   01 -0.7283319E+05  0.4378832E+02 -0.8764478E+00 -0.1770220E+00  0.6035736E-01
   01 -0.7275669E+05  0.4378800E+02 -0.8784742E+00 -0.1873618E+00  0.6003632E-01
   01 -0.7268020E+05  0.4378764E+02 -0.8808435E+00 -0.1981814E+00  0.5968272E-01
   01 -0.7260370E+05  0.4378726E+02 -0.8835445E+00 -0.2094652E+00  0.5929678E-01
   01 -0.7252720E+05  0.4378684E+02 -0.8865816E+00 -0.2211828E+00  0.5887960E-01
   01 -0.7245071E+05  0.4378639E+02 -0.8899731E+00 -0.2332892E+00  0.5843310E-01
   01 -0.7237421E+05  0.4378592E+02 -0.8937476E+00 -0.2457266E+00  0.5795999E-01
   01 -0.7229771E+05  0.4378543E+02 -0.8979402E+00 -0.2584270E+00  0.5746350E-01
   01 -0.7222122E+05  0.4378491E+02 -0.9025874E+00 -0.2713144E+00  0.5694729E-01
   01 -0.7214472E+05  0.4378438E+02 -0.9077095E+00 -0.2842755E+00  0.5641722E-01
   01 -0.7206822E+05  0.4378384E+02 -0.9132936E+00 -0.2971921E+00  0.5587992E-01
   01 -0.7199173E+05  0.4378330E+02 -0.9193114E+00 -0.3099815E+00  0.5534023E-01
   01 -0.7191523E+05  0.4378276E+02 -0.9257398E+00 -0.3225584E+00  0.5480276E-01
   01 -0.7183873E+05  0.4378223E+02 -0.9325606E+00 -0.3348362E+00  0.5427186E-01
   01 -0.7176224E+05  0.4378171E+02 -0.9397608E+00 -0.3467285E+00  0.5375218E-01
   01 -0.7168574E+05  0.4378121E+02 -0.9473319E+00 -0.3581527E+00  0.5324802E-01
   01 -0.7160924E+05  0.4378072E+02 -0.9552694E+00 -0.3690314E+00  0.5276315E-01
   01 -0.7153274E+05  0.4378026E+02 -0.9635719E+00 -0.3792936E+00  0.5230098E-01
   01 -0.7145625E+05  0.4377983E+02 -0.9722387E+00 -0.3888769E+00  0.5186459E-01
   01 -0.7137975E+05  0.4377943E+02 -0.9812732E+00 -0.3975451E+00  0.5146653E-01
   01 -0.7130325E+05  0.4377907E+02 -0.9906805E+00 -0.4052471E+00  0.5110890E-01
   01 -0.7122676E+05  0.4377875E+02 -0.1000467E+01 -0.4120020E+00  0.5079031E-01
   01 -0.7115026E+05  0.4377847E+02 -0.1010649E+01 -0.4178355E+00  0.5051237E-01
   01 -0.7107376E+05  0.4377823E+02 -0.1021223E+01 -0.4227848E+00  0.5027317E-01
   01 -0.7099727E+05  0.4377803E+02 -0.1032173E+01 -0.4268899E+00  0.5007029E-01
   01 -0.7097143E+05  0.4377798E+02 -0.1035992E+01 -0.4281227E+00  0.5001327E-01
   01 -0.7089493E+05  0.4377782E+02 -0.1047407E+01 -0.4311877E+00  0.4985328E-01
   01 -0.7081843E+05  0.4377769E+02 -0.1059149E+01 -0.4335115E+00  0.4972387E-01
   01 -0.7074194E+05  0.4377758E+02 -0.1071175E+01 -0.4351677E+00  0.4962131E-01
   01 -0.7066544E+05  0.4377750E+02 -0.1083449E+01 -0.4362723E+00  0.4954081E-01
   01 -0.7058894E+05  0.4377744E+02 -0.1095942E+01 -0.4369794E+00  0.4947658E-01
   01 -0.7051245E+05  0.4377739E+02 -0.1108630E+01 -0.4372942E+00  0.4942681E-01
   01 -0.7043595E+05  0.4377735E+02 -0.1121490E+01 -0.4372255E+00  0.4938979E-01
   01 -0.7035945E+05  0.4377733E+02 -0.1134498E+01 -0.4367875E+00  0.4936402E-01
   01 -0.7028296E+05  0.4377731E+02 -0.1147624E+01 -0.4359979E+00  0.4934807E-01
   01 -0.7020646E+05  0.4377731E+02 -0.1160842E+01 -0.4347338E+00  0.4934829E-01
   01 -0.7012996E+05  0.4377732E+02 -0.1174120E+01 -0.4330879E+00  0.4936140E-01
   01 -0.7005347E+05  0.4377734E+02 -0.1187423E+01 -0.4311856E+00  0.4938280E-01
   01 -0.6997697E+05  0.4377737E+02 -0.1200712E+01 -0.4290589E+00  0.4941011E-01
   01 -0.6990047E+05  0.4377740E+02 -0.1213945E+01 -0.4267502E+00  0.4944092E-01
   01 -0.6982397E+05  0.4377743E+02 -0.1227081E+01 -0.4243029E+00  0.4947279E-01
   01 -0.6974748E+05  0.4377747E+02 -0.1240080E+01 -0.4217613E+00  0.4950334E-01
   01 -0.6967098E+05  0.4377749E+02 -0.1252903E+01 -0.4191696E+00  0.4953031E-01
   01 -0.6959448E+05  0.4377751E+02 -0.1265518E+01 -0.4165710E+00  0.4955159E-01
   01 -0.6951799E+05  0.4377753E+02 -0.1277900E+01 -0.4140070E+00  0.4956528E-01
   01 -0.6944149E+05  0.4377753E+02 -0.1290028E+01 -0.4115170E+00  0.4956967E-01
   01 -0.6936499E+05  0.4377752E+02 -0.1301889E+01 -0.4091802E+00  0.4956267E-01
   01 -0.6928850E+05  0.4377751E+02 -0.1313467E+01 -0.4070083E+00  0.4954397E-01
   01 -0.6921200E+05  0.4377747E+02 -0.1324746E+01 -0.4050229E+00  0.4951290E-01
   01 -0.6913550E+05  0.4377743E+02 -0.1335716E+01 -0.4032010E+00  0.4946898E-01
   01 -0.6905901E+05  0.4377737E+02 -0.1346378E+01 -0.4015535E+00  0.4941187E-01
   01 -0.6898251E+05  0.4377730E+02 -0.1356734E+01 -0.4000935E+00  0.4934150E-01
   01 -0.6890601E+05  0.4377722E+02 -0.1366797E+01 -0.3988287E+00  0.4925787E-01
   01 -0.6882952E+05  0.4377712E+02 -0.1376582E+01 -0.3977609E+00  0.4916113E-01
   01 -0.6875302E+05  0.4377701E+02 -0.1386107E+01 -0.3968874E+00  0.4905156E-01
   01 -0.6867652E+05  0.4377689E+02 -0.1395388E+01 -0.3962015E+00  0.4892946E-01
   01 -0.6860002E+05  0.4377676E+02 -0.1404440E+01 -0.3956944E+00  0.4879519E-01
   01 -0.6852353E+05  0.4377661E+02 -0.1413279E+01 -0.3953556E+00  0.4864911E-01
   01 -0.6844703E+05  0.4377645E+02 -0.1421923E+01 -0.3951750E+00  0.4849159E-01
   01 -0.6837053E+05  0.4377628E+02 -0.1430387E+01 -0.3951425E+00  0.4832296E-01
   01 -0.6829404E+05  0.4377611E+02 -0.1438689E+01 -0.3952489E+00  0.4814361E-01
   01 -0.6821754E+05  0.4377592E+02 -0.1446849E+01 -0.3954848E+00  0.4795393E-01
   01 -0.6814104E+05  0.4377572E+02 -0.1454886E+01 -0.3958403E+00  0.4775436E-01
   01 -0.6806455E+05  0.4377551E+02 -0.1462823E+01 -0.3963029E+00  0.4754547E-01
   01 -0.6798805E+05  0.4377529E+02 -0.1470685E+01 -0.3968572E+00  0.4732801E-01
   01 -0.6791155E+05  0.4377506E+02 -0.1478499E+01 -0.3974830E+00  0.4710290E-01
   01 -0.6788571E+05  0.4377500E+02 -0.1481227E+01 -0.3974562E+00  0.4703841E-01
   01 -0.6780922E+05  0.4377476E+02 -0.1488994E+01 -0.3981843E+00  0.4680161E-01
   01 -0.6773272E+05  0.4377452E+02 -0.1496803E+01 -0.3988848E+00  0.4656165E-01
   01 -0.6765622E+05  0.4377428E+02 -0.1504683E+01 -0.3995431E+00  0.4631946E-01
   01 -0.6757973E+05  0.4377404E+02 -0.1512667E+01 -0.4001334E+00  0.4607634E-01
   01 -0.6750323E+05  0.4377380E+02 -0.1520783E+01 -0.4006265E+00  0.4583369E-01
   01 -0.6742673E+05  0.4377355E+02 -0.1529059E+01 -0.4009945E+00  0.4559286E-01
   01 -0.6735024E+05  0.4377332E+02 -0.1537517E+01 -0.4012102E+00  0.4535519E-01
   01 -0.6727374E+05  0.4377308E+02 -0.1546184E+01 -0.4012461E+00  0.4512213E-01
   01 -0.6719724E+05  0.4377286E+02 -0.1555082E+01 -0.4010745E+00  0.4489515E-01
   01 -0.6712075E+05  0.4377264E+02 -0.1564230E+01 -0.4006667E+00  0.4467574E-01
   01 -0.6704425E+05  0.4377243E+02 -0.1573641E+01 -0.3999949E+00  0.4446528E-01
   01 -0.6696775E+05  0.4377223E+02 -0.1583324E+01 -0.3990332E+00  0.4426506E-01
   01 -0.6689126E+05  0.4377204E+02 -0.1593283E+01 -0.3977586E+00  0.4407627E-01
   01 -0.6681476E+05  0.4377186E+02 -0.1603518E+01 -0.3961507E+00  0.4390006E-01
   01 -0.6673826E+05  0.4377170E+02 -0.1614038E+01 -0.3942030E+00  0.4373689E-01
   01 -0.6666176E+05  0.4377155E+02 -0.1624863E+01 -0.3919021E+00  0.4358742E-01
   01 -0.6658527E+05  0.4377141E+02 -0.1636017E+01 -0.3892265E+00  0.4345292E-01
   01 -0.6650877E+05  0.4377130E+02 -0.1647523E+01 -0.3861544E+00  0.4333485E-01
   01 -0.6643227E+05  0.4377120E+02 -0.1659399E+01 -0.3826644E+00  0.4323465E-01
   01 -0.6635578E+05  0.4377112E+02 -0.1671659E+01 -0.3787386E+00  0.4315366E-01
   01 -0.6627928E+05  0.4377105E+02 -0.1684303E+01 -0.3743714E+00  0.4309250E-01
   01 -0.6620278E+05  0.4377101E+02 -0.1697324E+01 -0.3697131E+00  0.4304342E-01
   01 -0.6612629E+05  0.4377097E+02 -0.1710704E+01 -0.3647554E+00  0.4300780E-01
   01 -0.6604979E+05  0.4377095E+02 -0.1724423E+01 -0.3594973E+00  0.4298672E-01
   01 -0.6597329E+05  0.4377094E+02 -0.1738454E+01 -0.3539431E+00  0.4298107E-01
   01 -0.6589680E+05  0.4377095E+02 -0.1752773E+01 -0.3481013E+00  0.4299160E-01
   01 -0.6582030E+05  0.4377098E+02 -0.1767351E+01 -0.3419829E+00  0.4301900E-01
   01 -0.6574380E+05  0.4377103E+02 -0.1782164E+01 -0.3356007E+00  0.4306395E-01
   01 -0.6566731E+05  0.4377109E+02 -0.1797185E+01 -0.3289685E+00  0.4312705E-01
   01 -0.6559081E+05  0.4377117E+02 -0.1812393E+01 -0.3221008E+00  0.4320884E-01
   01 -0.6551431E+05  0.4377127E+02 -0.1827764E+01 -0.3150124E+00  0.4330979E-01
   01 -0.6543782E+05  0.4377139E+02 -0.1843275E+01 -0.3077184E+00  0.4343026E-01
   01 -0.6536132E+05  0.4377153E+02 -0.1858903E+01 -0.3002339E+00  0.4357059E-01
   01 -0.6528482E+05  0.4377169E+02 -0.1874627E+01 -0.2925758E+00  0.4373110E-01
   01 -0.6520833E+05  0.4377187E+02 -0.1890423E+01 -0.2847671E+00  0.4391232E-01
   01 -0.6513183E+05  0.4377208E+02 -0.1906264E+01 -0.2768214E+00  0.4411430E-01
   01 -0.6505533E+05  0.4377230E+02 -0.1922132E+01 -0.2687527E+00  0.4433696E-01
   01 -0.6497883E+05  0.4377254E+02 -0.1938007E+01 -0.2605752E+00  0.4458015E-01
   01 -0.6490234E+05  0.4377281E+02 -0.1953874E+01 -0.2523037E+00  0.4484362E-01
   01 -0.6482584E+05  0.4377309E+02 -0.1969718E+01 -0.2439535E+00  0.4512708E-01
   01 -0.6480000E+05  0.4377320E+02 -0.1975131E+01 -0.2409473E+00  0.4524146E-01
   01 -0.6472350E+05  0.4377351E+02 -0.1990880E+01 -0.2325804E+00  0.4554604E-01
   01 -0.6464701E+05  0.4377383E+02 -0.2006620E+01 -0.2241652E+00  0.4587154E-01
   01 -0.6457051E+05  0.4377418E+02 -0.2022332E+01 -0.2157362E+00  0.4621678E-01
   01 -0.6449401E+05  0.4377454E+02 -0.2038003E+01 -0.2073188E+00  0.4658083E-01
   01 -0.6441752E+05  0.4377492E+02 -0.2053618E+01 -0.1989382E+00  0.4696268E-01
   01 -0.6434102E+05  0.4377532E+02 -0.2069163E+01 -0.1906192E+00  0.4736128E-01
   01 -0.6426452E+05  0.4377574E+02 -0.2084625E+01 -0.1823830E+00  0.4777574E-01
   01 -0.6418802E+05  0.4377617E+02 -0.2100001E+01 -0.1742481E+00  0.4820549E-01
   01 -0.6411153E+05  0.4377661E+02 -0.2115291E+01 -0.1662409E+00  0.4865060E-01
   01 -0.6403503E+05  0.4377707E+02 -0.2130495E+01 -0.1583683E+00  0.4911041E-01
   01 -0.6395853E+05  0.4377755E+02 -0.2145593E+01 -0.1506387E+00  0.4958664E-01
   01 -0.6388204E+05  0.4377804E+02 -0.2160582E+01 -0.1430713E+00  0.5007825E-01
   01 -0.6380554E+05  0.4377855E+02 -0.2175462E+01 -0.1356890E+00  0.5058361E-01
   01 -0.6372904E+05  0.4377906E+02 -0.2190229E+01 -0.1285160E+00  0.5110094E-01
   01 -0.6365255E+05  0.4377959E+02 -0.2204885E+01 -0.1215742E+00  0.5162857E-01
   01 -0.6357605E+05  0.4378013E+02 -0.2219437E+01 -0.1148801E+00  0.5216511E-01
   01 -0.6349955E+05  0.4378067E+02 -0.2233898E+01 -0.1084422E+00  0.5270952E-01
   01 -0.6342306E+05  0.4378122E+02 -0.2248284E+01 -0.1022629E+00  0.5326102E-01
   01 -0.6334656E+05  0.4378178E+02 -0.2262609E+01 -0.9634161E-01  0.5381885E-01
   01 -0.6327006E+05  0.4378234E+02 -0.2276878E+01 -0.9068142E-01  0.5438193E-01
   01 -0.6319357E+05  0.4378291E+02 -0.2291086E+01 -0.8529396E-01  0.5494867E-01
   01 -0.6311707E+05  0.4378348E+02 -0.2305213E+01 -0.8020268E-01  0.5551678E-01
   01 -0.6304057E+05  0.4378405E+02 -0.2319233E+01 -0.7544250E-01  0.5608340E-01
   01 -0.6296407E+05  0.4378461E+02 -0.2333111E+01 -0.7105627E-01  0.5664539E-01
   01 -0.6288758E+05  0.4378516E+02 -0.2346814E+01 -0.6708825E-01  0.5719968E-01
   01 -0.6281108E+05  0.4378571E+02 -0.2360319E+01 -0.6357614E-01  0.5774363E-01
   01 -0.6273458E+05  0.4378624E+02 -0.2373617E+01 -0.6054369E-01  0.5827545E-01
   01 -0.6265809E+05  0.4378676E+02 -0.2386715E+01 -0.5799572E-01  0.5879429E-01
   01 -0.6258159E+05  0.4378726E+02 -0.2399638E+01 -0.5591667E-01  0.5930041E-01
   01 -0.6250509E+05  0.4378776E+02 -0.2412430E+01 -0.5427218E-01  0.5979506E-01
   01 -0.6242860E+05  0.4378824E+02 -0.2425143E+01 -0.5301321E-01  0.6028017E-01
   01 -0.6235210E+05  0.4378872E+02 -0.2437834E+01 -0.5208160E-01  0.6075813E-01
   01 -0.6227560E+05  0.4378919E+02 -0.2450560E+01 -0.5141599E-01  0.6123144E-01
   01 -0.6219911E+05  0.4378966E+02 -0.2463369E+01 -0.5095694E-01  0.6170260E-01
   01 -0.6212261E+05  0.4379014E+02 -0.2476303E+01 -0.5065071E-01  0.6217380E-01
   01 -0.6204611E+05  0.4379061E+02 -0.2489393E+01 -0.5045091E-01  0.6264690E-01
   01 -0.6196961E+05  0.4379109E+02 -0.2502664E+01 -0.5031860E-01  0.6312344E-01
   01 -0.6189312E+05  0.4379157E+02 -0.2516127E+01 -0.5022149E-01  0.6360452E-01
   01 -0.6181662E+05  0.4379205E+02 -0.2529782E+01 -0.5013245E-01  0.6409085E-01
   01 -0.6174012E+05  0.4379254E+02 -0.2543624E+01 -0.5002817E-01  0.6458297E-01
   01 -0.6171429E+05  0.4379273E+02 -0.2548410E+01 -0.4981599E-01  0.6476888E-01
   01 -0.6163779E+05  0.4379322E+02 -0.2562407E+01 -0.4973571E-01  0.6526255E-01
   01 -0.6156129E+05  0.4379373E+02 -0.2576608E+01 -0.4955363E-01  0.6576541E-01
   01 -0.6148480E+05  0.4379424E+02 -0.2590994E+01 -0.4926872E-01  0.6627724E-01
   01 -0.6140830E+05  0.4379476E+02 -0.2605551E+01 -0.4887495E-01  0.6679807E-01
   01 -0.6133180E+05  0.4379529E+02 -0.2620265E+01 -0.4837014E-01  0.6732786E-01
   01 -0.6125530E+05  0.4379583E+02 -0.2635124E+01 -0.4775350E-01  0.6786660E-01
   01 -0.6117881E+05  0.4379638E+02 -0.2650118E+01 -0.4702367E-01  0.6841437E-01
   01 -0.6110231E+05  0.4379693E+02 -0.2665242E+01 -0.4617833E-01  0.6897133E-01
   01 -0.6102581E+05  0.4379750E+02 -0.2680491E+01 -0.4521568E-01  0.6953771E-01
   01 -0.6094932E+05  0.4379808E+02 -0.2695863E+01 -0.4413683E-01  0.7011364E-01
   01 -0.6087282E+05  0.4379866E+02 -0.2711355E+01 -0.4294785E-01  0.7069908E-01
   01 -0.6079632E+05  0.4379926E+02 -0.2726961E+01 -0.4166051E-01  0.7129377E-01
   01 -0.6071983E+05  0.4379986E+02 -0.2742678E+01 -0.4029157E-01  0.7189729E-01
   01 -0.6064333E+05  0.4380047E+02 -0.2758504E+01 -0.3886067E-01  0.7250913E-01
   01 -0.6056683E+05  0.4380109E+02 -0.2774439E+01 -0.3738793E-01  0.7312891E-01
   01 -0.6049034E+05  0.4380172E+02 -0.2790487E+01 -0.3589214E-01  0.7375638E-01
   01 -0.6041384E+05  0.4380235E+02 -0.2806654E+01 -0.3439036E-01  0.7439126E-01
   01 -0.6033734E+05  0.4380300E+02 -0.2822942E+01 -0.3289801E-01  0.7503323E-01
   01 -0.6026084E+05  0.4380364E+02 -0.2839349E+01 -0.3143024E-01  0.7568182E-01
   01 -0.6018435E+05  0.4380430E+02 -0.2855868E+01 -0.3000302E-01  0.7633638E-01
   01 -0.6010785E+05  0.4380496E+02 -0.2872487E+01 -0.2863363E-01  0.7699596E-01
   01 -0.6003135E+05  0.4380562E+02 -0.2889185E+01 -0.2734003E-01  0.7765945E-01
   01 -0.5995486E+05  0.4380629E+02 -0.2905941E+01 -0.2613933E-01  0.7832571E-01
   01 -0.5987836E+05  0.4380696E+02 -0.2922736E+01 -0.2504592E-01  0.7899363E-01
   01 -0.5980186E+05  0.4380762E+02 -0.2939548E+01 -0.2407004E-01  0.7966226E-01
   01 -0.5972537E+05  0.4380829E+02 -0.2956363E+01 -0.2321744E-01  0.8033084E-01
   01 -0.5964887E+05  0.4380896E+02 -0.2973167E+01 -0.2249001E-01  0.8099884E-01
   01 -0.5957237E+05  0.4380963E+02 -0.2989952E+01 -0.2188716E-01  0.8166589E-01
   01 -0.5949588E+05  0.4381029E+02 -0.3006711E+01 -0.2140746E-01  0.8233170E-01
   01 -0.5941938E+05  0.4381096E+02 -0.3023439E+01 -0.2105019E-01  0.8299596E-01
   01 -0.5934288E+05  0.4381162E+02 -0.3040130E+01 -0.2081624E-01  0.8365836E-01
   01 -0.5926639E+05  0.4381228E+02 -0.3056779E+01 -0.2070841E-01  0.8431851E-01
   01 -0.5918989E+05  0.4381294E+02 -0.3073382E+01 -0.2073092E-01  0.8497604E-01
   01 -0.5911339E+05  0.4381359E+02 -0.3089938E+01 -0.2088860E-01  0.8563060E-01
   01 -0.5903689E+05  0.4381424E+02 -0.3106448E+01 -0.2118600E-01  0.8628194E-01
   01 -0.5896040E+05  0.4381489E+02 -0.3122917E+01 -0.2162691E-01  0.8692985E-01
   01 -0.5888390E+05  0.4381554E+02 -0.3139351E+01 -0.2221426E-01  0.8757424E-01
   01 -0.5880740E+05  0.4381618E+02 -0.3155759E+01 -0.2295048E-01  0.8821504E-01
   01 -0.5873091E+05  0.4381681E+02 -0.3172149E+01 -0.2383812E-01  0.8885214E-01
   01 -0.5865441E+05  0.4381745E+02 -0.3188529E+01 -0.2488050E-01  0.8948540E-01
   01 -0.5862857E+05  0.4381768E+02 -0.3194128E+01 -0.2502160E-01  0.8972199E-01
   01 -0.5855207E+05  0.4381830E+02 -0.3210432E+01 -0.2636698E-01  0.9034240E-01
   01 -0.5847558E+05  0.4381892E+02 -0.3226748E+01 -0.2783713E-01  0.9095982E-01
   01 -0.5839908E+05  0.4381953E+02 -0.3243074E+01 -0.2946257E-01  0.9157305E-01
   01 -0.5832258E+05  0.4382014E+02 -0.3259401E+01 -0.3126581E-01  0.9218097E-01
   01 -0.5824609E+05  0.4382074E+02 -0.3275718E+01 -0.3326787E-01  0.9278234E-01
   01 -0.5816959E+05  0.4382134E+02 -0.3292014E+01 -0.3548444E-01  0.9337607E-01
   01 -0.5809309E+05  0.4382192E+02 -0.3308281E+01 -0.3792437E-01  0.9396138E-01
   01 -0.5801660E+05  0.4382250E+02 -0.3324515E+01 -0.4058948E-01  0.9453769E-01
   01 -0.5794010E+05  0.4382307E+02 -0.3340712E+01 -0.4347581E-01  0.9510458E-01
   01 -0.5786360E+05  0.4382362E+02 -0.3356865E+01 -0.4657657E-01  0.9566162E-01
   01 -0.5778711E+05  0.4382417E+02 -0.3372964E+01 -0.4988584E-01  0.9620826E-01
   01 -0.5771061E+05  0.4382471E+02 -0.3389001E+01 -0.5340108E-01  0.9674389E-01
   01 -0.5763411E+05  0.4382523E+02 -0.3404967E+01 -0.5712277E-01  0.9726788E-01
   01 -0.5755762E+05  0.4382574E+02 -0.3420862E+01 -0.6105281E-01  0.9777977E-01
   01 -0.5748112E+05  0.4382624E+02 -0.3436688E+01 -0.6519278E-01  0.9827921E-01
   01 -0.5740462E+05  0.4382673E+02 -0.3452452E+01 -0.6954284E-01  0.9876603E-01
   01 -0.5732812E+05  0.4382720E+02 -0.3468161E+01 -0.7410100E-01  0.9924010E-01
   01 -0.5725163E+05  0.4382766E+02 -0.3483821E+01 -0.7886323E-01  0.9970133E-01
   01 -0.5717513E+05  0.4382811E+02 -0.3499435E+01 -0.8382386E-01  0.1001495E+00
   01 -0.5709863E+05  0.4382855E+02 -0.3515004E+01 -0.8897633E-01  0.1005845E+00
   01 -0.5702214E+05  0.4382897E+02 -0.3530531E+01 -0.9431359E-01  0.1010062E+00
   01 -0.5694564E+05  0.4382938E+02 -0.3546018E+01 -0.9982792E-01  0.1014144E+00
   01 -0.5686914E+05  0.4382977E+02 -0.3561470E+01 -0.1055106E+00  0.1018092E+00
   01 -0.5679265E+05  0.4383015E+02 -0.3576892E+01 -0.1113517E+00  0.1021905E+00
   01 -0.5671615E+05  0.4383052E+02 -0.3592291E+01 -0.1173400E+00  0.1025586E+00
   01 -0.5663965E+05  0.4383088E+02 -0.3607673E+01 -0.1234628E+00  0.1029137E+00
   01 -0.5656316E+05  0.4383122E+02 -0.3623048E+01 -0.1297065E+00  0.1032560E+00
   01 -0.5648666E+05  0.4383155E+02 -0.3638424E+01 -0.1360573E+00  0.1035860E+00
   01 -0.5641016E+05  0.4383187E+02 -0.3653811E+01 -0.1425014E+00  0.1039038E+00
   01 -0.5633366E+05  0.4383217E+02 -0.3669218E+01 -0.1490263E+00  0.1042099E+00
   01 -0.5625717E+05  0.4383247E+02 -0.3684655E+01 -0.1556202E+00  0.1045047E+00
   01 -0.5618067E+05  0.4383275E+02 -0.3700133E+01 -0.1622722E+00  0.1047886E+00
   01 -0.5610417E+05  0.4383302E+02 -0.3715662E+01 -0.1689717E+00  0.1050618E+00
   01 -0.5602768E+05  0.4383329E+02 -0.3731258E+01 -0.1757070E+00  0.1053251E+00
   01 -0.5595118E+05  0.4383354E+02 -0.3746921E+01 -0.1824657E+00  0.1055785E+00
   01 -0.5587468E+05  0.4383378E+02 -0.3762646E+01 -0.1892337E+00  0.1058220E+00
   01 -0.5579819E+05  0.4383402E+02 -0.3778430E+01 -0.1959955E+00  0.1060565E+00
   01 -0.5572169E+05  0.4383424E+02 -0.3794282E+01 -0.2027359E+00  0.1062823E+00
   01 -0.5564519E+05  0.4383446E+02 -0.3810217E+01 -0.2094377E+00  0.1065003E+00
   01 -0.5556870E+05  0.4383467E+02 -0.3826256E+01 -0.2160818E+00  0.1067114E+00
   01 -0.5554286E+05  0.4383477E+02 -0.3831892E+01 -0.2178800E+00  0.1068126E+00
   01 -0.5546636E+05  0.4383497E+02 -0.3847962E+01 -0.2245199E+00  0.1070059E+00
   01 -0.5538986E+05  0.4383516E+02 -0.3864268E+01 -0.2310024E+00  0.1071986E+00
   01 -0.5531337E+05  0.4383535E+02 -0.3880819E+01 -0.2373272E+00  0.1073907E+00
   01 -0.5523687E+05  0.4383554E+02 -0.3897629E+01 -0.2434910E+00  0.1075827E+00
   01 -0.5516037E+05  0.4383574E+02 -0.3914710E+01 -0.2494941E+00  0.1077746E+00
   01 -0.5508388E+05  0.4383593E+02 -0.3932082E+01 -0.2553352E+00  0.1079674E+00
   01 -0.5500738E+05  0.4383612E+02 -0.3949764E+01 -0.2610091E+00  0.1081618E+00
   01 -0.5493088E+05  0.4383632E+02 -0.3967766E+01 -0.2665013E+00  0.1083584E+00
   01 -0.5485439E+05  0.4383652E+02 -0.3986089E+01 -0.2718006E+00  0.1085573E+00
   01 -0.5477789E+05  0.4383672E+02 -0.4004728E+01 -0.2769009E+00  0.1087584E+00
   01 -0.5470139E+05  0.4383692E+02 -0.4023678E+01 -0.2818001E+00  0.1089615E+00
   01 -0.5462489E+05  0.4383713E+02 -0.4042935E+01 -0.2864987E+00  0.1091667E+00
   01 -0.5454840E+05  0.4383734E+02 -0.4062504E+01 -0.2909977E+00  0.1093740E+00
   01 -0.5447190E+05  0.4383755E+02 -0.4082392E+01 -0.2952974E+00  0.1095838E+00
   01 -0.5439540E+05  0.4383776E+02 -0.4102611E+01 -0.2993977E+00  0.1097966E+00
   01 -0.5431891E+05  0.4383797E+02 -0.4123172E+01 -0.3032985E+00  0.1100129E+00
   01 -0.5424241E+05  0.4383819E+02 -0.4144081E+01 -0.3070002E+00  0.1102332E+00
   01 -0.5416591E+05  0.4383842E+02 -0.4165341E+01 -0.3105047E+00  0.1104576E+00
   01 -0.5408942E+05  0.4383865E+02 -0.4186950E+01 -0.3138141E+00  0.1106864E+00
   01 -0.5401292E+05  0.4383888E+02 -0.4208903E+01 -0.3169300E+00  0.1109197E+00
   01 -0.5393642E+05  0.4383912E+02 -0.4231187E+01 -0.3198535E+00  0.1111581E+00
   01 -0.5385993E+05  0.4383936E+02 -0.4253793E+01 -0.3225866E+00  0.1114020E+00
   01 -0.5378343E+05  0.4383961E+02 -0.4276710E+01 -0.3251317E+00  0.1116519E+00
   01 -0.5370693E+05  0.4383987E+02 -0.4299929E+01 -0.3274930E+00  0.1119081E+00
   01 -0.5363044E+05  0.4384013E+02 -0.4323439E+01 -0.3296760E+00  0.1121709E+00
   01 -0.5355394E+05  0.4384040E+02 -0.4347232E+01 -0.3316878E+00  0.1124408E+00
   01 -0.5347744E+05  0.4384068E+02 -0.4371300E+01 -0.3335367E+00  0.1127181E+00
   01 -0.5340095E+05  0.4384096E+02 -0.4395633E+01 -0.3352318E+00  0.1130030E+00
   01 -0.5332445E+05  0.4384126E+02 -0.4420224E+01 -0.3367828E+00  0.1132958E+00
   01 -0.5324795E+05  0.4384156E+02 -0.4445066E+01 -0.3381995E+00  0.1135965E+00
   01 -0.5317146E+05  0.4384187E+02 -0.4470152E+01 -0.3394914E+00  0.1139055E+00
   01 -0.5309496E+05  0.4384218E+02 -0.4495474E+01 -0.3406678E+00  0.1142227E+00
   01 -0.5301846E+05  0.4384251E+02 -0.4521027E+01 -0.3417372E+00  0.1145483E+00
   01 -0.5294196E+05  0.4384284E+02 -0.4546802E+01 -0.3427080E+00  0.1148824E+00
   01 -0.5286547E+05  0.4384319E+02 -0.4572791E+01 -0.3435881E+00  0.1152248E+00
   01 -0.5278897E+05  0.4384354E+02 -0.4598988E+01 -0.3443854E+00  0.1155756E+00
   01 -0.5271247E+05  0.4384390E+02 -0.4625385E+01 -0.3451070E+00  0.1159349E+00
   01 -0.5263598E+05  0.4384426E+02 -0.4651975E+01 -0.3457596E+00  0.1163026E+00
   01 -0.5255948E+05  0.4384464E+02 -0.4678752E+01 -0.3463495E+00  0.1166788E+00
   01 -0.5248298E+05  0.4384503E+02 -0.4705708E+01 -0.3468831E+00  0.1170634E+00
   01 -0.5245714E+05  0.4384520E+02 -0.4715117E+01 -0.3465812E+00  0.1172332E+00
   01 -0.5238065E+05  0.4384558E+02 -0.4742117E+01 -0.3471657E+00  0.1176167E+00
   01 -0.5230415E+05  0.4384597E+02 -0.4769349E+01 -0.3476582E+00  0.1180120E+00
   01 -0.5222765E+05  0.4384638E+02 -0.4796786E+01 -0.3481008E+00  0.1184175E+00
   01 -0.5215116E+05  0.4384679E+02 -0.4824399E+01 -0.3485213E+00  0.1188318E+00
   01 -0.5207466E+05  0.4384722E+02 -0.4852163E+01 -0.3489433E+00  0.1192537E+00
   01 -0.5199816E+05  0.4384764E+02 -0.4880062E+01 -0.3493828E+00  0.1196824E+00
   01 -0.5192167E+05  0.4384808E+02 -0.4908082E+01 -0.3498471E+00  0.1201174E+00
   01 -0.5184517E+05  0.4384852E+02 -0.4936210E+01 -0.3503388E+00  0.1205584E+00
   01 -0.5176867E+05  0.4384897E+02 -0.4964416E+01 -0.3508628E+00  0.1210044E+00
   01 -0.5169217E+05  0.4384942E+02 -0.4992664E+01 -0.3514296E+00  0.1214540E+00
   01 -0.5161568E+05  0.4384987E+02 -0.5020924E+01 -0.3520548E+00  0.1219060E+00
   01 -0.5153918E+05  0.4385032E+02 -0.5049182E+01 -0.3527577E+00  0.1223593E+00
   01 -0.5146268E+05  0.4385078E+02 -0.5077436E+01 -0.3535584E+00  0.1228133E+00
   01 -0.5138619E+05  0.4385123E+02 -0.5105693E+01 -0.3544763E+00  0.1232675E+00
   01 -0.5130969E+05  0.4385168E+02 -0.5133964E+01 -0.3555290E+00  0.1237218E+00
   01 -0.5123319E+05  0.4385214E+02 -0.5162259E+01 -0.3567322E+00  0.1241755E+00
   01 -0.5115670E+05  0.4385259E+02 -0.5190583E+01 -0.3581000E+00  0.1246282E+00
   01 -0.5108020E+05  0.4385304E+02 -0.5218935E+01 -0.3596448E+00  0.1250791E+00
   01 -0.5100370E+05  0.4385349E+02 -0.5247310E+01 -0.3613762E+00  0.1255274E+00
   01 -0.5092721E+05  0.4385393E+02 -0.5275701E+01 -0.3632999E+00  0.1259722E+00
   01 -0.5085071E+05  0.4385437E+02 -0.5304102E+01 -0.3654170E+00  0.1264129E+00
   01 -0.5077421E+05  0.4385481E+02 -0.5332510E+01 -0.3677245E+00  0.1268490E+00
   01 -0.5069772E+05  0.4385524E+02 -0.5360924E+01 -0.3702174E+00  0.1272803E+00
   01 -0.5062122E+05  0.4385567E+02 -0.5389346E+01 -0.3728893E+00  0.1277064E+00
   01 -0.5054472E+05  0.4385609E+02 -0.5417778E+01 -0.3757347E+00  0.1281271E+00
   01 -0.5046823E+05  0.4385650E+02 -0.5446223E+01 -0.3787500E+00  0.1285421E+00
   01 -0.5039173E+05  0.4385691E+02 -0.5474682E+01 -0.3819339E+00  0.1289511E+00
   01 -0.5031523E+05  0.4385732E+02 -0.5503159E+01 -0.3852872E+00  0.1293536E+00
   01 -0.5023874E+05  0.4385771E+02 -0.5531657E+01 -0.3888112E+00  0.1297494E+00
   01 -0.5016224E+05  0.4385810E+02 -0.5560180E+01 -0.3925069E+00  0.1301379E+00
   01 -0.5008574E+05  0.4385848E+02 -0.5588734E+01 -0.3963736E+00  0.1305189E+00
   01 -0.5000925E+05  0.4385885E+02 -0.5617326E+01 -0.4004087E+00  0.1308922E+00
   01 -0.4993275E+05  0.4385922E+02 -0.5645964E+01 -0.4046077E+00  0.1312576E+00
   01 -0.4985625E+05  0.4385958E+02 -0.5674656E+01 -0.4089637E+00  0.1316151E+00
   01 -0.4977976E+05  0.4385993E+02 -0.5703411E+01 -0.4134679E+00  0.1319647E+00
   01 -0.4970326E+05  0.4386027E+02 -0.5732239E+01 -0.4181097E+00  0.1323064E+00
   01 -0.4962676E+05  0.4386060E+02 -0.5761152E+01 -0.4228771E+00  0.1326405E+00
   01 -0.4955027E+05  0.4386093E+02 -0.5790161E+01 -0.4277568E+00  0.1329671E+00
   01 -0.4947377E+05  0.4386125E+02 -0.5819279E+01 -0.4327339E+00  0.1332867E+00
   01 -0.4939727E+05  0.4386156E+02 -0.5848519E+01 -0.4377927E+00  0.1335996E+00
   01 -0.4937143E+05  0.4386172E+02 -0.5858866E+01 -0.4389089E+00  0.1337535E+00
   01 -0.4929493E+05  0.4386200E+02 -0.5888045E+01 -0.4441980E+00  0.1340421E+00
   01 -0.4921844E+05  0.4386229E+02 -0.5917470E+01 -0.4494595E+00  0.1343301E+00
   01 -0.4914194E+05  0.4386258E+02 -0.5947128E+01 -0.4547230E+00  0.1346161E+00
   01 -0.4906544E+05  0.4386286E+02 -0.5977001E+01 -0.4600032E+00  0.1348987E+00
   01 -0.4898894E+05  0.4386314E+02 -0.6007073E+01 -0.4652985E+00  0.1351773E+00
   01 -0.4891245E+05  0.4386341E+02 -0.6037337E+01 -0.4705981E+00  0.1354518E+00
   01 -0.4883595E+05  0.4386368E+02 -0.6067787E+01 -0.4758887E+00  0.1357222E+00
   01 -0.4875945E+05  0.4386395E+02 -0.6098414E+01 -0.4811578E+00  0.1359883E+00
   01 -0.4868296E+05  0.4386421E+02 -0.6129205E+01 -0.4863951E+00  0.1362500E+00
   01 -0.4860646E+05  0.4386447E+02 -0.6160148E+01 -0.4915942E+00  0.1365070E+00
   01 -0.4852996E+05  0.4386472E+02 -0.6191234E+01 -0.4967530E+00  0.1367590E+00
   01 -0.4845347E+05  0.4386497E+02 -0.6222461E+01 -0.5018740E+00  0.1370060E+00
   01 -0.4837697E+05  0.4386521E+02 -0.6253834E+01 -0.5069623E+00  0.1372480E+00
   01 -0.4830047E+05  0.4386545E+02 -0.6285364E+01 -0.5120240E+00  0.1374851E+00
   01 -0.4822398E+05  0.4386568E+02 -0.6317065E+01 -0.5170645E+00  0.1377176E+00
   01 -0.4814748E+05  0.4386591E+02 -0.6348948E+01 -0.5220856E+00  0.1379459E+00
   01 -0.4807098E+05  0.4386613E+02 -0.6381027E+01 -0.5270829E+00  0.1381705E+00
   01 -0.4799449E+05  0.4386635E+02 -0.6413310E+01 -0.5320451E+00  0.1383918E+00
   01 -0.4791799E+05  0.4386657E+02 -0.6445804E+01 -0.5369558E+00  0.1386105E+00
   01 -0.4784149E+05  0.4386679E+02 -0.6478517E+01 -0.5417967E+00  0.1388274E+00
   01 -0.4776500E+05  0.4386701E+02 -0.6511455E+01 -0.5465497E+00  0.1390432E+00
   01 -0.4768850E+05  0.4386722E+02 -0.6544624E+01 -0.5511983E+00  0.1392588E+00
   01 -0.4761200E+05  0.4386744E+02 -0.6578033E+01 -0.5557286E+00  0.1394749E+00
   01 -0.4753551E+05  0.4386765E+02 -0.6611689E+01 -0.5601294E+00  0.1396924E+00
   01 -0.4745901E+05  0.4386787E+02 -0.6645600E+01 -0.5643930E+00  0.1399118E+00
   01 -0.4738251E+05  0.4386810E+02 -0.6679773E+01 -0.5685145E+00  0.1401340E+00
   01 -0.4730602E+05  0.4386832E+02 -0.6714212E+01 -0.5724911E+00  0.1403594E+00
   01 -0.4722952E+05  0.4386855E+02 -0.6748917E+01 -0.5763218E+00  0.1405883E+00
   01 -0.4715302E+05  0.4386878E+02 -0.6783890E+01 -0.5800066E+00  0.1408213E+00
   01 -0.4707653E+05  0.4386902E+02 -0.6819128E+01 -0.5835461E+00  0.1410585E+00
   01 -0.4700003E+05  0.4386926E+02 -0.6854626E+01 -0.5869416E+00  0.1413002E+00
   01 -0.4692353E+05  0.4386951E+02 -0.6890382E+01 -0.5901937E+00  0.1415466E+00
   01 -0.4684704E+05  0.4386976E+02 -0.6926393E+01 -0.5933031E+00  0.1417981E+00
   01 -0.4677054E+05  0.4387002E+02 -0.6962657E+01 -0.5962694E+00  0.1420551E+00
   01 -0.4669404E+05  0.4387028E+02 -0.6999173E+01 -0.5990918E+00  0.1423178E+00
   01 -0.4661755E+05  0.4387055E+02 -0.7035940E+01 -0.6017694E+00  0.1425868E+00
   01 -0.4654105E+05  0.4387082E+02 -0.7072958E+01 -0.6043022E+00  0.1428625E+00
   01 -0.4646455E+05  0.4387111E+02 -0.7110226E+01 -0.6066920E+00  0.1431452E+00
   01 -0.4638806E+05  0.4387140E+02 -0.7147743E+01 -0.6089428E+00  0.1434353E+00
   01 -0.4631156E+05  0.4387169E+02 -0.7185508E+01 -0.6110606E+00  0.1437328E+00
   01 -0.4628571E+05  0.4387186E+02 -0.7198931E+01 -0.6110195E+00  0.1438948E+00
   01 -0.4620922E+05  0.4387214E+02 -0.7236727E+01 -0.6131481E+00  0.1441830E+00
   01 -0.4613272E+05  0.4387245E+02 -0.7274891E+01 -0.6150653E+00  0.1444860E+00
   01 -0.4605622E+05  0.4387276E+02 -0.7313385E+01 -0.6168356E+00  0.1448011E+00
   01 -0.4597973E+05  0.4387309E+02 -0.7352172E+01 -0.6185124E+00  0.1451262E+00
   01 -0.4590323E+05  0.4387342E+02 -0.7391223E+01 -0.6201174E+00  0.1454601E+00
   01 -0.4582673E+05  0.4387376E+02 -0.7430509E+01 -0.6216520E+00  0.1458023E+00
   01 -0.4575024E+05  0.4387411E+02 -0.7470008E+01 -0.6231136E+00  0.1461524E+00
   01 -0.4567374E+05  0.4387447E+02 -0.7509206E+01 -0.6245086E+00  0.1465101E+00
   01 -0.4559724E+05  0.4387484E+02 -0.7548640E+01 -0.6258438E+00  0.1468741E+00
   01 -0.4552075E+05  0.4387521E+02 -0.7588271E+01 -0.6271294E+00  0.1472436E+00
   01 -0.4544425E+05  0.4387558E+02 -0.7628070E+01 -0.6283790E+00  0.1476181E+00
   01 -0.4536775E+05  0.4387596E+02 -0.7668015E+01 -0.6296069E+00  0.1479970E+00
   01 -0.4529126E+05  0.4387634E+02 -0.7708097E+01 -0.6308275E+00  0.1483801E+00
   01 -0.4521476E+05  0.4387673E+02 -0.7748313E+01 -0.6320539E+00  0.1487673E+00
   01 -0.4513826E+05  0.4387712E+02 -0.7788667E+01 -0.6332983E+00  0.1491588E+00
   01 -0.4506177E+05  0.4387752E+02 -0.7829165E+01 -0.6345706E+00  0.1495546E+00
   01 -0.4498527E+05  0.4387792E+02 -0.7869812E+01 -0.6358788E+00  0.1499550E+00
   01 -0.4490877E+05  0.4387832E+02 -0.7910608E+01 -0.6372282E+00  0.1503599E+00
   01 -0.4483228E+05  0.4387873E+02 -0.7951555E+01 -0.6386225E+00  0.1507694E+00
   01 -0.4475578E+05  0.4387915E+02 -0.7992645E+01 -0.6400652E+00  0.1511833E+00
   01 -0.4467928E+05  0.4387956E+02 -0.8033873E+01 -0.6415613E+00  0.1516014E+00
   01 -0.4460279E+05  0.4387999E+02 -0.8075228E+01 -0.6431168E+00  0.1520233E+00
   01 -0.4452629E+05  0.4388041E+02 -0.8116702E+01 -0.6447381E+00  0.1524486E+00
   01 -0.4444979E+05  0.4388084E+02 -0.8158286E+01 -0.6464316E+00  0.1528770E+00
   01 -0.4437330E+05  0.4388127E+02 -0.8199975E+01 -0.6482033E+00  0.1533083E+00
   01 -0.4429680E+05  0.4388170E+02 -0.8241765E+01 -0.6500590E+00  0.1537420E+00
   01 -0.4422030E+05  0.4388214E+02 -0.8283653E+01 -0.6520048E+00  0.1541781E+00
   01 -0.4414381E+05  0.4388258E+02 -0.8325635E+01 -0.6540474E+00  0.1546160E+00
   01 -0.4406731E+05  0.4388302E+02 -0.8367706E+01 -0.6561940E+00  0.1550555E+00
   01 -0.4399081E+05  0.4388346E+02 -0.8409861E+01 -0.6584523E+00  0.1554961E+00
   01 -0.4391432E+05  0.4388390E+02 -0.8452097E+01 -0.6608310E+00  0.1559372E+00
   01 -0.4383782E+05  0.4388434E+02 -0.8494407E+01 -0.6633406E+00  0.1563783E+00
   01 -0.4376132E+05  0.4388478E+02 -0.8536789E+01 -0.6659921E+00  0.1568188E+00
   01 -0.4368483E+05  0.4388522E+02 -0.8579241E+01 -0.6687950E+00  0.1572582E+00
   01 -0.4360833E+05  0.4388566E+02 -0.8621763E+01 -0.6717558E+00  0.1576962E+00
   01 -0.4353183E+05  0.4388609E+02 -0.8664358E+01 -0.6748769E+00  0.1581324E+00
   01 -0.4345534E+05  0.4388653E+02 -0.8707033E+01 -0.6781577E+00  0.1585668E+00
   01 -0.4337884E+05  0.4388696E+02 -0.8749793E+01 -0.6815942E+00  0.1589994E+00
   01 -0.4330234E+05  0.4388739E+02 -0.8792647E+01 -0.6851814E+00  0.1594303E+00
   01 -0.4322585E+05  0.4388780E+02 -0.8835596E+01 -0.6883033E+00  0.1598389E+00
