# gauge_id= 2 location=( -0.8995826667E+02  0.2926460167E+02 ) num_var=  4
# Stationary gauge
# level, time, q[  1  2  3], eta, aux[]
# file format ascii, time series follow in this file
   01 -0.8640000E+05  0.9714236E+00  0.0000000E+00  0.0000000E+00  0.0000000E+00
   01 -0.8639998E+05  0.9714236E+00 -0.8398148E-07 -0.1194318E-06  0.4399401E-08
   01 -0.8632349E+05  0.9714425E+00 -0.4025141E-03 -0.5892826E-03  0.1888165E-04
   01 -0.8624699E+05  0.9714617E+00 -0.8112780E-03 -0.1153732E-02  0.3810249E-04
   01 -0.8617049E+05  0.9714791E+00 -0.1226217E-02 -0.1716370E-02  0.5550286E-04
   01 -0.8609400E+05  0.9714947E+00 -0.1647159E-02 -0.2277018E-02  0.7108510E-04
   01 -0.8601750E+05  0.9715085E+00 -0.2073928E-02 -0.2835501E-02  0.8485227E-04
   01 -0.8594100E+05  0.9715205E+00 -0.2506348E-02 -0.3391644E-02  0.9680819E-04
   01 -0.8586450E+05  0.9715306E+00 -0.2944237E-02 -0.3945275E-02  0.1069575E-03
   01 -0.8578801E+05  0.9715389E+00 -0.3387411E-02 -0.4496222E-02  0.1153058E-03
   01 -0.8571151E+05  0.9715455E+00 -0.3835688E-02 -0.5044313E-02  0.1218595E-03
   01 -0.8563501E+05  0.9715503E+00 -0.4288878E-02 -0.5589389E-02  0.1266252E-03
   01 -0.8555852E+05  0.9715533E+00 -0.4746796E-02 -0.6131294E-02  0.1296101E-03
   01 -0.8548202E+05  0.9715545E+00 -0.5209250E-02 -0.6669876E-02  0.1308220E-03
   01 -0.8540552E+05  0.9715539E+00 -0.5676053E-02 -0.7204988E-02  0.1302695E-03
   01 -0.8532902E+05  0.9715516E+00 -0.6147011E-02 -0.7736492E-02  0.1279612E-03
   01 -0.8525253E+05  0.9715477E+00 -0.6621948E-02 -0.8266441E-02  0.1240675E-03
   01 -0.8517603E+05  0.9715424E+00 -0.7100691E-02 -0.8796708E-02  0.1187372E-03
   01 -0.8509953E+05  0.9715356E+00 -0.7583064E-02 -0.9327087E-02  0.1119664E-03
   01 -0.8502304E+05  0.9715274E+00 -0.8068890E-02 -0.9857380E-02  0.1037513E-03
   01 -0.8494654E+05  0.9715177E+00 -0.8557990E-02 -0.1038741E-01  0.9408711E-04
   01 -0.8487004E+05  0.9715066E+00 -0.9050184E-02 -0.1091702E-01  0.8296907E-04
   01 -0.8479355E+05  0.9714940E+00 -0.9545292E-02 -0.1144601E-01  0.7039384E-04
   01 -0.8471705E+05  0.9714800E+00 -0.1004313E-01 -0.1197382E-01  0.5638642E-04
   01 -0.8464055E+05  0.9714645E+00 -0.1054353E-01 -0.1250074E-01  0.4090488E-04
   01 -0.8456405E+05  0.9714475E+00 -0.1104629E-01 -0.1302712E-01  0.2389838E-04
   01 -0.8448756E+05  0.9714290E+00 -0.1155126E-01 -0.1355320E-01  0.5322586E-05
   01 -0.8441106E+05  0.9714073E+00 -0.1205978E-01 -0.1405784E-01 -0.1639170E-04
   01 -0.8433456E+05  0.9713826E+00 -0.1256955E-01 -0.1454337E-01 -0.4107035E-04
   01 -0.8425807E+05  0.9713552E+00 -0.1308077E-01 -0.1501272E-01 -0.6848601E-04
   01 -0.8418157E+05  0.9713259E+00 -0.1359323E-01 -0.1547942E-01 -0.9770773E-04
   01 -0.8410507E+05  0.9712948E+00 -0.1410687E-01 -0.1594441E-01 -0.1288047E-03
   01 -0.8402857E+05  0.9712619E+00 -0.1462157E-01 -0.1640713E-01 -0.1617435E-03
   01 -0.8395208E+05  0.9712271E+00 -0.1513722E-01 -0.1686824E-01 -0.1965892E-03
   01 -0.8387558E+05  0.9711902E+00 -0.1565367E-01 -0.1732829E-01 -0.2334126E-03
   01 -0.8379908E+05  0.9711512E+00 -0.1617077E-01 -0.1778910E-01 -0.2723972E-03
   01 -0.8372259E+05  0.9711099E+00 -0.1668839E-01 -0.1825295E-01 -0.3137854E-03
   01 -0.8364609E+05  0.9710657E+00 -0.1720639E-01 -0.1872258E-01 -0.3579042E-03
   01 -0.8356959E+05  0.9710184E+00 -0.1772462E-01 -0.1920292E-01 -0.4052661E-03
   01 -0.8349309E+05  0.9709675E+00 -0.1824296E-01 -0.1969525E-01 -0.4561432E-03
   01 -0.8341660E+05  0.9709128E+00 -0.1876127E-01 -0.2020148E-01 -0.5108534E-03
   01 -0.8334010E+05  0.9708539E+00 -0.1927941E-01 -0.2072339E-01 -0.5697157E-03
   01 -0.8331429E+05  0.9708370E+00 -0.1945228E-01 -0.2085859E-01 -0.5866500E-03
   01 -0.8323779E+05  0.9707718E+00 -0.1997000E-01 -0.2140945E-01 -0.6518823E-03
   01 -0.8316129E+05  0.9707012E+00 -0.2048719E-01 -0.2198250E-01 -0.7223995E-03
   01 -0.8308479E+05  0.9706254E+00 -0.2100370E-01 -0.2257621E-01 -0.7982111E-03
   01 -0.8300830E+05  0.9705442E+00 -0.2151938E-01 -0.2319055E-01 -0.8794221E-03
   01 -0.8293180E+05  0.9704576E+00 -0.2203406E-01 -0.2382477E-01 -0.9660849E-03
   01 -0.8285530E+05  0.9701605E+00 -0.2254120E-01 -0.2650104E-01 -0.1263141E-02
   01 -0.8277881E+05  0.9696185E+00 -0.2303577E-01 -0.3140275E-01 -0.1805175E-02
   01 -0.8270231E+05  0.9688294E+00 -0.2351095E-01 -0.3835326E-01 -0.2594261E-02
   01 -0.8262581E+05  0.9678008E+00 -0.2395865E-01 -0.4706798E-01 -0.3622794E-02
   01 -0.8254931E+05  0.9665479E+00 -0.2437080E-01 -0.5717874E-01 -0.4875778E-02
   01 -0.8247282E+05  0.9647674E+00 -0.2472178E-01 -0.7134465E-01 -0.6656251E-02
   01 -0.8239632E+05  0.9628312E+00 -0.2501686E-01 -0.8544174E-01 -0.8592443E-02
   01 -0.8231982E+05  0.9608964E+00 -0.2526373E-01 -0.9784700E-01 -0.1052728E-01
   01 -0.8224333E+05  0.9589671E+00 -0.2546762E-01 -0.1086084E+00 -0.1245658E-01
   01 -0.8216683E+05  0.9570477E+00 -0.2563470E-01 -0.1178082E+00 -0.1437596E-01
   01 -0.8209033E+05  0.9551427E+00 -0.2577143E-01 -0.1255532E+00 -0.1628098E-01
   01 -0.8201384E+05  0.9532553E+00 -0.2588416E-01 -0.1319779E+00 -0.1816834E-01
   01 -0.8193734E+05  0.9513939E+00 -0.2597923E-01 -0.1371734E+00 -0.2002973E-01
   01 -0.8186084E+05  0.9495781E+00 -0.2606344E-01 -0.1411328E+00 -0.2184556E-01
   01 -0.8178434E+05  0.9478239E+00 -0.2614328E-01 -0.1438958E+00 -0.2359973E-01
   01 -0.8170785E+05  0.9461449E+00 -0.2622469E-01 -0.1455273E+00 -0.2527871E-01
   01 -0.8163135E+05  0.9445523E+00 -0.2631300E-01 -0.1461093E+00 -0.2687139E-01
   01 -0.8155485E+05  0.9430548E+00 -0.2641286E-01 -0.1457336E+00 -0.2836884E-01
   01 -0.8147836E+05  0.9416589E+00 -0.2652822E-01 -0.1445027E+00 -0.2976474E-01
   01 -0.8140186E+05  0.9403683E+00 -0.2666232E-01 -0.1425237E+00 -0.3105536E-01
   01 -0.8132536E+05  0.9391847E+00 -0.2681777E-01 -0.1399004E+00 -0.3223898E-01
   01 -0.8124886E+05  0.9381080E+00 -0.2699663E-01 -0.1367339E+00 -0.3331566E-01
   01 -0.8117237E+05  0.9371370E+00 -0.2720043E-01 -0.1331131E+00 -0.3428660E-01
   01 -0.8109587E+05  0.9362701E+00 -0.2743038E-01 -0.1291131E+00 -0.3515358E-01
   01 -0.8101937E+05  0.9355048E+00 -0.2768738E-01 -0.1247989E+00 -0.3591888E-01
   01 -0.8094288E+05  0.9348386E+00 -0.2797214E-01 -0.1202241E+00 -0.3658502E-01
   01 -0.8086638E+05  0.9342691E+00 -0.2828524E-01 -0.1154316E+00 -0.3715453E-01
   01 -0.8078988E+05  0.9337938E+00 -0.2862718E-01 -0.1104539E+00 -0.3762984E-01
   01 -0.8071339E+05  0.9334104E+00 -0.2899844E-01 -0.1053150E+00 -0.3801319E-01
   01 -0.8063689E+05  0.9330827E+00 -0.2939644E-01 -0.1003486E+00 -0.3834097E-01
   01 -0.8056039E+05  0.9327736E+00 -0.2981673E-01 -0.9585221E-01 -0.3865000E-01
   01 -0.8048389E+05  0.9324819E+00 -0.3025653E-01 -0.9176334E-01 -0.3894178E-01
   01 -0.8040740E+05  0.9322061E+00 -0.3071347E-01 -0.8802924E-01 -0.3921752E-01
   01 -0.8033090E+05  0.9319453E+00 -0.3118574E-01 -0.8460545E-01 -0.3947831E-01
   01 -0.8025440E+05  0.9316986E+00 -0.3167153E-01 -0.8145429E-01 -0.3972505E-01
   01 -0.8022857E+05  0.9316160E+00 -0.3182528E-01 -0.8045177E-01 -0.3980766E-01
   01 -0.8015207E+05  0.9313868E+00 -0.3232744E-01 -0.7761565E-01 -0.4003689E-01
   01 -0.8007558E+05  0.9311698E+00 -0.3283967E-01 -0.7498392E-01 -0.4025380E-01
   01 -0.7999908E+05  0.9309648E+00 -0.3336078E-01 -0.7253324E-01 -0.4045887E-01
   01 -0.7992258E+05  0.9307710E+00 -0.3388969E-01 -0.7024360E-01 -0.4065260E-01
   01 -0.7984609E+05  0.9305882E+00 -0.3442543E-01 -0.6809780E-01 -0.4083542E-01
   01 -0.7976959E+05  0.9304159E+00 -0.3496711E-01 -0.6608097E-01 -0.4100775E-01
   01 -0.7969309E+05  0.9302573E+00 -0.3551362E-01 -0.6422825E-01 -0.4116637E-01
   01 -0.7961660E+05  0.9301136E+00 -0.3606376E-01 -0.6254855E-01 -0.4131005E-01
   01 -0.7954010E+05  0.9300941E+00 -0.3662659E-01 -0.5997259E-01 -0.4132958E-01
   01 -0.7946360E+05  0.9302441E+00 -0.3721253E-01 -0.5612424E-01 -0.4117955E-01
   01 -0.7938710E+05  0.9305622E+00 -0.3782806E-01 -0.5125463E-01 -0.4086144E-01
   01 -0.7931061E+05  0.9310280E+00 -0.3847780E-01 -0.4532185E-01 -0.4039566E-01
   01 -0.7923411E+05  0.9316346E+00 -0.3916281E-01 -0.3843582E-01 -0.3978900E-01
   01 -0.7915761E+05  0.9323756E+00 -0.3987883E-01 -0.3068440E-01 -0.3904805E-01
   01 -0.7908112E+05  0.9332473E+00 -0.4061390E-01 -0.2211140E-01 -0.3817634E-01
   01 -0.7900462E+05  0.9342459E+00 -0.4134485E-01 -0.1276139E-01 -0.3717771E-01
   01 -0.7892812E+05  0.9353668E+00 -0.4203523E-01 -0.2695706E-02 -0.3605681E-01
   01 -0.7885163E+05  0.9366067E+00 -0.4263910E-01  0.7962013E-02 -0.3481693E-01
   01 -0.7877513E+05  0.9379638E+00 -0.4311169E-01  0.1902804E-01 -0.3345989E-01
   01 -0.7869863E+05  0.9394319E+00 -0.4341874E-01  0.3034515E-01 -0.3199173E-01
   01 -0.7862213E+05  0.9410047E+00 -0.4354025E-01  0.4174429E-01 -0.3041890E-01
   01 -0.7854564E+05  0.9426754E+00 -0.4346974E-01  0.5305764E-01 -0.2874824E-01
   01 -0.7846914E+05  0.9444369E+00 -0.4321180E-01  0.6413022E-01 -0.2698678E-01
   01 -0.7839264E+05  0.9463862E+00 -0.4276171E-01  0.7582200E-01 -0.2503743E-01
   01 -0.7831615E+05  0.9485349E+00 -0.4211823E-01  0.8806694E-01 -0.2288871E-01
   01 -0.7823965E+05  0.9508603E+00 -0.4129163E-01  0.1004705E+00 -0.2056335E-01
   01 -0.7816315E+05  0.9533422E+00 -0.4030205E-01  0.1127114E+00 -0.1808147E-01
   01 -0.7808666E+05  0.9559628E+00 -0.3917622E-01  0.1245502E+00 -0.1546081E-01
   01 -0.7801016E+05  0.9585749E+00 -0.3796431E-01  0.1346387E+00 -0.1284873E-01
   01 -0.7793366E+05  0.9611749E+00 -0.3671275E-01  0.1431221E+00 -0.1024879E-01
   01 -0.7785716E+05  0.9637607E+00 -0.3545948E-01  0.1501689E+00 -0.7662987E-02
   01 -0.7778067E+05  0.9663305E+00 -0.3423423E-01  0.1559472E+00 -0.5093092E-02
   01 -0.7770417E+05  0.9688828E+00 -0.3305932E-01  0.1606204E+00 -0.2540835E-02
   01 -0.7762767E+05  0.9714136E+00 -0.3195011E-01  0.1643668E+00 -0.1008155E-04
   01 -0.7755118E+05  0.9739211E+00 -0.3091688E-01  0.1673220E+00  0.2497480E-02
   01 -0.7747468E+05  0.9764040E+00 -0.2996581E-01  0.1696035E+00  0.4980326E-02
   01 -0.7739818E+05  0.9788607E+00 -0.2909994E-01  0.1713121E+00  0.7437077E-02
   01 -0.7732169E+05  0.9812864E+00 -0.2832037E-01  0.1725005E+00  0.9862788E-02
   01 -0.7724519E+05  0.9836746E+00 -0.2762700E-01  0.1731985E+00  0.1225094E-01
   01 -0.7716869E+05  0.9860195E+00 -0.2701887E-01  0.1734377E+00  0.1459582E-01
   01 -0.7714286E+05  0.9867950E+00 -0.2683587E-01  0.1735669E+00  0.1537134E-01
   01 -0.7706636E+05  0.9890747E+00 -0.2633685E-01  0.1732202E+00  0.1765101E-01
   01 -0.7698986E+05  0.9913009E+00 -0.2591880E-01  0.1724965E+00  0.1987727E-01
   01 -0.7691337E+05  0.9934708E+00 -0.2557889E-01  0.1714287E+00  0.2204712E-01
   01 -0.7683687E+05  0.9955820E+00 -0.2531406E-01  0.1700505E+00  0.2415837E-01
   01 -0.7676037E+05  0.9976337E+00 -0.2512108E-01  0.1684013E+00  0.2621005E-01
   01 -0.7668387E+05  0.9996222E+00 -0.2499690E-01  0.1664871E+00  0.2819860E-01
   01 -0.7660738E+05  0.1001545E+01 -0.2493864E-01  0.1643234E+00  0.3012162E-01
   01 -0.7653088E+05  0.1003402E+01 -0.2494354E-01  0.1619345E+00  0.3197824E-01
   01 -0.7645438E+05  0.1005192E+01 -0.2500883E-01  0.1593500E+00  0.3376875E-01
   01 -0.7637789E+05  0.1006919E+01 -0.2513162E-01  0.1566157E+00  0.3549582E-01
   01 -0.7630139E+05  0.1008586E+01 -0.2530890E-01  0.1537701E+00  0.3716226E-01
   01 -0.7622489E+05  0.1010194E+01 -0.2553772E-01  0.1508427E+00  0.3877064E-01
   01 -0.7614840E+05  0.1011747E+01 -0.2581517E-01  0.1478590E+00  0.4032349E-01
   01 -0.7607190E+05  0.1013247E+01 -0.2613845E-01  0.1448400E+00  0.4182329E-01
   01 -0.7599540E+05  0.1014696E+01 -0.2650486E-01  0.1418035E+00  0.4327248E-01
   01 -0.7591890E+05  0.1016097E+01 -0.2691191E-01  0.1387608E+00  0.4467317E-01
   01 -0.7584241E+05  0.1017451E+01 -0.2735723E-01  0.1357214E+00  0.4602736E-01
   01 -0.7576591E+05  0.1018761E+01 -0.2783867E-01  0.1326930E+00  0.4733691E-01
   01 -0.7568941E+05  0.1020027E+01 -0.2835422E-01  0.1296812E+00  0.4860357E-01
   01 -0.7561292E+05  0.1021253E+01 -0.2890204E-01  0.1266905E+00  0.4982903E-01
   01 -0.7553642E+05  0.1022439E+01 -0.2948042E-01  0.1237254E+00  0.5101497E-01
   01 -0.7545992E+05  0.1023587E+01 -0.3008781E-01  0.1207878E+00  0.5216287E-01
   01 -0.7538343E+05  0.1024698E+01 -0.3072280E-01  0.1178779E+00  0.5327401E-01
   01 -0.7530693E+05  0.1025773E+01 -0.3138410E-01  0.1149953E+00  0.5434951E-01
   01 -0.7523043E+05  0.1026814E+01 -0.3207058E-01  0.1121390E+00  0.5539042E-01
   01 -0.7515393E+05  0.1027823E+01 -0.3278096E-01  0.1093263E+00  0.5639969E-01
   01 -0.7507744E+05  0.1028804E+01 -0.3351375E-01  0.1065764E+00  0.5738062E-01
   01 -0.7500094E+05  0.1029758E+01 -0.3426757E-01  0.1038846E+00  0.5833422E-01
   01 -0.7492444E+05  0.1030685E+01 -0.3504116E-01  0.1012480E+00  0.5926152E-01
   01 -0.7484795E+05  0.1031587E+01 -0.3583334E-01  0.9866468E-01  0.6016363E-01
   01 -0.7477145E+05  0.1032465E+01 -0.3664299E-01  0.9613388E-01  0.6104170E-01
   01 -0.7469495E+05  0.1033320E+01 -0.3746906E-01  0.9365331E-01  0.6189672E-01
   01 -0.7461846E+05  0.1034153E+01 -0.3831052E-01  0.9122340E-01  0.6272983E-01
   01 -0.7454196E+05  0.1034966E+01 -0.3916633E-01  0.8884472E-01  0.6354216E-01
   01 -0.7446546E+05  0.1035758E+01 -0.4003547E-01  0.8651787E-01  0.6433484E-01
   01 -0.7438897E+05  0.1036531E+01 -0.4091704E-01  0.8423308E-01  0.6510785E-01
   01 -0.7431247E+05  0.1037285E+01 -0.4181034E-01  0.8198107E-01  0.6586111E-01
   01 -0.7423597E+05  0.1038018E+01 -0.4271475E-01  0.7975389E-01  0.6659456E-01
   01 -0.7415947E+05  0.1038732E+01 -0.4362978E-01  0.7754466E-01  0.6730815E-01
   01 -0.7408298E+05  0.1039425E+01 -0.4455500E-01  0.7534741E-01  0.6800181E-01
   01 -0.7405714E+05  0.1039654E+01 -0.4486219E-01  0.7462597E-01  0.6823041E-01
   01 -0.7398065E+05  0.1040321E+01 -0.4580056E-01  0.7243716E-01  0.6889759E-01
   01 -0.7390415E+05  0.1040968E+01 -0.4674830E-01  0.7024948E-01  0.6954479E-01
   01 -0.7382765E+05  0.1041596E+01 -0.4770513E-01  0.6805944E-01  0.7017200E-01
   01 -0.7375116E+05  0.1042203E+01 -0.4867073E-01  0.6586398E-01  0.7077925E-01
   01 -0.7367466E+05  0.1042790E+01 -0.4964480E-01  0.6365963E-01  0.7136644E-01
   01 -0.7359816E+05  0.1043356E+01 -0.5062716E-01  0.6143526E-01  0.7193267E-01
   01 -0.7352166E+05  0.1043901E+01 -0.5161775E-01  0.5918019E-01  0.7247697E-01
   01 -0.7344517E+05  0.1044422E+01 -0.5261654E-01  0.5688583E-01  0.7299852E-01
   01 -0.7336867E+05  0.1044920E+01 -0.5362356E-01  0.5454506E-01  0.7349656E-01
   01 -0.7329217E+05  0.1045394E+01 -0.5463880E-01  0.5215179E-01  0.7397037E-01
   01 -0.7321568E+05  0.1045843E+01 -0.5566218E-01  0.4970094E-01  0.7441931E-01
   01 -0.7313918E+05  0.1046266E+01 -0.5669357E-01  0.4718832E-01  0.7484279E-01
   01 -0.7306268E+05  0.1046664E+01 -0.5773269E-01  0.4461013E-01  0.7524022E-01
   01 -0.7298619E+05  0.1047035E+01 -0.5877915E-01  0.4196287E-01  0.7561102E-01
   01 -0.7290969E+05  0.1047378E+01 -0.5983238E-01  0.3924351E-01  0.7595464E-01
   01 -0.7283319E+05  0.1047694E+01 -0.6089162E-01  0.3644946E-01  0.7627055E-01
   01 -0.7275669E+05  0.1047982E+01 -0.6195591E-01  0.3357869E-01  0.7655826E-01
   01 -0.7268020E+05  0.1048241E+01 -0.6302402E-01  0.3062962E-01  0.7681727E-01
   01 -0.7260370E+05  0.1048471E+01 -0.6409450E-01  0.2760126E-01  0.7704717E-01
   01 -0.7252720E+05  0.1048671E+01 -0.6516560E-01  0.2449314E-01  0.7724753E-01
   01 -0.7245071E+05  0.1048842E+01 -0.6623531E-01  0.2130542E-01  0.7741797E-01
   01 -0.7237421E+05  0.1048982E+01 -0.6730133E-01  0.1803922E-01  0.7755818E-01
   01 -0.7229771E+05  0.1049092E+01 -0.6836107E-01  0.1469631E-01  0.7766789E-01
   01 -0.7222122E+05  0.1049170E+01 -0.6941173E-01  0.1127888E-01  0.7774681E-01
   01 -0.7214472E+05  0.1049223E+01 -0.7045144E-01  0.7839302E-02  0.7779972E-01
   01 -0.7206822E+05  0.1049264E+01 -0.7147384E-01  0.4518440E-02  0.7784059E-01
   01 -0.7199173E+05  0.1049293E+01 -0.7247508E-01  0.1312156E-02  0.7786979E-01
   01 -0.7191523E+05  0.1049311E+01 -0.7345194E-01 -0.1783095E-02  0.7788768E-01
   01 -0.7183873E+05  0.1049318E+01 -0.7440176E-01 -0.4770494E-02  0.7789462E-01
   01 -0.7176224E+05  0.1049315E+01 -0.7532243E-01 -0.7652802E-02  0.7789095E-01
   01 -0.7168574E+05  0.1049302E+01 -0.7621246E-01 -0.1045375E-01  0.7787856E-01
   01 -0.7160924E+05  0.1049281E+01 -0.7707074E-01 -0.1317721E-01  0.7785786E-01
   01 -0.7153274E+05  0.1049253E+01 -0.7789646E-01 -0.1582382E-01  0.7782904E-01
   01 -0.7145625E+05  0.1049216E+01 -0.7868918E-01 -0.1839507E-01  0.7779224E-01
   01 -0.7137975E+05  0.1049171E+01 -0.7944870E-01 -0.2089215E-01  0.7774760E-01
   01 -0.7130325E+05  0.1049119E+01 -0.8017511E-01 -0.2331573E-01  0.7769530E-01
   01 -0.7122676E+05  0.1049059E+01 -0.8086872E-01 -0.2566660E-01  0.7763553E-01
   01 -0.7115026E+05  0.1048992E+01 -0.8153003E-01 -0.2794560E-01  0.7756845E-01
   01 -0.7107376E+05  0.1048918E+01 -0.8215973E-01 -0.3015372E-01  0.7749426E-01
   01 -0.7099727E+05  0.1048837E+01 -0.8275864E-01 -0.3229199E-01  0.7741313E-01
   01 -0.7097143E+05  0.1048810E+01 -0.8291731E-01 -0.3294739E-01  0.7738630E-01
   01 -0.7089493E+05  0.1048720E+01 -0.8347935E-01 -0.3499657E-01  0.7729631E-01
   01 -0.7081843E+05  0.1048623E+01 -0.8401277E-01 -0.3697850E-01  0.7719978E-01
   01 -0.7074194E+05  0.1048521E+01 -0.8451874E-01 -0.3889409E-01  0.7709694E-01
   01 -0.7066544E+05  0.1048412E+01 -0.8499846E-01 -0.4074380E-01  0.7698803E-01
   01 -0.7058894E+05  0.1048297E+01 -0.8545317E-01 -0.4252910E-01  0.7687322E-01
   01 -0.7051245E+05  0.1048173E+01 -0.8588372E-01 -0.4428095E-01  0.7674970E-01
   01 -0.7043595E+05  0.1047998E+01 -0.8628459E-01 -0.4642401E-01  0.7657407E-01
   01 -0.7035945E+05  0.1047771E+01 -0.8665385E-01 -0.4891949E-01  0.7634719E-01
   01 -0.7028296E+05  0.1047494E+01 -0.8698949E-01 -0.5172860E-01  0.7607005E-01
   01 -0.7020646E+05  0.1047162E+01 -0.8734731E-01 -0.5474176E-01  0.7573856E-01
   01 -0.7012996E+05  0.1046776E+01 -0.8764447E-01 -0.5790057E-01  0.7535232E-01
   01 -0.7005347E+05  0.1046339E+01 -0.8789481E-01 -0.6120839E-01  0.7491567E-01
   01 -0.6997697E+05  0.1045854E+01 -0.8810258E-01 -0.6463117E-01  0.7443080E-01
   01 -0.6990047E+05  0.1045324E+01 -0.8826906E-01 -0.6813404E-01  0.7389990E-01
   01 -0.6982397E+05  0.1044749E+01 -0.8839506E-01 -0.7168383E-01  0.7332514E-01
   01 -0.6974748E+05  0.1044132E+01 -0.8848144E-01 -0.7524933E-01  0.7270876E-01
   01 -0.6967098E+05  0.1043477E+01 -0.8852940E-01 -0.7880052E-01  0.7205316E-01
   01 -0.6959448E+05  0.1042785E+01 -0.8854056E-01 -0.8230880E-01  0.7136090E-01
   01 -0.6951799E+05  0.1042058E+01 -0.8851691E-01 -0.8574774E-01  0.7063462E-01
   01 -0.6944149E+05  0.1041301E+01 -0.8846090E-01 -0.8909321E-01  0.6987701E-01
   01 -0.6936499E+05  0.1040514E+01 -0.8837532E-01 -0.9232366E-01  0.6909080E-01
   01 -0.6928850E+05  0.1039703E+01 -0.8826300E-01 -0.9542530E-01  0.6827927E-01
   01 -0.6921200E+05  0.1038870E+01 -0.8812670E-01 -0.9839311E-01  0.6744614E-01
   01 -0.6913550E+05  0.1038018E+01 -0.8796990E-01 -0.1012107E+00  0.6659415E-01
   01 -0.6905901E+05  0.1037150E+01 -0.8779618E-01 -0.1038650E+00  0.6572602E-01
   01 -0.6898251E+05  0.1036268E+01 -0.8760930E-01 -0.1063415E+00  0.6484480E-01
   01 -0.6890601E+05  0.1035375E+01 -0.8741266E-01 -0.1086451E+00  0.6395181E-01
   01 -0.6882952E+05  0.1034472E+01 -0.8720936E-01 -0.1107837E+00  0.6304804E-01
   01 -0.6875302E+05  0.1033558E+01 -0.8700229E-01 -0.1127634E+00  0.6213457E-01
   01 -0.6867652E+05  0.1032636E+01 -0.8679409E-01 -0.1145908E+00  0.6121250E-01
   01 -0.6860002E+05  0.1031706E+01 -0.8658714E-01 -0.1162741E+00  0.6028275E-01
   01 -0.6852353E+05  0.1030770E+01 -0.8638356E-01 -0.1178204E+00  0.5934623E-01
   01 -0.6844703E+05  0.1029827E+01 -0.8618523E-01 -0.1192369E+00  0.5840381E-01
   01 -0.6837053E+05  0.1028880E+01 -0.8599384E-01 -0.1205299E+00  0.5745639E-01
   01 -0.6829404E+05  0.1027928E+01 -0.8581083E-01 -0.1217054E+00  0.5650484E-01
   01 -0.6821754E+05  0.1026974E+01 -0.8563750E-01 -0.1227692E+00  0.5555004E-01
   01 -0.6814104E+05  0.1026016E+01 -0.8547494E-01 -0.1237264E+00  0.5459283E-01
   01 -0.6806455E+05  0.1025058E+01 -0.8532411E-01 -0.1245821E+00  0.5363405E-01
   01 -0.6798805E+05  0.1024096E+01 -0.8518519E-01 -0.1253632E+00  0.5267211E-01
   01 -0.6791155E+05  0.1023127E+01 -0.8505747E-01 -0.1261100E+00  0.5170361E-01
   01 -0.6788571E+05  0.1022799E+01 -0.8496552E-01 -0.1263076E+00  0.5137539E-01
   01 -0.6780922E+05  0.1021826E+01 -0.8485819E-01 -0.1269840E+00  0.5040217E-01
   01 -0.6773272E+05  0.1020852E+01 -0.8476260E-01 -0.1275789E+00  0.4942877E-01
   01 -0.6765622E+05  0.1019881E+01 -0.8467961E-01 -0.1280826E+00  0.4845732E-01
   01 -0.6757973E+05  0.1018913E+01 -0.8461012E-01 -0.1284896E+00  0.4748968E-01
   01 -0.6750323E+05  0.1017951E+01 -0.8455495E-01 -0.1287982E+00  0.4652739E-01
   01 -0.6742673E+05  0.1016995E+01 -0.8451486E-01 -0.1290100E+00  0.4557167E-01
   01 -0.6735024E+05  0.1016047E+01 -0.8449043E-01 -0.1291294E+00  0.4462341E-01
   01 -0.6727374E+05  0.1015107E+01 -0.8448206E-01 -0.1291633E+00  0.4368319E-01
   01 -0.6719724E+05  0.1014175E+01 -0.8448993E-01 -0.1291203E+00  0.4275129E-01
   01 -0.6712075E+05  0.1013251E+01 -0.8451400E-01 -0.1290109E+00  0.4182767E-01
   01 -0.6704425E+05  0.1012336E+01 -0.8455400E-01 -0.1288465E+00  0.4091204E-01
   01 -0.6696775E+05  0.1011427E+01 -0.8460942E-01 -0.1286398E+00  0.4000380E-01
   01 -0.6689126E+05  0.1010526E+01 -0.8467952E-01 -0.1284039E+00  0.3910213E-01
   01 -0.6681476E+05  0.1009630E+01 -0.8476336E-01 -0.1281519E+00  0.3820598E-01
   01 -0.6673826E+05  0.1008738E+01 -0.8485979E-01 -0.1278966E+00  0.3731419E-01
   01 -0.6666176E+05  0.1007849E+01 -0.8496757E-01 -0.1276483E+00  0.3642566E-01
   01 -0.6658527E+05  0.1006963E+01 -0.8508542E-01 -0.1274155E+00  0.3553934E-01
   01 -0.6650877E+05  0.1006078E+01 -0.8521197E-01 -0.1272053E+00  0.3465419E-01
   01 -0.6643227E+05  0.1005193E+01 -0.8534587E-01 -0.1270240E+00  0.3376919E-01
   01 -0.6635578E+05  0.1004307E+01 -0.8548575E-01 -0.1268769E+00  0.3288332E-01
   01 -0.6627928E+05  0.1003419E+01 -0.8563025E-01 -0.1267686E+00  0.3199554E-01
   01 -0.6620278E+05  0.1002528E+01 -0.8577804E-01 -0.1267033E+00  0.3110482E-01
   01 -0.6612629E+05  0.1001634E+01 -0.8592778E-01 -0.1266846E+00  0.3021012E-01
   01 -0.6604979E+05  0.1000734E+01 -0.8607820E-01 -0.1267156E+00  0.2931040E-01
   01 -0.6597329E+05  0.9998283E+00 -0.8622804E-01 -0.1267989E+00  0.2840461E-01
   01 -0.6589680E+05  0.9989154E+00 -0.8637610E-01 -0.1269366E+00  0.2749175E-01
   01 -0.6582030E+05  0.9979945E+00 -0.8652123E-01 -0.1271304E+00  0.2657083E-01
   01 -0.6574380E+05  0.9970645E+00 -0.8666231E-01 -0.1273818E+00  0.2564082E-01
   01 -0.6566731E+05  0.9961244E+00 -0.8679830E-01 -0.1276917E+00  0.2470076E-01
   01 -0.6559081E+05  0.9951734E+00 -0.8692821E-01 -0.1280597E+00  0.2374977E-01
   01 -0.6551431E+05  0.9942138E+00 -0.8705203E-01 -0.1284567E+00  0.2279014E-01
   01 -0.6543782E+05  0.9932689E+00 -0.8717615E-01 -0.1286645E+00  0.2184525E-01
   01 -0.6536132E+05  0.9923395E+00 -0.8730420E-01 -0.1287025E+00  0.2091583E-01
   01 -0.6528482E+05  0.9914262E+00 -0.8743915E-01 -0.1285884E+00  0.2000260E-01
   01 -0.6520833E+05  0.9905298E+00 -0.8758345E-01 -0.1283373E+00  0.1910619E-01
   01 -0.6513183E+05  0.9896509E+00 -0.8773906E-01 -0.1279629E+00  0.1822722E-01
   01 -0.6505533E+05  0.9887899E+00 -0.8790756E-01 -0.1274768E+00  0.1736629E-01
   01 -0.6497883E+05  0.9879476E+00 -0.8809017E-01 -0.1268895E+00  0.1652394E-01
   01 -0.6490234E+05  0.9871244E+00 -0.8828784E-01 -0.1262098E+00  0.1570072E-01
   01 -0.6482584E+05  0.9863208E+00 -0.8850128E-01 -0.1254458E+00  0.1489714E-01
   01 -0.6480000E+05  0.9860545E+00 -0.8850511E-01 -0.1250974E+00  0.1463086E-01
   01 -0.6472350E+05  0.9852780E+00 -0.8874827E-01 -0.1242425E+00  0.1385437E-01
   01 -0.6464701E+05  0.9845222E+00 -0.8902062E-01 -0.1233302E+00  0.1309852E-01
   01 -0.6457051E+05  0.9837873E+00 -0.8932111E-01 -0.1223638E+00  0.1236371E-01
   01 -0.6449401E+05  0.9830740E+00 -0.8964869E-01 -0.1213465E+00  0.1165032E-01
   01 -0.6441752E+05  0.9823824E+00 -0.9000237E-01 -0.1202809E+00  0.1095874E-01
   01 -0.6434102E+05  0.9817130E+00 -0.9038120E-01 -0.1191693E+00  0.1028933E-01
   01 -0.6426452E+05  0.9810661E+00 -0.9078425E-01 -0.1180137E+00  0.9642449E-02
   01 -0.6418802E+05  0.9804421E+00 -0.9121066E-01 -0.1168158E+00  0.9018435E-02
   01 -0.6411153E+05  0.9798413E+00 -0.9165959E-01 -0.1155772E+00  0.8417628E-02
   01 -0.6403503E+05  0.9792640E+00 -0.9213025E-01 -0.1142992E+00  0.7840357E-02
   01 -0.6395853E+05  0.9787108E+00 -0.9262194E-01 -0.1129801E+00  0.7287164E-02
   01 -0.6388204E+05  0.9781822E+00 -0.9313405E-01 -0.1116190E+00  0.6758572E-02
   01 -0.6380554E+05  0.9776787E+00 -0.9366601E-01 -0.1102158E+00  0.6255075E-02
   01 -0.6372904E+05  0.9772008E+00 -0.9421729E-01 -0.1087701E+00  0.5777142E-02
   01 -0.6365255E+05  0.9767488E+00 -0.9478738E-01 -0.1072819E+00  0.5325208E-02
   01 -0.6357605E+05  0.9763233E+00 -0.9537578E-01 -0.1057516E+00  0.4899679E-02
   01 -0.6349955E+05  0.9759246E+00 -0.9598201E-01 -0.1041794E+00  0.4500924E-02
   01 -0.6342306E+05  0.9755529E+00 -0.9660556E-01 -0.1025658E+00  0.4129277E-02
   01 -0.6334656E+05  0.9752087E+00 -0.9724593E-01 -0.1009117E+00  0.3785035E-02
   01 -0.6327006E+05  0.9748886E+00 -0.9790159E-01 -0.9925018E-01  0.3464997E-02
   01 -0.6319357E+05  0.9745749E+00 -0.9856615E-01 -0.9774790E-01  0.3151233E-02
   01 -0.6311707E+05  0.9742669E+00 -0.9923579E-01 -0.9638888E-01  0.2843238E-02
   01 -0.6304057E+05  0.9739642E+00 -0.9990734E-01 -0.9515904E-01  0.2540561E-02
   01 -0.6296407E+05  0.9736664E+00 -0.1005782E+00 -0.9404598E-01  0.2242796E-02
   01 -0.6288758E+05  0.9733732E+00 -0.1012462E+00 -0.9303867E-01  0.1949580E-02
   01 -0.6281108E+05  0.9730842E+00 -0.1019097E+00 -0.9212736E-01  0.1660585E-02
   01 -0.6273458E+05  0.9727992E+00 -0.1025673E+00 -0.9130333E-01  0.1375516E-02
   01 -0.6265809E+05  0.9725177E+00 -0.1032178E+00 -0.9055879E-01  0.1094104E-02
   01 -0.6258159E+05  0.9722398E+00 -0.1038605E+00 -0.8988677E-01  0.8161092E-03
   01 -0.6250509E+05  0.9719650E+00 -0.1044949E+00 -0.8928101E-01  0.5413116E-03
   01 -0.6242860E+05  0.9716932E+00 -0.1051206E+00 -0.8873586E-01  0.2695117E-03
   01 -0.6235210E+05  0.9714307E+00 -0.1057392E+00 -0.8818489E-01  0.7055781E-05
   01 -0.6227560E+05  0.9711989E+00 -0.1063573E+00 -0.8742879E-01 -0.2247478E-03
   01 -0.6219911E+05  0.9709980E+00 -0.1069787E+00 -0.8648920E-01 -0.4256294E-03
   01 -0.6212261E+05  0.9708282E+00 -0.1076062E+00 -0.8538579E-01 -0.5954155E-03
   01 -0.6204611E+05  0.9706896E+00 -0.1082423E+00 -0.8413650E-01 -0.7340333E-03
   01 -0.6196961E+05  0.9705821E+00 -0.1088885E+00 -0.8275784E-01 -0.8415159E-03
   01 -0.6189312E+05  0.9705056E+00 -0.1095459E+00 -0.8126513E-01 -0.9180052E-03
   01 -0.6181662E+05  0.9704599E+00 -0.1102152E+00 -0.7967268E-01 -0.9637534E-03
   01 -0.6174012E+05  0.9704445E+00 -0.1108966E+00 -0.7799395E-01 -0.9791208E-03
   01 -0.6171429E+05  0.9704463E+00 -0.1110160E+00 -0.7730714E-01 -0.9773783E-03
   01 -0.6163779E+05  0.9704712E+00 -0.1117262E+00 -0.7554352E-01 -0.9524630E-03
   01 -0.6156129E+05  0.9705252E+00 -0.1124460E+00 -0.7372146E-01 -0.8984808E-03
   01 -0.6148480E+05  0.9706075E+00 -0.1131749E+00 -0.7185238E-01 -0.8161095E-03
   01 -0.6140830E+05  0.9707176E+00 -0.1139119E+00 -0.6994692E-01 -0.7060827E-03
   01 -0.6133180E+05  0.9708545E+00 -0.1146559E+00 -0.6801500E-01 -0.5691800E-03
   01 -0.6125530E+05  0.9710174E+00 -0.1154058E+00 -0.6606578E-01 -0.4062137E-03
   01 -0.6117881E+05  0.9712056E+00 -0.1161602E+00 -0.6410769E-01 -0.2180149E-03
   01 -0.6110231E+05  0.9714182E+00 -0.1169180E+00 -0.6214840E-01 -0.5421212E-05
   01 -0.6102581E+05  0.9716544E+00 -0.1176777E+00 -0.6019482E-01  0.2307354E-03
   01 -0.6094932E+05  0.9719133E+00 -0.1184380E+00 -0.5825310E-01  0.4896396E-03
   01 -0.6087282E+05  0.9721941E+00 -0.1191978E+00 -0.5632864E-01  0.7705022E-03
   01 -0.6079632E+05  0.9724962E+00 -0.1199557E+00 -0.5442606E-01  0.1072569E-02
   01 -0.6071983E+05  0.9728188E+00 -0.1207108E+00 -0.5254927E-01  0.1395127E-02
   01 -0.6064333E+05  0.9731611E+00 -0.1214620E+00 -0.5070148E-01  0.1737508E-02
   01 -0.6056683E+05  0.9735227E+00 -0.1222085E+00 -0.4888566E-01  0.2099065E-02
   01 -0.6049034E+05  0.9739028E+00 -0.1229494E+00 -0.4710475E-01  0.2479148E-02
   01 -0.6041384E+05  0.9743008E+00 -0.1236840E+00 -0.4536097E-01  0.2877141E-02
   01 -0.6033734E+05  0.9747161E+00 -0.1244119E+00 -0.4365584E-01  0.3292483E-02
   01 -0.6026084E+05  0.9751483E+00 -0.1251325E+00 -0.4199042E-01  0.3724660E-02
   01 -0.6018435E+05  0.9755968E+00 -0.1258455E+00 -0.4036532E-01  0.4173202E-02
   01 -0.6010785E+05  0.9760613E+00 -0.1265506E+00 -0.3878086E-01  0.4637672E-02
   01 -0.6003135E+05  0.9765413E+00 -0.1272478E+00 -0.3723714E-01  0.5117664E-02
   01 -0.5995486E+05  0.9770364E+00 -0.1279369E+00 -0.3573405E-01  0.5612791E-02
   01 -0.5987836E+05  0.9775463E+00 -0.1286180E+00 -0.3427141E-01  0.6122690E-02
   01 -0.5980186E+05  0.9780707E+00 -0.1292911E+00 -0.3284892E-01  0.6647010E-02
   01 -0.5972537E+05  0.9786091E+00 -0.1299564E+00 -0.3146627E-01  0.7185414E-02
   01 -0.5964887E+05  0.9791612E+00 -0.1306142E+00 -0.3012307E-01  0.7737575E-02
   01 -0.5957237E+05  0.9797268E+00 -0.1312646E+00 -0.2881896E-01  0.8303174E-02
   01 -0.5949588E+05  0.9803055E+00 -0.1319079E+00 -0.2755357E-01  0.8881897E-02
   01 -0.5941938E+05  0.9808971E+00 -0.1325444E+00 -0.2632655E-01  0.9473433E-02
   01 -0.5934288E+05  0.9815011E+00 -0.1331746E+00 -0.2513759E-01  0.1007748E-01
   01 -0.5926639E+05  0.9821174E+00 -0.1337987E+00 -0.2398641E-01  0.1069371E-01
   01 -0.5918989E+05  0.9827455E+00 -0.1344171E+00 -0.2287280E-01  0.1132184E-01
   01 -0.5911339E+05  0.9833852E+00 -0.1350302E+00 -0.2179659E-01  0.1196154E-01
   01 -0.5903689E+05  0.9840361E+00 -0.1356385E+00 -0.2075764E-01  0.1261250E-01
   01 -0.5896040E+05  0.9846980E+00 -0.1362422E+00 -0.1975585E-01  0.1327440E-01
   01 -0.5888390E+05  0.9853706E+00 -0.1368419E+00 -0.1879112E-01  0.1394693E-01
   01 -0.5880740E+05  0.9860534E+00 -0.1374380E+00 -0.1786334E-01  0.1462977E-01
   01 -0.5873091E+05  0.9867463E+00 -0.1380308E+00 -0.1697242E-01  0.1532262E-01
   01 -0.5865441E+05  0.9874488E+00 -0.1386207E+00 -0.1611823E-01  0.1602515E-01
   01 -0.5862857E+05  0.9876862E+00 -0.1386825E+00 -0.1576786E-01  0.1626252E-01
   01 -0.5855207E+05  0.9884016E+00 -0.1392845E+00 -0.1496659E-01  0.1697793E-01
   01 -0.5847558E+05  0.9891258E+00 -0.1398829E+00 -0.1420217E-01  0.1770220E-01
   01 -0.5839908E+05  0.9898587E+00 -0.1404781E+00 -0.1347462E-01  0.1843502E-01
   01 -0.5832258E+05  0.9906059E+00 -0.1410711E+00 -0.1272394E-01  0.1918225E-01
   01 -0.5824609E+05  0.9913696E+00 -0.1416620E+00 -0.1193276E-01  0.1994599E-01
   01 -0.5816959E+05  0.9921490E+00 -0.1422513E+00 -0.1111342E-01  0.2072541E-01
   01 -0.5809309E+05  0.9929434E+00 -0.1428390E+00 -0.1027630E-01  0.2151975E-01
   01 -0.5801660E+05  0.9937520E+00 -0.1434255E+00 -0.9430202E-02  0.2232834E-01
   01 -0.5794010E+05  0.9945742E+00 -0.1440109E+00 -0.8582615E-02  0.2315053E-01
   01 -0.5786360E+05  0.9954094E+00 -0.1445954E+00 -0.7740010E-02  0.2398572E-01
   01 -0.5778711E+05  0.9962570E+00 -0.1451793E+00 -0.6908042E-02  0.2483332E-01
   01 -0.5771061E+05  0.9971164E+00 -0.1457628E+00 -0.6091748E-02  0.2569273E-01
   01 -0.5763411E+05  0.9979867E+00 -0.1463462E+00 -0.5291806E-02  0.2656308E-01
   01 -0.5755762E+05  0.9988680E+00 -0.1469298E+00 -0.4520539E-02  0.2744438E-01
   01 -0.5748112E+05  0.9997593E+00 -0.1475138E+00 -0.3778209E-02  0.2833564E-01
   01 -0.5740462E+05  0.1000660E+01 -0.1480987E+00 -0.3069282E-02  0.2923615E-01
   01 -0.5732812E+05  0.1001569E+01 -0.1486846E+00 -0.2397667E-02  0.3014522E-01
   01 -0.5725163E+05  0.1002486E+01 -0.1492719E+00 -0.1766794E-02  0.3106215E-01
   01 -0.5717513E+05  0.1003410E+01 -0.1498609E+00 -0.1179656E-02  0.3198624E-01
   01 -0.5709863E+05  0.1004340E+01 -0.1504521E+00 -0.6388633E-03  0.3291684E-01
   01 -0.5702214E+05  0.1005277E+01 -0.1510457E+00 -0.1466995E-03  0.3385326E-01
   01 -0.5694564E+05  0.1006218E+01 -0.1516421E+00  0.2948129E-03  0.3479484E-01
   01 -0.5686914E+05  0.1007165E+01 -0.1522416E+00  0.6838326E-03  0.3574091E-01
   01 -0.5679265E+05  0.1008114E+01 -0.1528446E+00  0.1018689E-02  0.3669080E-01
   01 -0.5671615E+05  0.1009067E+01 -0.1534513E+00  0.1297848E-02  0.3764382E-01
   01 -0.5663965E+05  0.1010023E+01 -0.1540621E+00  0.1519877E-02  0.3859928E-01
   01 -0.5656316E+05  0.1010980E+01 -0.1546772E+00  0.1683427E-02  0.3955650E-01
   01 -0.5648666E+05  0.1011938E+01 -0.1552969E+00  0.1787219E-02  0.4051476E-01
   01 -0.5641016E+05  0.1012897E+01 -0.1559215E+00  0.1830050E-02  0.4147335E-01
   01 -0.5633366E+05  0.1013855E+01 -0.1565511E+00  0.1810843E-02  0.4243156E-01
   01 -0.5625717E+05  0.1014812E+01 -0.1571859E+00  0.1728607E-02  0.4338868E-01
   01 -0.5618067E+05  0.1015768E+01 -0.1578261E+00  0.1582399E-02  0.4434398E-01
   01 -0.5610417E+05  0.1016720E+01 -0.1584717E+00  0.1371307E-02  0.4529672E-01
   01 -0.5602768E+05  0.1017669E+01 -0.1591230E+00  0.1088686E-02  0.4624557E-01
   01 -0.5595118E+05  0.1018601E+01 -0.1597802E+00  0.6161413E-03  0.4717753E-01
   01 -0.5587468E+05  0.1019516E+01 -0.1604439E+00 -0.2882283E-04  0.4809245E-01
   01 -0.5579819E+05  0.1020414E+01 -0.1611146E+00 -0.8294329E-03  0.4899029E-01
   01 -0.5572169E+05  0.1021295E+01 -0.1617923E+00 -0.1770465E-02  0.4987101E-01
   01 -0.5564519E+05  0.1022158E+01 -0.1624767E+00 -0.2837814E-02  0.5073463E-01
   01 -0.5556870E+05  0.1023005E+01 -0.1631676E+00 -0.4018461E-02  0.5158117E-01
   01 -0.5554286E+05  0.1023284E+01 -0.1632272E+00 -0.4352177E-02  0.5186049E-01
   01 -0.5546636E+05  0.1024108E+01 -0.1639462E+00 -0.5675567E-02  0.5268426E-01
   01 -0.5538986E+05  0.1024915E+01 -0.1646678E+00 -0.7084829E-02  0.5349113E-01
   01 -0.5531337E+05  0.1025705E+01 -0.1653913E+00 -0.8570046E-02  0.5428119E-01
   01 -0.5523687E+05  0.1026479E+01 -0.1661162E+00 -0.1012987E-01  0.5505517E-01
   01 -0.5516037E+05  0.1027237E+01 -0.1668418E+00 -0.1175995E-01  0.5581354E-01
   01 -0.5508388E+05  0.1027980E+01 -0.1675675E+00 -0.1345225E-01  0.5655648E-01
   01 -0.5500738E+05  0.1028708E+01 -0.1682924E+00 -0.1519930E-01  0.5728415E-01
   01 -0.5493088E+05  0.1029420E+01 -0.1690158E+00 -0.1699416E-01  0.5799675E-01
   01 -0.5485439E+05  0.1030118E+01 -0.1697369E+00 -0.1883033E-01  0.5869447E-01
   01 -0.5477789E+05  0.1030801E+01 -0.1704550E+00 -0.2070178E-01  0.5937751E-01
   01 -0.5470139E+05  0.1031470E+01 -0.1711693E+00 -0.2260289E-01  0.6004609E-01
   01 -0.5462489E+05  0.1032124E+01 -0.1718791E+00 -0.2452845E-01  0.6070040E-01
   01 -0.5454840E+05  0.1032764E+01 -0.1725839E+00 -0.2647359E-01  0.6134067E-01
   01 -0.5447190E+05  0.1033391E+01 -0.1732830E+00 -0.2843382E-01  0.6196712E-01
   01 -0.5439540E+05  0.1034004E+01 -0.1739759E+00 -0.3040495E-01  0.6257998E-01
   01 -0.5431891E+05  0.1034603E+01 -0.1746622E+00 -0.3238311E-01  0.6317947E-01
   01 -0.5424241E+05  0.1035186E+01 -0.1753413E+00 -0.3431554E-01  0.6376211E-01
   01 -0.5416591E+05  0.1035753E+01 -0.1760132E+00 -0.3621308E-01  0.6432907E-01
   01 -0.5408942E+05  0.1036305E+01 -0.1766778E+00 -0.3808676E-01  0.6488155E-01
   01 -0.5401292E+05  0.1036843E+01 -0.1773350E+00 -0.3993435E-01  0.6541976E-01
   01 -0.5393642E+05  0.1037367E+01 -0.1779849E+00 -0.4175769E-01  0.6594361E-01
   01 -0.5385993E+05  0.1037877E+01 -0.1786274E+00 -0.4355818E-01  0.6645309E-01
   01 -0.5378343E+05  0.1038372E+01 -0.1792627E+00 -0.4533702E-01  0.6694820E-01
   01 -0.5370693E+05  0.1038853E+01 -0.1798909E+00 -0.4709532E-01  0.6742894E-01
   01 -0.5363044E+05  0.1039319E+01 -0.1805121E+00 -0.4883410E-01  0.6789532E-01
   01 -0.5355394E+05  0.1039771E+01 -0.1811264E+00 -0.5055427E-01  0.6834733E-01
   01 -0.5347744E+05  0.1040209E+01 -0.1817340E+00 -0.5225663E-01  0.6878498E-01
   01 -0.5340095E+05  0.1040633E+01 -0.1823350E+00 -0.5395700E-01  0.6920943E-01
   01 -0.5332445E+05  0.1041044E+01 -0.1829294E+00 -0.5565579E-01  0.6962071E-01
   01 -0.5324795E+05  0.1041442E+01 -0.1835174E+00 -0.5735272E-01  0.7001881E-01
   01 -0.5317146E+05  0.1041827E+01 -0.1840989E+00 -0.5904751E-01  0.7040368E-01
   01 -0.5309496E+05  0.1042199E+01 -0.1846741E+00 -0.6073987E-01  0.7077533E-01
   01 -0.5301846E+05  0.1042557E+01 -0.1852429E+00 -0.6242948E-01  0.7113373E-01
   01 -0.5294196E+05  0.1042903E+01 -0.1858056E+00 -0.6411602E-01  0.7147887E-01
   01 -0.5286547E+05  0.1043234E+01 -0.1863620E+00 -0.6579917E-01  0.7181075E-01
   01 -0.5278897E+05  0.1043553E+01 -0.1869124E+00 -0.6747854E-01  0.7212936E-01
   01 -0.5271247E+05  0.1043858E+01 -0.1874568E+00 -0.6915377E-01  0.7243471E-01
   01 -0.5263598E+05  0.1044150E+01 -0.1879953E+00 -0.7082444E-01  0.7272682E-01
   01 -0.5255948E+05  0.1044429E+01 -0.1885281E+00 -0.7249012E-01  0.7300569E-01
   01 -0.5248298E+05  0.1044695E+01 -0.1890551E+00 -0.7415035E-01  0.7327136E-01
   01 -0.5245714E+05  0.1044778E+01 -0.1889472E+00 -0.7454003E-01  0.7335423E-01
   01 -0.5238065E+05  0.1045026E+01 -0.1895060E+00 -0.7621356E-01  0.7360282E-01
   01 -0.5230415E+05  0.1045262E+01 -0.1900542E+00 -0.7787793E-01  0.7383821E-01
   01 -0.5222765E+05  0.1045484E+01 -0.1905924E+00 -0.7953292E-01  0.7406049E-01
   01 -0.5215116E+05  0.1045693E+01 -0.1911216E+00 -0.8117825E-01  0.7426970E-01
   01 -0.5207466E+05  0.1045890E+01 -0.1916422E+00 -0.8281359E-01  0.7446593E-01
   01 -0.5199816E+05  0.1046073E+01 -0.1921550E+00 -0.8443859E-01  0.7464925E-01
   01 -0.5192167E+05  0.1046243E+01 -0.1926604E+00 -0.8605285E-01  0.7481976E-01
   01 -0.5184517E+05  0.1046401E+01 -0.1931591E+00 -0.8765596E-01  0.7497755E-01
   01 -0.5176867E+05  0.1046546E+01 -0.1936513E+00 -0.8924747E-01  0.7512272E-01
   01 -0.5169217E+05  0.1046679E+01 -0.1941377E+00 -0.9082691E-01  0.7525539E-01
   01 -0.5161568E+05  0.1046799E+01 -0.1946185E+00 -0.9239382E-01  0.7537568E-01
   01 -0.5153918E+05  0.1046907E+01 -0.1950942E+00 -0.9394770E-01  0.7548373E-01
   01 -0.5146268E+05  0.1047003E+01 -0.1955651E+00 -0.9548806E-01  0.7557965E-01
   01 -0.5138619E+05  0.1047087E+01 -0.1960317E+00 -0.9701440E-01  0.7566361E-01
   01 -0.5130969E+05  0.1047159E+01 -0.1964941E+00 -0.9852625E-01  0.7573574E-01
   01 -0.5123319E+05  0.1047220E+01 -0.1969527E+00 -0.1000231E+00  0.7579622E-01
   01 -0.5115670E+05  0.1047269E+01 -0.1974079E+00 -0.1015046E+00  0.7584519E-01
   01 -0.5108020E+05  0.1047306E+01 -0.1978600E+00 -0.1029701E+00  0.7588284E-01
   01 -0.5100370E+05  0.1047333E+01 -0.1983091E+00 -0.1044194E+00  0.7590933E-01
   01 -0.5092721E+05  0.1047349E+01 -0.1987556E+00 -0.1058519E+00  0.7592486E-01
   01 -0.5085071E+05  0.1047353E+01 -0.1991998E+00 -0.1072674E+00  0.7592960E-01
   01 -0.5077421E+05  0.1047347E+01 -0.1996420E+00 -0.1086654E+00  0.7592374E-01
   01 -0.5069772E+05  0.1047331E+01 -0.2000823E+00 -0.1100457E+00  0.7590749E-01
   01 -0.5062122E+05  0.1047305E+01 -0.2005211E+00 -0.1114079E+00  0.7588103E-01
   01 -0.5054472E+05  0.1047268E+01 -0.2009580E+00 -0.1127519E+00  0.7584456E-01
   01 -0.5046823E+05  0.1047222E+01 -0.2013931E+00 -0.1140774E+00  0.7579830E-01
   01 -0.5039173E+05  0.1047166E+01 -0.2018266E+00 -0.1153842E+00  0.7574245E-01
   01 -0.5031523E+05  0.1047101E+01 -0.2022590E+00 -0.1166722E+00  0.7567721E-01
   01 -0.5023874E+05  0.1047026E+01 -0.2026904E+00 -0.1179413E+00  0.7560279E-01
   01 -0.5016224E+05  0.1046943E+01 -0.2031213E+00 -0.1191914E+00  0.7551942E-01
   01 -0.5008574E+05  0.1046851E+01 -0.2035518E+00 -0.1204223E+00  0.7542729E-01
   01 -0.5000925E+05  0.1046750E+01 -0.2039823E+00 -0.1216340E+00  0.7532664E-01
   01 -0.4993275E+05  0.1046641E+01 -0.2044130E+00 -0.1228262E+00  0.7521769E-01
   01 -0.4985625E+05  0.1046524E+01 -0.2048441E+00 -0.1239987E+00  0.7510068E-01
   01 -0.4977976E+05  0.1046400E+01 -0.2052759E+00 -0.1251514E+00  0.7497587E-01
   01 -0.4970326E+05  0.1046267E+01 -0.2057085E+00 -0.1262842E+00  0.7484349E-01
   01 -0.4962676E+05  0.1046127E+01 -0.2061423E+00 -0.1273971E+00  0.7470377E-01
   01 -0.4955027E+05  0.1045981E+01 -0.2065774E+00 -0.1284900E+00  0.7455696E-01
   01 -0.4947377E+05  0.1045827E+01 -0.2070140E+00 -0.1295629E+00  0.7440328E-01
   01 -0.4939727E+05  0.1045667E+01 -0.2074522E+00 -0.1306161E+00  0.7424298E-01
   01 -0.4937143E+05  0.1045607E+01 -0.2071997E+00 -0.1306770E+00  0.7418340E-01
   01 -0.4929493E+05  0.1045439E+01 -0.2077037E+00 -0.1317526E+00  0.7401518E-01
   01 -0.4921844E+05  0.1045264E+01 -0.2081999E+00 -0.1328012E+00  0.7384074E-01
   01 -0.4914194E+05  0.1045084E+01 -0.2086899E+00 -0.1338241E+00  0.7366031E-01
   01 -0.4906544E+05  0.1044898E+01 -0.2091751E+00 -0.1348226E+00  0.7347413E-01
   01 -0.4898894E+05  0.1044706E+01 -0.2096567E+00 -0.1357978E+00  0.7328243E-01
   01 -0.4891245E+05  0.1044509E+01 -0.2101358E+00 -0.1367507E+00  0.7308543E-01
   01 -0.4883595E+05  0.1044307E+01 -0.2106133E+00 -0.1376823E+00  0.7288335E-01
   01 -0.4875945E+05  0.1044100E+01 -0.2110899E+00 -0.1385933E+00  0.7267639E-01
   01 -0.4868296E+05  0.1043888E+01 -0.2115662E+00 -0.1394847E+00  0.7246476E-01
   01 -0.4860646E+05  0.1043672E+01 -0.2120428E+00 -0.1403572E+00  0.7224865E-01
   01 -0.4852996E+05  0.1043452E+01 -0.2125202E+00 -0.1412115E+00  0.7202826E-01
   01 -0.4845347E+05  0.1043227E+01 -0.2129987E+00 -0.1420482E+00  0.7180378E-01
   01 -0.4837697E+05  0.1042999E+01 -0.2134787E+00 -0.1428680E+00  0.7157538E-01
   01 -0.4830047E+05  0.1042767E+01 -0.2139604E+00 -0.1436714E+00  0.7134325E-01
   01 -0.4822398E+05  0.1042531E+01 -0.2144441E+00 -0.1444591E+00  0.7110755E-01
   01 -0.4814748E+05  0.1042292E+01 -0.2149300E+00 -0.1452316E+00  0.7086845E-01
   01 -0.4807098E+05  0.1042050E+01 -0.2154181E+00 -0.1459894E+00  0.7062612E-01
   01 -0.4799449E+05  0.1041804E+01 -0.2159087E+00 -0.1467331E+00  0.7038072E-01
   01 -0.4791799E+05  0.1041556E+01 -0.2164018E+00 -0.1474632E+00  0.7013238E-01
   01 -0.4784149E+05  0.1041305E+01 -0.2168975E+00 -0.1481801E+00  0.6988127E-01
   01 -0.4776500E+05  0.1041051E+01 -0.2173959E+00 -0.1488843E+00  0.6962753E-01
   01 -0.4768850E+05  0.1040795E+01 -0.2178970E+00 -0.1495763E+00  0.6937129E-01
   01 -0.4761200E+05  0.1040536E+01 -0.2184008E+00 -0.1502566E+00  0.6911268E-01
   01 -0.4753551E+05  0.1040275E+01 -0.2189074E+00 -0.1509255E+00  0.6885185E-01
   01 -0.4745901E+05  0.1040013E+01 -0.2194167E+00 -0.1515836E+00  0.6858890E-01
   01 -0.4738251E+05  0.1039748E+01 -0.2199288E+00 -0.1522312E+00  0.6832397E-01
   01 -0.4730602E+05  0.1039481E+01 -0.2204437E+00 -0.1528687E+00  0.6805717E-01
   01 -0.4722952E+05  0.1039212E+01 -0.2209612E+00 -0.1534966E+00  0.6778861E-01
   01 -0.4715302E+05  0.1038942E+01 -0.2214815E+00 -0.1541152E+00  0.6751841E-01
   01 -0.4707653E+05  0.1038670E+01 -0.2220045E+00 -0.1547249E+00  0.6724666E-01
   01 -0.4700003E+05  0.1038397E+01 -0.2225301E+00 -0.1553261E+00  0.6697347E-01
   01 -0.4692353E+05  0.1038123E+01 -0.2230583E+00 -0.1559191E+00  0.6669895E-01
   01 -0.4684704E+05  0.1037847E+01 -0.2235892E+00 -0.1565043E+00  0.6642317E-01
   01 -0.4677054E+05  0.1037570E+01 -0.2241226E+00 -0.1570820E+00  0.6614625E-01
   01 -0.4669404E+05  0.1037292E+01 -0.2246584E+00 -0.1576524E+00  0.6586827E-01
   01 -0.4661755E+05  0.1037013E+01 -0.2251968E+00 -0.1582160E+00  0.6558932E-01
   01 -0.4654105E+05  0.1036733E+01 -0.2257376E+00 -0.1587729E+00  0.6530948E-01
   01 -0.4646455E+05  0.1036452E+01 -0.2262808E+00 -0.1593235E+00  0.6502884E-01
   01 -0.4638806E+05  0.1036171E+01 -0.2268264E+00 -0.1598679E+00  0.6474748E-01
   01 -0.4631156E+05  0.1035889E+01 -0.2273742E+00 -0.1604065E+00  0.6446549E-01
   01 -0.4628571E+05  0.1035789E+01 -0.2270089E+00 -0.1601700E+00  0.6436528E-01
   01 -0.4620922E+05  0.1035507E+01 -0.2276569E+00 -0.1607801E+00  0.6408341E-01
   01 -0.4613272E+05  0.1035225E+01 -0.2282900E+00 -0.1613707E+00  0.6380090E-01
   01 -0.4605622E+05  0.1034941E+01 -0.2289113E+00 -0.1619443E+00  0.6351784E-01
   01 -0.4597973E+05  0.1034658E+01 -0.2295231E+00 -0.1625034E+00  0.6323436E-01
   01 -0.4590323E+05  0.1034374E+01 -0.2301275E+00 -0.1630497E+00  0.6295055E-01
   01 -0.4582673E+05  0.1034090E+01 -0.2307260E+00 -0.1635849E+00  0.6266650E-01
   01 -0.4575024E+05  0.1033806E+01 -0.2313202E+00 -0.1641101E+00  0.6238230E-01
   01 -0.4567374E+05  0.1033522E+01 -0.2319110E+00 -0.1646266E+00  0.6209805E-01
   01 -0.4559724E+05  0.1033237E+01 -0.2324995E+00 -0.1651350E+00  0.6181384E-01
   01 -0.4552075E+05  0.1032953E+01 -0.2330864E+00 -0.1656359E+00  0.6152978E-01
   01 -0.4544425E+05  0.1032670E+01 -0.2336724E+00 -0.1661300E+00  0.6124595E-01
   01 -0.4536775E+05  0.1032386E+01 -0.2342580E+00 -0.1666179E+00  0.6096243E-01
   01 -0.4529126E+05  0.1032103E+01 -0.2348436E+00 -0.1671001E+00  0.6067931E-01
   01 -0.4521476E+05  0.1031820E+01 -0.2354296E+00 -0.1675771E+00  0.6039665E-01
   01 -0.4513826E+05  0.1031538E+01 -0.2360164E+00 -0.1680488E+00  0.6011456E-01
   01 -0.4506177E+05  0.1031257E+01 -0.2366040E+00 -0.1685154E+00  0.5983314E-01
   01 -0.4498527E+05  0.1030976E+01 -0.2371928E+00 -0.1689773E+00  0.5955246E-01
   01 -0.4490877E+05  0.1030696E+01 -0.2377830E+00 -0.1694345E+00  0.5927262E-01
   01 -0.4483228E+05  0.1030417E+01 -0.2383746E+00 -0.1698874E+00  0.5899369E-01
   01 -0.4475578E+05  0.1030139E+01 -0.2389678E+00 -0.1703360E+00  0.5871576E-01
   01 -0.4467928E+05  0.1029863E+01 -0.2395628E+00 -0.1707806E+00  0.5843890E-01
   01 -0.4460279E+05  0.1029587E+01 -0.2401595E+00 -0.1712214E+00  0.5816318E-01
   01 -0.4452629E+05  0.1029312E+01 -0.2407581E+00 -0.1716584E+00  0.5788869E-01
   01 -0.4444979E+05  0.1029039E+01 -0.2413585E+00 -0.1720919E+00  0.5761548E-01
   01 -0.4437330E+05  0.1028767E+01 -0.2419610E+00 -0.1725220E+00  0.5734364E-01
   01 -0.4429680E+05  0.1028497E+01 -0.2425653E+00 -0.1729488E+00  0.5707323E-01
   01 -0.4422030E+05  0.1028228E+01 -0.2431717E+00 -0.1733725E+00  0.5680433E-01
   01 -0.4414381E+05  0.1027961E+01 -0.2437801E+00 -0.1737931E+00  0.5653699E-01
   01 -0.4406731E+05  0.1027695E+01 -0.2443906E+00 -0.1742109E+00  0.5627128E-01
   01 -0.4399081E+05  0.1027431E+01 -0.2450031E+00 -0.1746258E+00  0.5600728E-01
   01 -0.4391432E+05  0.1027169E+01 -0.2456176E+00 -0.1750380E+00  0.5574505E-01
   01 -0.4383782E+05  0.1026908E+01 -0.2462343E+00 -0.1754476E+00  0.5548465E-01
   01 -0.4376132E+05  0.1026650E+01 -0.2468530E+00 -0.1758546E+00  0.5522614E-01
   01 -0.4368483E+05  0.1026393E+01 -0.2474738E+00 -0.1762592E+00  0.5496960E-01
   01 -0.4360833E+05  0.1026139E+01 -0.2480968E+00 -0.1766614E+00  0.5471508E-01
   01 -0.4353183E+05  0.1025886E+01 -0.2487218E+00 -0.1770614E+00  0.5446265E-01
   01 -0.4345534E+05  0.1025636E+01 -0.2493490E+00 -0.1774591E+00  0.5421236E-01
   01 -0.4337884E+05  0.1025388E+01 -0.2499782E+00 -0.1778548E+00  0.5396428E-01
   02 -0.4330234E+05  0.2229657E+01 -0.4297975E+00 -0.3056975E+00  0.6599615E-01
   02 -0.4322585E+05  0.2231754E+01 -0.4328602E+00 -0.3144746E+00  0.6809300E-01
