# gauge_id= 32412 location=( -0.8639200000E+02 -0.1797500000E+02 ) num_var=  4
# level, time, q[  1  2  3], eta, aux[]
   01  0.0000000E+00  0.4427352E+04  0.0000000E+00  0.0000000E+00  0.0000000E+00
   01  0.2000000E+00  0.4427352E+04 -0.2389808E-14 -0.2818625E-14  0.0000000E+00
   01  0.4000000E+00  0.4427352E+04 -0.4778013E-14 -0.5636501E-14  0.0000000E+00
   02  0.6000000E+00  0.4425462E+04 -0.8430932E-14 -0.6561257E-14  0.0000000E+00
   02  0.8000000E+00  0.4425462E+04 -0.5789562E-14 -0.2911693E-14  0.0000000E+00
   02  0.1000000E+01  0.4425462E+04 -0.3147706E-14  0.7406941E-15  0.0000000E+00
   02  0.1200000E+01  0.4425462E+04 -0.5052881E-15  0.4395904E-14  0.0000000E+00
   02  0.1818584E+03  0.4425462E+04  0.2383214E-11  0.3294179E-11  0.0000000E+00
   02  0.3625168E+03  0.4425462E+04  0.3787057E-11  0.4879052E-11  0.0000000E+00
   02  0.5431752E+03  0.4425462E+04  0.4376055E-11  0.5869589E-11  0.0000000E+00
   02  0.7238336E+03  0.4425462E+04  0.4656668E-11  0.6582939E-11  0.0000000E+00
   02  0.9044920E+03  0.4425462E+04  0.4817835E-11  0.7154937E-11  0.0000000E+00
   02  0.1085150E+04  0.4425462E+04  0.4744560E-11  0.7620128E-11  0.0000000E+00
   02  0.1265809E+04  0.4425462E+04  0.4534409E-11  0.8139119E-11  0.0000000E+00
   02  0.1446467E+04  0.4425462E+04  0.4273563E-11  0.8688696E-11  0.0000000E+00
   02  0.1623234E+04  0.4425462E+04  0.4054040E-11  0.9180995E-11  0.0000000E+00
   02  0.1800000E+04  0.4425462E+04  0.3875445E-11  0.9757991E-11  0.0000000E+00
   02  0.1980658E+04  0.4425462E+04  0.3746571E-11  0.1032720E-10  0.0000000E+00
   02  0.2161317E+04  0.4425462E+04  0.3631733E-11  0.1080666E-10  0.0000000E+00
   02  0.2341975E+04  0.4425462E+04  0.3531367E-11  0.1124692E-10  0.0000000E+00
   02  0.2522634E+04  0.4425462E+04  0.3442403E-11  0.1172479E-10  0.0000000E+00
   02  0.2703292E+04  0.4425462E+04  0.3365491E-11  0.1235149E-10  0.0000000E+00
   02  0.2883950E+04  0.4425462E+04  0.3290766E-11  0.1298716E-10  0.0000000E+00
   02  0.3064609E+04  0.4425462E+04  0.3214802E-11  0.1350258E-10  0.0000000E+00
   02  0.3245267E+04  0.4425462E+04  0.3140198E-11  0.1412028E-10  0.0000000E+00
   02  0.3422634E+04  0.4425462E+04  0.3033570E-11  0.1466963E-10  0.0000000E+00
   02  0.3600000E+04  0.4425462E+04  0.2930350E-11  0.1509497E-10  0.0000000E+00
   02  0.3780658E+04  0.4425462E+04  0.2858562E-11  0.1550753E-10  0.0000000E+00
   02  0.3961317E+04  0.4425462E+04  0.2774265E-11  0.1592928E-10  0.0000000E+00
   02  0.4141975E+04  0.4425462E+04  0.2701124E-11  0.1629963E-10  0.0000000E+00
   02  0.4322634E+04  0.4425462E+04  0.2659028E-11  0.1662899E-10  0.0000000E+00
   02  0.4503292E+04  0.4425462E+04  0.2637448E-11  0.1691394E-10  0.0000000E+00
   02  0.4683950E+04  0.4425462E+04  0.2633266E-11  0.1716465E-10  0.0000000E+00
   02  0.4864609E+04  0.4425462E+04  0.2668124E-11  0.1741383E-10  0.0000000E+00
   02  0.5045267E+04  0.4425462E+04  0.3076017E-11  0.1712194E-10  0.0000000E+00
   02  0.5222634E+04  0.4425462E+04  0.1145524E-10  0.1648383E-10  0.0000000E+00
   02  0.5400000E+04  0.4425462E+04  0.3056728E-09 -0.2836617E-09 -0.1818989E-11
   02  0.5580658E+04  0.4425462E+04  0.2376937E-08 -0.1631533E-08 -0.1728040E-10
   02  0.5761317E+04  0.4425462E+04  0.1615937E-07 -0.1353119E-07 -0.1236913E-09
   02  0.5941975E+04  0.4425462E+04  0.6178885E-07 -0.4171707E-07 -0.4083631E-09
   02  0.6122634E+04  0.4425462E+04  0.1711865E-06 -0.9054577E-07 -0.9167707E-09
   02  0.6303292E+04  0.4425462E+04  0.1077868E-07 -0.2659448E-07  0.5511538E-09
   02  0.6483950E+04  0.4425462E+04 -0.1923893E-05  0.1383925E-05  0.1555418E-07
   02  0.6664609E+04  0.4425462E+04 -0.9207957E-05  0.7936614E-05  0.7192739E-07
   02  0.6845267E+04  0.4425462E+04 -0.2742644E-04  0.2891756E-04  0.2157503E-06
   02  0.7022634E+04  0.4425462E+04 -0.6079313E-04  0.6197448E-04  0.4408621E-06
   02  0.7200000E+04  0.4425462E+04 -0.1229305E-03  0.1010574E-03  0.7905828E-06
   02  0.7380658E+04  0.4425462E+04 -0.2228760E-03  0.1230079E-03  0.1145486E-05
   02  0.7561317E+04  0.4425462E+04 -0.2445479E-03  0.4779424E-04  0.6648461E-06
   02  0.7741975E+04  0.4425462E+04 -0.2620012E-04 -0.6995618E-03 -0.4045340E-05
   02  0.7922634E+04  0.4425462E+04  0.1244923E-02 -0.2178200E-02 -0.1633955E-04
   03  0.8103292E+04  0.4382719E+04  0.1284076E-02 -0.1941699E-02 -0.1564630E-04
   03  0.8139424E+04  0.4382719E+04  0.1639863E-02 -0.3968129E-02 -0.2309694E-04
   03  0.8175555E+04  0.4382719E+04  0.2124418E-02 -0.5848434E-02 -0.3077368E-04
   03  0.8211687E+04  0.4382718E+04  0.2898201E-02 -0.7337717E-02 -0.3835339E-04
   03  0.8247819E+04  0.4382718E+04  0.4192988E-02 -0.8611396E-02 -0.4737372E-04
   03  0.8283950E+04  0.4382718E+04  0.6077486E-02 -0.9821424E-02 -0.5846054E-04
   03  0.8320082E+04  0.4382718E+04  0.8459453E-02 -0.1112018E-01 -0.7136357E-04
   03  0.8356214E+04  0.4382718E+04  0.1122290E-01 -0.1260995E-01 -0.8572671E-04
   03  0.8392345E+04  0.4382718E+04  0.1424231E-01 -0.1436214E-01 -0.1011982E-03
   03  0.8428477E+04  0.4382718E+04  0.1737981E-01 -0.1642950E-01 -0.1174683E-03
   03  0.8464609E+04  0.4382718E+04  0.2049368E-01 -0.1884945E-01 -0.1342571E-03
   03  0.8500740E+04  0.4382718E+04  0.2347818E-01 -0.2163954E-01 -0.1514231E-03
   03  0.8536872E+04  0.4382718E+04  0.2631764E-01 -0.2479635E-01 -0.1691531E-03
   03  0.8573004E+04  0.4382718E+04  0.2912055E-01 -0.2830459E-01 -0.1881153E-03
   03  0.8609136E+04  0.4382718E+04  0.3211526E-01 -0.3215651E-01 -0.2094642E-03
   03  0.8645267E+04  0.4382718E+04  0.3560618E-01 -0.3637158E-01 -0.2346635E-03
   03  0.8680740E+04  0.4382718E+04  0.3981776E-01 -0.4091539E-01 -0.2645585E-03
   03  0.8716214E+04  0.4382718E+04  0.4503707E-01 -0.4593502E-01 -0.3005893E-03
   03  0.8751687E+04  0.4382718E+04  0.5136845E-01 -0.5150185E-01 -0.3431112E-03
   03  0.8787160E+04  0.4382718E+04  0.5875931E-01 -0.5765602E-01 -0.3916525E-03
   03  0.8822634E+04  0.4382718E+04  0.6700304E-01 -0.6438391E-01 -0.4449342E-03
   03  0.8858107E+04  0.4382718E+04  0.7577812E-01 -0.7161096E-01 -0.5010911E-03
   03  0.8893580E+04  0.4382718E+04  0.8471813E-01 -0.7921241E-01 -0.5580494E-03
   03  0.8929053E+04  0.4382718E+04  0.9349371E-01 -0.8703848E-01 -0.6139663E-03
   03  0.8964527E+04  0.4382718E+04  0.1018860E+00 -0.9494546E-01 -0.6676172E-03
   03  0.9000000E+04  0.4382718E+04  0.1098320E+00 -0.1028233E+00 -0.7186281E-03
   03  0.9036132E+04  0.4382718E+04  0.1175718E+00 -0.1107561E+00 -0.7683991E-03
   03  0.9072263E+04  0.4382718E+04  0.1251951E+00 -0.1185907E+00 -0.8172083E-03
   03  0.9108395E+04  0.4382718E+04  0.1330174E+00 -0.1263667E+00 -0.8666962E-03
   03  0.9144527E+04  0.4382718E+04  0.1413468E+00 -0.1341503E+00 -0.9184654E-03
   03  0.9180658E+04  0.4382718E+04  0.1504119E+00 -0.1420119E+00 -0.9737092E-03
   03  0.9216790E+04  0.4382718E+04  0.1603142E+00 -0.1500087E+00 -0.1032972E-02
   03  0.9252922E+04  0.4382717E+04  0.1710135E+00 -0.1581750E+00 -0.1096083E-02
   03  0.9289053E+04  0.4382717E+04  0.1823471E+00 -0.1665200E+00 -0.1162254E-02
   03  0.9325185E+04  0.4382717E+04  0.1940731E+00 -0.1750335E+00 -0.1230301E-02
   03  0.9361317E+04  0.4382717E+04  0.2059257E+00 -0.1836936E+00 -0.1298925E-02
   03  0.9397448E+04  0.4382717E+04  0.2176683E+00 -0.1924753E+00 -0.1366970E-02
   03  0.9433580E+04  0.4382717E+04  0.2291338E+00 -0.2013547E+00 -0.1433616E-02
   03  0.9469712E+04  0.4382717E+04  0.2402429E+00 -0.2103109E+00 -0.1498467E-02
   03  0.9505844E+04  0.4382717E+04  0.2510005E+00 -0.2193218E+00 -0.1561529E-02
   03  0.9541975E+04  0.4382717E+04  0.2614741E+00 -0.2283593E+00 -0.1623088E-02
   03  0.9578107E+04  0.4382717E+04  0.2717583E+00 -0.2373820E+00 -0.1683541E-02
   03  0.9614239E+04  0.4382717E+04  0.2819368E+00 -0.2463290E+00 -0.1743192E-02
   03  0.9650370E+04  0.4382717E+04  0.2920480E+00 -0.2551150E+00 -0.1802078E-02
   03  0.9686502E+04  0.4382717E+04  0.3020615E+00 -0.2636284E+00 -0.1859848E-02
   03  0.9722634E+04  0.4382717E+04  0.3118706E+00 -0.2717327E+00 -0.1915722E-02
   03  0.9758765E+04  0.4382717E+04  0.3213007E+00 -0.2792705E+00 -0.1968529E-02
   03  0.9794897E+04  0.4382717E+04  0.3301303E+00 -0.2860730E+00 -0.2016831E-02
   03  0.9831029E+04  0.4382716E+04  0.3380987E+00 -0.2919527E+00 -0.2058953E-02
   03  0.9867160E+04  0.4382716E+04  0.3449748E+00 -0.2967805E+00 -0.2093572E-02
   03  0.9903292E+04  0.4382716E+04  0.3506186E+00 -0.3004153E+00 -0.2119794E-02
   03  0.9939424E+04  0.4382716E+04  0.3550739E+00 -0.3029270E+00 -0.2137937E-02
   03  0.9975555E+04  0.4382716E+04  0.3586040E+00 -0.3044713E+00 -0.2149404E-02
   03  0.1001169E+05  0.4382716E+04  0.3615133E+00 -0.3052691E+00 -0.2155954E-02
   03  0.1004782E+05  0.4382716E+04  0.3640480E+00 -0.3055657E+00 -0.2159123E-02
   03  0.1008395E+05  0.4382716E+04  0.3663072E+00 -0.3053026E+00 -0.2159374E-02
   03  0.1012008E+05  0.4382716E+04  0.3682686E+00 -0.3042225E+00 -0.2155919E-02
   03  0.1015621E+05  0.4382716E+04  0.3697842E+00 -0.3020332E+00 -0.2147552E-02
   03  0.1019235E+05  0.4382716E+04  0.3706987E+00 -0.2985949E+00 -0.2133418E-02
   03  0.1022848E+05  0.4382716E+04  0.3709325E+00 -0.2939504E+00 -0.2112583E-02
   03  0.1026461E+05  0.4382716E+04  0.3703012E+00 -0.2881859E+00 -0.2085529E-02
   03  0.1030074E+05  0.4382716E+04  0.3689064E+00 -0.2813928E+00 -0.2052304E-02
   03  0.1033687E+05  0.4382717E+04  0.3669194E+00 -0.2736099E+00 -0.2012908E-02
   03  0.1037300E+05  0.4382717E+04  0.3639868E+00 -0.2647896E+00 -0.1966475E-02
   03  0.1040914E+05  0.4382717E+04  0.3600398E+00 -0.2548302E+00 -0.1912428E-02
   03  0.1044527E+05  0.4382717E+04  0.3549857E+00 -0.2436696E+00 -0.1849790E-02
   03  0.1048074E+05  0.4382717E+04  0.3488151E+00 -0.2313330E+00 -0.1779242E-02
   03  0.1051621E+05  0.4382717E+04  0.3413141E+00 -0.2173506E+00 -0.1698314E-02
   03  0.1055169E+05  0.4382717E+04  0.3322639E+00 -0.2013317E+00 -0.1604668E-02
   03  0.1058716E+05  0.4382717E+04  0.3213080E+00 -0.1826450E+00 -0.1494720E-02
   03  0.1062263E+05  0.4382717E+04  0.3078766E+00 -0.1602984E+00 -0.1363300E-02
   03  0.1065811E+05  0.4382717E+04  0.2911071E+00 -0.1329319E+00 -0.1202630E-02
   03  0.1069358E+05  0.4382718E+04  0.2697511E+00 -0.9866689E-01 -0.1001765E-02
   03  0.1072905E+05  0.4382718E+04  0.2420835E+00 -0.5497993E-01 -0.7459102E-03
   03  0.1076453E+05  0.4382718E+04  0.2058127E+00  0.1402743E-02 -0.4156821E-03
   03  0.1080000E+05  0.4382719E+04  0.1579948E+00  0.7461927E-01  0.1349380E-04
   03  0.1083613E+05  0.4382719E+04  0.9360854E-01  0.1717941E+00  0.5839389E-03
   03  0.1087226E+05  0.4382720E+04  0.8732990E-02  0.2981581E+00  0.1326921E-02
   03  0.1090840E+05  0.4382721E+04 -0.1021747E+00  0.4612377E+00  0.2287389E-02
   03  0.1094453E+05  0.4382722E+04 -0.2454835E+00  0.6696074E+00  0.3516615E-02
   03  0.1098066E+05  0.4382724E+04 -0.4283255E+00  0.9327906E+00  0.5071611E-02
   03  0.1101679E+05  0.4382726E+04 -0.6584820E+00  0.1261097E+01  0.7014164E-02
   03  0.1105292E+05  0.4382728E+04 -0.9442168E+00  0.1665392E+01  0.9409457E-02
   03  0.1108905E+05  0.4382731E+04 -0.1294054E+01  0.2156800E+01  0.1232426E-01
   03  0.1112519E+05  0.4382734E+04 -0.1716498E+01  0.2746334E+01  0.1582471E-01
   03  0.1116132E+05  0.4382739E+04 -0.2219700E+01  0.3444456E+01  0.1997357E-01
   03  0.1119745E+05  0.4382743E+04 -0.2811065E+01  0.4260567E+01  0.2482719E-01
   03  0.1123358E+05  0.4382749E+04 -0.3496818E+01  0.5202437E+01  0.3043199E-01
   03  0.1126971E+05  0.4382755E+04 -0.4281531E+01  0.6275581E+01  0.3682072E-01
   03  0.1130584E+05  0.4382763E+04 -0.5167636E+01  0.7482615E+01  0.4400858E-01
   03  0.1134198E+05  0.4382771E+04 -0.6154950E+01  0.8822620E+01  0.5198947E-01
   03  0.1137811E+05  0.4382779E+04 -0.7240259E+01  0.1029057E+02  0.6073263E-01
   03  0.1141424E+05  0.4382789E+04 -0.8416991E+01  0.1187687E+02  0.7018005E-01
   03  0.1145037E+05  0.4382799E+04 -0.9675046E+01  0.1356712E+02  0.8024512E-01
   03  0.1148650E+05  0.4382809E+04 -0.1100079E+02  0.1534206E+02  0.9081265E-01
   03  0.1152263E+05  0.4382820E+04 -0.1237727E+02  0.1717785E+02  0.1017405E+00
   03  0.1155877E+05  0.4382831E+04 -0.1378455E+02  0.1904655E+02  0.1128629E+00
   03  0.1159490E+05  0.4382843E+04 -0.1520022E+02  0.2091697E+02  0.1239947E+00
   03  0.1163103E+05  0.4382853E+04 -0.1659993E+02  0.2275556E+02  0.1349367E+00
   03  0.1166716E+05  0.4382864E+04 -0.1795784E+02  0.2452743E+02  0.1454807E+00
   03  0.1170329E+05  0.4382874E+04 -0.1924679E+02  0.2619727E+02  0.1554133E+00
   03  0.1173942E+05  0.4382883E+04 -0.2043866E+02  0.2773032E+02  0.1645215E+00
   03  0.1177556E+05  0.4382891E+04 -0.2150421E+02  0.2909258E+02  0.1725922E+00
   03  0.1181169E+05  0.4382898E+04 -0.2241454E+02  0.3024987E+02  0.1794135E+00
   03  0.1184782E+05  0.4382903E+04 -0.2314502E+02  0.3117343E+02  0.1848089E+00
   03  0.1188395E+05  0.4382907E+04 -0.2366637E+02  0.3183965E+02  0.1886467E+00
   03  0.1192008E+05  0.4382909E+04 -0.2397635E+02  0.3225976E+02  0.1909412E+00
   03  0.1195621E+05  0.4382911E+04 -0.2411249E+02  0.3247823E+02  0.1919795E+00
   03  0.1199235E+05  0.4382911E+04 -0.2411079E+02  0.3254255E+02  0.1920474E+00
   03  0.1202848E+05  0.4382910E+04 -0.2406781E+02  0.3251818E+02  0.1916285E+00
   03  0.1206461E+05  0.4382909E+04 -0.2396004E+02  0.3243366E+02  0.1906946E+00
   03  0.1210074E+05  0.4382908E+04 -0.2376714E+02  0.3225440E+02  0.1891496E+00
   03  0.1213687E+05  0.4382905E+04 -0.2346599E+02  0.3194121E+02  0.1867645E+00
   03  0.1217300E+05  0.4382902E+04 -0.2304128E+02  0.3147383E+02  0.1834992E+00
   03  0.1220914E+05  0.4382898E+04 -0.2249430E+02  0.3086736E+02  0.1793967E+00
   03  0.1224527E+05  0.4382893E+04 -0.2184692E+02  0.3013607E+02  0.1745008E+00
   03  0.1228074E+05  0.4382888E+04 -0.2113400E+02  0.2930838E+02  0.1690374E+00
   03  0.1231621E+05  0.4382882E+04 -0.2035319E+02  0.2839060E+02  0.1630542E+00
   03  0.1235169E+05  0.4382875E+04 -0.1952176E+02  0.2740259E+02  0.1566315E+00
   03  0.1238716E+05  0.4382868E+04 -0.1865048E+02  0.2635825E+02  0.1498786E+00
   03  0.1242263E+05  0.4382861E+04 -0.1775068E+02  0.2527015E+02  0.1428715E+00
   03  0.1245811E+05  0.4382854E+04 -0.1683057E+02  0.2414918E+02  0.1356714E+00
   03  0.1249358E+05  0.4382847E+04 -0.1589574E+02  0.2300272E+02  0.1283282E+00
   03  0.1252905E+05  0.4382839E+04 -0.1495025E+02  0.2183535E+02  0.1208756E+00
   03  0.1256453E+05  0.4382832E+04 -0.1399642E+02  0.2064951E+02  0.1133330E+00
   03  0.1260000E+05  0.4382824E+04 -0.1303550E+02  0.1944551E+02  0.1057074E+00
   03  0.1263613E+05  0.4382816E+04 -0.1204995E+02  0.1819938E+02  0.9785259E-01
   03  0.1267226E+05  0.4382808E+04 -0.1105729E+02  0.1693141E+02  0.8990181E-01
   03  0.1270840E+05  0.4382800E+04 -0.1005693E+02  0.1563967E+02  0.8184628E-01
   03  0.1274453E+05  0.4382792E+04 -0.9048371E+01  0.1432263E+02  0.7367903E-01
   03  0.1278066E+05  0.4382784E+04 -0.8031473E+01  0.1297955E+02  0.6539792E-01
   03  0.1281679E+05  0.4382776E+04 -0.7006751E+01  0.1161069E+02  0.5700717E-01
   03  0.1285292E+05  0.4382767E+04 -0.5975550E+01  0.1021753E+02  0.4851832E-01
   03  0.1288905E+05  0.4382758E+04 -0.4940090E+01  0.8802886E+01  0.3995019E-01
   03  0.1292519E+05  0.4382750E+04 -0.3903437E+01  0.7370901E+01  0.3132828E-01
   03  0.1296132E+05  0.4382741E+04 -0.2869375E+01  0.5926970E+01  0.2268407E-01
   03  0.1299745E+05  0.4382733E+04 -0.1842252E+01  0.4477543E+01  0.1405407E-01
   03  0.1303358E+05  0.4382724E+04 -0.8267934E+00  0.3029935E+01  0.5478529E-02
   03  0.1306971E+05  0.4382716E+04  0.1720729E+00  0.1592084E+01 -0.2999857E-02
   03  0.1310584E+05  0.4382707E+04  0.1149382E+01  0.1722896E+00 -0.1133722E-01
   03  0.1314198E+05  0.4382699E+04  0.2100275E+01 -0.1221083E+01 -0.1948967E-01
   03  0.1317811E+05  0.4382691E+04  0.3020142E+01 -0.2579879E+01 -0.2741444E-01
   03  0.1321424E+05  0.4382683E+04  0.3904760E+01 -0.3896394E+01 -0.3507108E-01
   03  0.1325037E+05  0.4382676E+04  0.4750449E+01 -0.5163552E+01 -0.4242251E-01
   03  0.1328650E+05  0.4382669E+04  0.5554202E+01 -0.6375052E+01 -0.4943606E-01
   03  0.1332263E+05  0.4382662E+04  0.6313785E+01 -0.7525478E+01 -0.5608424E-01
   03  0.1335877E+05  0.4382656E+04  0.7027780E+01 -0.8610356E+01 -0.6234519E-01
   03  0.1339490E+05  0.4382650E+04  0.7695579E+01 -0.9626226E+01 -0.6820304E-01
   03  0.1343103E+05  0.4382645E+04  0.8317344E+01 -0.1057069E+02 -0.7364792E-01
   03  0.1346716E+05  0.4382640E+04  0.8893944E+01 -0.1144246E+02 -0.7867587E-01
   03  0.1350329E+05  0.4382635E+04  0.9426872E+01 -0.1224135E+02 -0.8328862E-01
   03  0.1353942E+05  0.4382631E+04  0.9918127E+01 -0.1296830E+02 -0.8749313E-01
   03  0.1357556E+05  0.4382627E+04  0.1037005E+02 -0.1362518E+02 -0.9130083E-01
   03  0.1361169E+05  0.4382624E+04  0.1078508E+02 -0.1421461E+02 -0.9472632E-01
   03  0.1364782E+05  0.4382621E+04  0.1116551E+02 -0.1473962E+02 -0.9778568E-01
   03  0.1368395E+05  0.4382618E+04  0.1151302E+02 -0.1520321E+02 -0.1004939E+00
   03  0.1372008E+05  0.4382616E+04  0.1182852E+02 -0.1560779E+02 -0.1028624E+00
   03  0.1375621E+05  0.4382614E+04  0.1211129E+02 -0.1595458E+02 -0.1048944E+00
   03  0.1379235E+05  0.4382612E+04  0.1235895E+02 -0.1624341E+02 -0.1065862E+00
   03  0.1382848E+05  0.4382611E+04  0.1256669E+02 -0.1647269E+02 -0.1079166E+00
   03  0.1386461E+05  0.4382610E+04  0.1272978E+02 -0.1664236E+02 -0.1088737E+00
   03  0.1390074E+05  0.4382609E+04  0.1284314E+02 -0.1675258E+02 -0.1094561E+00
   03  0.1393687E+05  0.4382609E+04  0.1291153E+02 -0.1681431E+02 -0.1097199E+00
   03  0.1397300E+05  0.4382609E+04  0.1294765E+02 -0.1684066E+02 -0.1097584E+00
   03  0.1400914E+05  0.4382609E+04  0.1296354E+02 -0.1684285E+02 -0.1096203E+00
   03  0.1404527E+05  0.4382609E+04  0.1297020E+02 -0.1682882E+02 -0.1093592E+00
   03  0.1408074E+05  0.4382610E+04  0.1295470E+02 -0.1679780E+02 -0.1089541E+00
   03  0.1411621E+05  0.4382610E+04  0.1290800E+02 -0.1673253E+02 -0.1083180E+00
   03  0.1415169E+05  0.4382611E+04  0.1281669E+02 -0.1662161E+02 -0.1073787E+00
   03  0.1418716E+05  0.4382612E+04  0.1267554E+02 -0.1646023E+02 -0.1061001E+00
   03  0.1422263E+05  0.4382614E+04  0.1248399E+02 -0.1624045E+02 -0.1044586E+00
   03  0.1425811E+05  0.4382616E+04  0.1224223E+02 -0.1596114E+02 -0.1024460E+00
   03  0.1429358E+05  0.4382618E+04  0.1194687E+02 -0.1562274E+02 -0.1000739E+00
   03  0.1432905E+05  0.4382621E+04  0.1160334E+02 -0.1522878E+02 -0.9733638E-01
   03  0.1436453E+05  0.4382624E+04  0.1121627E+02 -0.1478173E+02 -0.9425124E-01
   03  0.1440000E+05  0.4382628E+04  0.1078577E+02 -0.1428559E+02 -0.9086315E-01
   03  0.1443613E+05  0.4382631E+04  0.1030638E+02 -0.1373640E+02 -0.8713973E-01
   03  0.1447226E+05  0.4382635E+04  0.9790992E+01 -0.1315078E+02 -0.8318275E-01
   03  0.1450840E+05  0.4382639E+04  0.9245936E+01 -0.1253662E+02 -0.7904036E-01
   03  0.1454453E+05  0.4382644E+04  0.8677829E+01 -0.1190223E+02 -0.7476421E-01
   03  0.1458066E+05  0.4382648E+04  0.8093510E+01 -0.1125575E+02 -0.7040566E-01
   03  0.1462582E+05  0.4382654E+04  0.7351044E+01 -0.1044333E+02 -0.6492020E-01
   03  0.1465970E+05  0.4382658E+04  0.6792652E+01 -0.9837409E+01 -0.6081960E-01
   03  0.1469357E+05  0.4382662E+04  0.6238858E+01 -0.9240840E+01 -0.5677319E-01
   03  0.1472744E+05  0.4382666E+04  0.5694328E+01 -0.8658231E+01 -0.5281032E-01
   03  0.1476132E+05  0.4382670E+04  0.5163135E+01 -0.8093457E+01 -0.4895531E-01
   03  0.1479745E+05  0.4382674E+04  0.4615019E+01 -0.7514237E+01 -0.4498458E-01
   03  0.1483358E+05  0.4382677E+04  0.4089031E+01 -0.6961597E+01 -0.4117640E-01
   03  0.1486971E+05  0.4382681E+04  0.3587328E+01 -0.6437495E+01 -0.3754359E-01
   03  0.1490584E+05  0.4382684E+04  0.3111150E+01 -0.5943169E+01 -0.3409441E-01
   03  0.1494198E+05  0.4382688E+04  0.2660993E+01 -0.5479282E+01 -0.3083311E-01
   03  0.1497811E+05  0.4382691E+04  0.2236851E+01 -0.5046075E+01 -0.2776091E-01
   03  0.1501424E+05  0.4382694E+04  0.1838482E+01 -0.4643520E+01 -0.2487725E-01
   03  0.1505037E+05  0.4382696E+04  0.1465720E+01 -0.4271499E+01 -0.2218134E-01
   03  0.1508650E+05  0.4382699E+04  0.1118798E+01 -0.3930034E+01 -0.1967380E-01
   03  0.1512263E+05  0.4382701E+04  0.7986837E+00 -0.3619537E+01 -0.1735867E-01
   03  0.1516780E+05  0.4382704E+04  0.4396740E+00 -0.3276923E+01 -0.1475298E-01
   03  0.1521296E+05  0.4382706E+04  0.1322507E+00 -0.2988250E+01 -0.1249357E-01
   03  0.1525813E+05  0.4382708E+04 -0.1153476E+00 -0.2758632E+01 -0.1061963E-01
   03  0.1530329E+05  0.4382709E+04 -0.2966765E+00 -0.2592471E+01 -0.9170955E-02
   03  0.1534846E+05  0.4382710E+04 -0.4083137E+00 -0.2489241E+01 -0.8142514E-02
   03  0.1539362E+05  0.4382711E+04 -0.4535681E+00 -0.2443466E+01 -0.7497924E-02
   03  0.1543879E+05  0.4382711E+04 -0.4480221E+00 -0.2440614E+01 -0.7159465E-02
   03  0.1548395E+05  0.4382712E+04 -0.4148586E+00 -0.2472272E+01 -0.7033170E-02
   03  0.1552008E+05  0.4382711E+04 -0.3707298E+00 -0.2516880E+01 -0.7060583E-02
   03  0.1555621E+05  0.4382711E+04 -0.3089435E+00 -0.2578751E+01 -0.7207889E-02
   03  0.1559235E+05  0.4382711E+04 -0.2274238E+00 -0.2665442E+01 -0.7500650E-02
   03  0.1562848E+05  0.4382711E+04 -0.1258013E+00 -0.2779920E+01 -0.7947574E-02
   03  0.1566461E+05  0.4382710E+04 -0.6556616E-02 -0.2920353E+01 -0.8537741E-02
   03  0.1570977E+05  0.4382709E+04  0.1608414E+00 -0.3131141E+01 -0.9450938E-02
   03  0.1575494E+05  0.4382708E+04  0.3420771E+00 -0.3377414E+01 -0.1052073E-01
   03  0.1580010E+05  0.4382707E+04  0.5301175E+00 -0.3652564E+01 -0.1170267E-01
   03  0.1584527E+05  0.4382706E+04  0.7185913E+00 -0.3950486E+01 -0.1294612E-01
   03  0.1588074E+05  0.4382705E+04  0.8635604E+00 -0.4196362E+01 -0.1393508E-01
   03  0.1591621E+05  0.4382704E+04  0.1003088E+01 -0.4448423E+01 -0.1490935E-01
   03  0.1595169E+05  0.4382703E+04  0.1132371E+01 -0.4702476E+01 -0.1583605E-01
   03  0.1598716E+05  0.4382702E+04  0.1245416E+01 -0.4953061E+01 -0.1667362E-01
   03  0.1602263E+05  0.4382701E+04  0.1332986E+01 -0.5193731E+01 -0.1736805E-01
   03  0.1605811E+05  0.4382701E+04  0.1393551E+01 -0.5420096E+01 -0.1791072E-01
   03  0.1609358E+05  0.4382700E+04  0.1437035E+01 -0.5632141E+01 -0.1834532E-01
   03  0.1612905E+05  0.4382700E+04  0.1470917E+01 -0.5830010E+01 -0.1870388E-01
   03  0.1616453E+05  0.4382700E+04  0.1492766E+01 -0.6011672E+01 -0.1897342E-01
   03  0.1620000E+05  0.4382699E+04  0.1492078E+01 -0.6172736E+01 -0.1910206E-01
   03  0.1624516E+05  0.4382700E+04  0.1432381E+01 -0.6339642E+01 -0.1893270E-01
   03  0.1629033E+05  0.4382700E+04  0.1286165E+01 -0.6462064E+01 -0.1829444E-01
   03  0.1633549E+05  0.4382701E+04  0.1056929E+01 -0.6542511E+01 -0.1720202E-01
   03  0.1638066E+05  0.4382703E+04  0.7537446E+00 -0.6585699E+01 -0.1570680E-01
   03  0.1642582E+05  0.4382705E+04  0.3865216E+00 -0.6597116E+01 -0.1387147E-01
   03  0.1647099E+05  0.4382707E+04 -0.3399267E-01 -0.6588443E+01 -0.1176097E-01
   03  0.1651615E+05  0.4382709E+04 -0.5065180E+00 -0.6563841E+01 -0.9390776E-02
   03  0.1656132E+05  0.4382712E+04 -0.1035245E+01 -0.6507761E+01 -0.6705155E-02
   03  0.1660648E+05  0.4382715E+04 -0.1625605E+01 -0.6406999E+01 -0.3629642E-02
   03  0.1665165E+05  0.4382718E+04 -0.2278241E+01 -0.6250945E+01 -0.1299888E-03
   03  0.1669681E+05  0.4382722E+04 -0.2985195E+01 -0.6042080E+01  0.3763439E-02
   03  0.1674198E+05  0.4382727E+04 -0.3737711E+01 -0.5787163E+01  0.7987441E-02
   03  0.1678714E+05  0.4382731E+04 -0.4524786E+01 -0.5493531E+01  0.1247147E-01
   03  0.1683230E+05  0.4382736E+04 -0.5336131E+01 -0.5169657E+01  0.1715242E-01
   03  0.1687747E+05  0.4382741E+04 -0.6163237E+01 -0.4822372E+01  0.2196372E-01
   03  0.1692263E+05  0.4382745E+04 -0.6996697E+01 -0.4457207E+01  0.2685009E-01
   03  0.1696780E+05  0.4382750E+04 -0.7826877E+01 -0.4078971E+01  0.3175791E-01
   03  0.1701296E+05  0.4382755E+04 -0.8643594E+01 -0.3691597E+01  0.3662490E-01
   03  0.1705813E+05  0.4382760E+04 -0.9434020E+01 -0.3297930E+01  0.4138213E-01
   03  0.1710329E+05  0.4382764E+04 -0.1018331E+02 -0.2899666E+01  0.4595053E-01
   03  0.1714846E+05  0.4382769E+04 -0.1087632E+02 -0.2497398E+01  0.5024671E-01
   03  0.1719362E+05  0.4382773E+04 -0.1149983E+02 -0.2090808E+01  0.5419770E-01
   03  0.1723879E+05  0.4382776E+04 -0.1204504E+02 -0.1679082E+01  0.5775224E-01
   03  0.1728395E+05  0.4382779E+04 -0.1250762E+02 -0.1261602E+01  0.6088121E-01
   03  0.1732911E+05  0.4382782E+04 -0.1288642E+02 -0.8382943E+00  0.6357103E-01
   03  0.1737428E+05  0.4382784E+04 -0.1317795E+02 -0.4098852E+00  0.6580044E-01
   03  0.1741944E+05  0.4382786E+04 -0.1337759E+02  0.2476697E-01  0.6753731E-01
   03  0.1746461E+05  0.4382787E+04 -0.1348770E+02  0.4671994E+00  0.6878803E-01
   03  0.1750977E+05  0.4382788E+04 -0.1354213E+02  0.9122764E+00  0.6971483E-01
   03  0.1755494E+05  0.4382789E+04 -0.1357500E+02  0.1355022E+01  0.7047734E-01
   03  0.1760010E+05  0.4382790E+04 -0.1359647E+02  0.1792471E+01  0.7112322E-01
   03  0.1764527E+05  0.4382790E+04 -0.1360208E+02  0.2226290E+01  0.7162681E-01
   03  0.1768961E+05  0.4382790E+04 -0.1356747E+02  0.2652081E+01  0.7186202E-01
   03  0.1773395E+05  0.4382790E+04 -0.1345607E+02  0.3084786E+01  0.7166001E-01
   03  0.1777829E+05  0.4382789E+04 -0.1324170E+02  0.3524924E+01  0.7090247E-01
   03  0.1782263E+05  0.4382788E+04 -0.1293951E+02  0.3965399E+01  0.6965757E-01
   03  0.1786698E+05  0.4382787E+04 -0.1256178E+02  0.4398249E+01  0.6799045E-01
   03  0.1791132E+05  0.4382784E+04 -0.1211826E+02  0.4815107E+01  0.6595087E-01
   03  0.1795566E+05  0.4382782E+04 -0.1161575E+02  0.5207890E+01  0.6356507E-01
   03  0.1800000E+05  0.4382779E+04 -0.1105777E+02  0.5569708E+01  0.6084877E-01
   03  0.1804516E+05  0.4382776E+04 -0.1043449E+02  0.5901426E+01  0.5775542E-01
   03  0.1809033E+05  0.4382773E+04 -0.9758435E+01  0.6193288E+01  0.5434685E-01
   03  0.1813549E+05  0.4382769E+04 -0.9033192E+01  0.6444881E+01  0.5064600E-01
   03  0.1818066E+05  0.4382765E+04 -0.8263497E+01  0.6657584E+01  0.4668546E-01
   03  0.1822582E+05  0.4382761E+04 -0.7455313E+01  0.6833670E+01  0.4250233E-01
   03  0.1827099E+05  0.4382757E+04 -0.6614207E+01  0.6974852E+01  0.3812902E-01
   03  0.1831615E+05  0.4382752E+04 -0.5744809E+01  0.7082015E+01  0.3359396E-01
   03  0.1836132E+05  0.4382747E+04 -0.4851374E+01  0.7155490E+01  0.2892364E-01
   03  0.1840648E+05  0.4382743E+04 -0.3941196E+01  0.7200026E+01  0.2416434E-01
   03  0.1845164E+05  0.4382738E+04 -0.3019500E+01  0.7220535E+01  0.1935285E-01
   03  0.1849681E+05  0.4382733E+04 -0.2087939E+01  0.7217209E+01  0.1450728E-01
   03  0.1854197E+05  0.4382728E+04 -0.1148962E+01  0.7188220E+01  0.9634131E-02
   03  0.1858714E+05  0.4382723E+04 -0.2060108E+00  0.7134100E+01  0.4745664E-02
   03  0.1863230E+05  0.4382718E+04  0.7324740E+00  0.7056233E+01 -0.1258806E-03
   03  0.1867747E+05  0.4382714E+04  0.1658175E+01  0.6959465E+01 -0.4938183E-02
   03  0.1872263E+05  0.4382709E+04  0.2564709E+01  0.6845264E+01 -0.9637673E-02
   03  0.1876780E+05  0.4382704E+04  0.3445283E+01  0.6715810E+01 -0.1418630E-01
   03  0.1881296E+05  0.4382700E+04  0.4293861E+01  0.6572355E+01 -0.1855736E-01
   03  0.1885812E+05  0.4382696E+04  0.5104389E+01  0.6414818E+01 -0.2272386E-01
   03  0.1890329E+05  0.4382692E+04  0.5869526E+01  0.6242268E+01 -0.2665965E-01
   03  0.1894845E+05  0.4382688E+04  0.6581121E+01  0.6053208E+01 -0.3033392E-01
   03  0.1899362E+05  0.4382685E+04  0.7229992E+01  0.5845932E+01 -0.3371011E-01
   03  0.1903878E+05  0.4382682E+04  0.7805446E+01  0.5619305E+01 -0.3674594E-01
   03  0.1908395E+05  0.4382679E+04  0.8295257E+01  0.5373092E+01 -0.3938550E-01
   03  0.1912911E+05  0.4382677E+04  0.8683653E+01  0.5106032E+01 -0.4156126E-01
   03  0.1917428E+05  0.4382675E+04  0.8958719E+01  0.4817537E+01 -0.4321514E-01
   03  0.1921944E+05  0.4382674E+04  0.9121403E+01  0.4503614E+01 -0.4432123E-01
   03  0.1926460E+05  0.4382674E+04  0.9189705E+01  0.4166101E+01 -0.4497508E-01
   03  0.1930977E+05  0.4382673E+04  0.9207296E+01  0.3817342E+01 -0.4538651E-01
   03  0.1935493E+05  0.4382673E+04  0.9206683E+01  0.3467559E+01 -0.4569316E-01
   03  0.1940010E+05  0.4382673E+04  0.9196413E+01  0.3121578E+01 -0.4593846E-01
   03  0.1944526E+05  0.4382672E+04  0.9176618E+01  0.2779441E+01 -0.4611390E-01
   03  0.1948960E+05  0.4382672E+04  0.9137928E+01  0.2440943E+01 -0.4617176E-01
   03  0.1953395E+05  0.4382673E+04  0.9056985E+01  0.2089723E+01 -0.4602517E-01
   03  0.1957829E+05  0.4382673E+04  0.8919493E+01  0.1721474E+01 -0.4561231E-01
   03  0.1962263E+05  0.4382674E+04  0.8739335E+01  0.1339494E+01 -0.4499101E-01
   03  0.1966697E+05  0.4382674E+04  0.8531415E+01  0.9466983E+00 -0.4423454E-01
   03  0.1971132E+05  0.4382675E+04  0.8304016E+01  0.5446675E+00 -0.4340465E-01
   03  0.1975566E+05  0.4382676E+04  0.8063691E+01  0.1334045E+00 -0.4253426E-01
   03  0.1980000E+05  0.4382677E+04  0.7814488E+01 -0.2878193E+00 -0.4163904E-01
   03  0.1984516E+05  0.4382678E+04  0.7553715E+01 -0.7279171E+00 -0.4071395E-01
   03  0.1989033E+05  0.4382679E+04  0.7288166E+01 -0.1180020E+01 -0.3978820E-01
   03  0.1993549E+05  0.4382680E+04  0.7021259E+01 -0.1644705E+01 -0.3887942E-01
   03  0.1998066E+05  0.4382681E+04  0.6757445E+01 -0.2121764E+01 -0.3801437E-01
   03  0.2002582E+05  0.4382681E+04  0.6502095E+01 -0.2609938E+01 -0.3722657E-01
   03  0.2007098E+05  0.4382682E+04  0.6261256E+01 -0.3106771E+01 -0.3654816E-01
   03  0.2011615E+05  0.4382683E+04  0.6040115E+01 -0.3608436E+01 -0.3600301E-01
   03  0.2016131E+05  0.4382683E+04  0.5841551E+01 -0.4109838E+01 -0.3560101E-01
   03  0.2020648E+05  0.4382683E+04  0.5665960E+01 -0.4604929E+01 -0.3533503E-01
   03  0.2025164E+05  0.4382683E+04  0.5511886E+01 -0.5086833E+01 -0.3518527E-01
   03  0.2029681E+05  0.4382683E+04  0.5377038E+01 -0.5547717E+01 -0.3512733E-01
   03  0.2034197E+05  0.4382683E+04  0.5259061E+01 -0.5978792E+01 -0.3513701E-01
   03  0.2038713E+05  0.4382683E+04  0.5155198E+01 -0.6370817E+01 -0.3518974E-01
   03  0.2043230E+05  0.4382683E+04  0.5060981E+01 -0.6715553E+01 -0.3525522E-01
   03  0.2047746E+05  0.4382683E+04  0.4969778E+01 -0.7006811E+01 -0.3529724E-01
   03  0.2052263E+05  0.4382683E+04  0.4874595E+01 -0.7242152E+01 -0.3528010E-01
   03  0.2056779E+05  0.4382683E+04  0.4771217E+01 -0.7422762E+01 -0.3518372E-01
   03  0.2061295E+05  0.4382684E+04  0.4660270E+01 -0.7552005E+01 -0.3501358E-01
   03  0.2065812E+05  0.4382684E+04  0.4544994E+01 -0.7633938E+01 -0.3478757E-01
   03  0.2070328E+05  0.4382684E+04  0.4431256E+01 -0.7668383E+01 -0.3452988E-01
   03  0.2074845E+05  0.4382684E+04  0.4328158E+01 -0.7659089E+01 -0.3427949E-01
   03  0.2079361E+05  0.4382684E+04  0.4245780E+01 -0.7613042E+01 -0.3410537E-01
   03  0.2083878E+05  0.4382684E+04  0.4201863E+01 -0.7548939E+01 -0.3410429E-01
   03  0.2088394E+05  0.4382684E+04  0.4188023E+01 -0.7468602E+01 -0.3424186E-01
   03  0.2092910E+05  0.4382684E+04  0.4183098E+01 -0.7375181E+01 -0.3441584E-01
   03  0.2097427E+05  0.4382684E+04  0.4183635E+01 -0.7267110E+01 -0.3461100E-01
   03  0.2101943E+05  0.4382684E+04  0.4191504E+01 -0.7138918E+01 -0.3482569E-01
   03  0.2106460E+05  0.4382684E+04  0.4205064E+01 -0.6989076E+01 -0.3503214E-01
   03  0.2110976E+05  0.4382683E+04  0.4216732E+01 -0.6817417E+01 -0.3518859E-01
   03  0.2115493E+05  0.4382683E+04  0.4219261E+01 -0.6623253E+01 -0.3525150E-01
   03  0.2120009E+05  0.4382683E+04  0.4207926E+01 -0.6406600E+01 -0.3518801E-01
   03  0.2124525E+05  0.4382684E+04  0.4180026E+01 -0.6170522E+01 -0.3498318E-01
   03  0.2128960E+05  0.4382684E+04  0.4141198E+01 -0.5921206E+01 -0.3465241E-01
   03  0.2133394E+05  0.4382684E+04  0.4090105E+01 -0.5654558E+01 -0.3419185E-01
   03  0.2137828E+05  0.4382685E+04  0.4022244E+01 -0.5370931E+01 -0.3358716E-01
   03  0.2142263E+05  0.4382686E+04  0.3939107E+01 -0.5072065E+01 -0.3283429E-01
   03  0.2146697E+05  0.4382687E+04  0.3839453E+01 -0.4759868E+01 -0.3193306E-01
   03  0.2151131E+05  0.4382688E+04  0.3722491E+01 -0.4435841E+01 -0.3087934E-01
   03  0.2155566E+05  0.4382689E+04  0.3587242E+01 -0.4101466E+01 -0.2966458E-01
   03  0.2160000E+05  0.4382690E+04  0.3431516E+01 -0.3758358E+01 -0.2828359E-01
   03  0.2164516E+05  0.4382692E+04  0.3250333E+01 -0.3401487E+01 -0.2670042E-01
   03  0.2169033E+05  0.4382694E+04  0.3045743E+01 -0.3039332E+01 -0.2493351E-01
   03  0.2173549E+05  0.4382696E+04  0.2818503E+01 -0.2674521E+01 -0.2298341E-01
   03  0.2178066E+05  0.4382698E+04  0.2569064E+01 -0.2309790E+01 -0.2086557E-01
   03  0.2182582E+05  0.4382700E+04  0.2298990E+01 -0.1948080E+01 -0.1860501E-01
   03  0.2187099E+05  0.4382702E+04  0.2010917E+01 -0.1592332E+01 -0.1623572E-01
   03  0.2191615E+05  0.4382705E+04  0.1707242E+01 -0.1245183E+01 -0.1379941E-01
   03  0.2196132E+05  0.4382707E+04  0.1390772E+01 -0.9089369E+00 -0.1133592E-01
   03  0.2200648E+05  0.4382710E+04  0.1064354E+01 -0.5852042E+00 -0.8877749E-02
   03  0.2205164E+05  0.4382712E+04  0.7302222E+00 -0.2746246E+00 -0.6447083E-02
   03  0.2209681E+05  0.4382714E+04  0.3897743E+00  0.2298555E-01 -0.4052395E-02
   03  0.2214197E+05  0.4382717E+04  0.4350433E-01  0.3086573E+00 -0.1690105E-02
   03  0.2218714E+05  0.4382719E+04 -0.3089187E+00  0.5838784E+00  0.6518594E-03
   03  0.2223230E+05  0.4382722E+04 -0.6683502E+00  0.8500691E+00  0.2989156E-02
   03  0.2227747E+05  0.4382724E+04 -0.1035707E+01  0.1107974E+01  0.5336137E-02
   03  0.2232263E+05  0.4382726E+04 -0.1411385E+01  0.1357158E+01  0.7701050E-02
   03  0.2236780E+05  0.4382729E+04 -0.1794561E+01  0.1595957E+01  0.1008138E-01
   03  0.2241296E+05  0.4382731E+04 -0.2184404E+01  0.1820453E+01  0.1247095E-01
   03  0.2245813E+05  0.4382733E+04 -0.2578172E+01  0.2027096E+01  0.1484415E-01
   03  0.2250329E+05  0.4382736E+04 -0.2970153E+01  0.2208101E+01  0.1717498E-01
   03  0.2254845E+05  0.4382738E+04 -0.3353058E+01  0.2361101E+01  0.1941888E-01
   03  0.2259362E+05  0.4382740E+04 -0.3721425E+01  0.2485057E+01  0.2153185E-01
   03  0.2263878E+05  0.4382742E+04 -0.4071394E+01  0.2578446E+01  0.2348731E-01
   03  0.2268395E+05  0.4382744E+04 -0.4400741E+01  0.2642363E+01  0.2526987E-01
   03  0.2272911E+05  0.4382745E+04 -0.4707778E+01  0.2680695E+01  0.2685763E-01
   03  0.2277428E+05  0.4382747E+04 -0.4989812E+01  0.2699122E+01  0.2822276E-01
   03  0.2281944E+05  0.4382748E+04 -0.5238202E+01  0.2702842E+01  0.2932020E-01
   03  0.2286461E+05  0.4382749E+04 -0.5437932E+01  0.2694582E+01  0.3009527E-01
   03  0.2290977E+05  0.4382749E+04 -0.5563630E+01  0.2679013E+01  0.3045498E-01
   03  0.2295493E+05  0.4382749E+04 -0.5612650E+01  0.2663129E+01  0.3040806E-01
   03  0.2300010E+05  0.4382749E+04 -0.5622963E+01  0.2648713E+01  0.3015995E-01
   03  0.2304526E+05  0.4382748E+04 -0.5614255E+01  0.2639326E+01  0.2980636E-01
   03  0.2308961E+05  0.4382748E+04 -0.5574140E+01  0.2634809E+01  0.2931162E-01
   03  0.2313395E+05  0.4382747E+04 -0.5489188E+01  0.2630801E+01  0.2862882E-01
   03  0.2317829E+05  0.4382746E+04 -0.5356860E+01  0.2622198E+01  0.2776364E-01
   03  0.2322263E+05  0.4382745E+04 -0.5174477E+01  0.2602546E+01  0.2670972E-01
   03  0.2326697E+05  0.4382744E+04 -0.4939933E+01  0.2567234E+01  0.2544697E-01
   03  0.2331132E+05  0.4382743E+04 -0.4654814E+01  0.2510043E+01  0.2397832E-01
   03  0.2335566E+05  0.4382741E+04 -0.4322641E+01  0.2430035E+01  0.2228909E-01
   03  0.2340000E+05  0.4382739E+04 -0.3950625E+01  0.2330633E+01  0.2038665E-01
   03  0.2344516E+05  0.4382737E+04 -0.3543215E+01  0.2213663E+01  0.1825376E-01
   03  0.2349033E+05  0.4382735E+04 -0.3124886E+01  0.2085055E+01  0.1597564E-01
   03  0.2353549E+05  0.4382732E+04 -0.2709171E+01  0.1948839E+01  0.1363530E-01
   03  0.2358066E+05  0.4382730E+04 -0.2307966E+01  0.1809868E+01  0.1130763E-01
   03  0.2362582E+05  0.4382728E+04 -0.1935190E+01  0.1675069E+01  0.9043839E-02
   03  0.2367099E+05  0.4382725E+04 -0.1597964E+01  0.1549598E+01  0.6888884E-02
   03  0.2371615E+05  0.4382723E+04 -0.1297538E+01  0.1437059E+01  0.4872539E-02
   03  0.2376132E+05  0.4382722E+04 -0.1026056E+01  0.1336935E+01  0.3024960E-02
   03  0.2380648E+05  0.4382720E+04 -0.7786710E+00  0.1246705E+01  0.1339613E-02
   03  0.2385165E+05  0.4382718E+04 -0.5544126E+00  0.1162550E+01 -0.2132587E-03
   03  0.2389681E+05  0.4382717E+04 -0.3457101E+00  0.1082629E+01 -0.1653183E-02
   03  0.2394197E+05  0.4382716E+04 -0.1429121E+00  0.1005689E+01 -0.2997754E-02
   03  0.2398714E+05  0.4382714E+04  0.5791398E-01  0.9315734E+00 -0.4280247E-02
   03  0.2403230E+05  0.4382713E+04  0.2583057E+00  0.8610755E+00 -0.5530212E-02
   03  0.2407747E+05  0.4382712E+04  0.4582739E+00  0.7952266E+00 -0.6764183E-02
   03  0.2412263E+05  0.4382711E+04  0.6563766E+00  0.7353037E+00 -0.7989460E-02
   03  0.2416780E+05  0.4382709E+04  0.8503061E+00  0.6828602E+00 -0.9205988E-02
   03  0.2421296E+05  0.4382708E+04  0.1037432E+01  0.6389119E+00 -0.1040714E-01
   03  0.2425813E+05  0.4382707E+04  0.1215344E+01  0.6033814E+00 -0.1157985E-01
   03  0.2430329E+05  0.4382706E+04  0.1382123E+01  0.5749681E+00 -0.1270696E-01
   03  0.2434846E+05  0.4382705E+04  0.1536600E+01  0.5519144E+00 -0.1377190E-01
   03  0.2439362E+05  0.4382704E+04  0.1678355E+01  0.5326544E+00 -0.1475807E-01
   03  0.2443878E+05  0.4382703E+04  0.1807349E+01  0.5155387E+00 -0.1564270E-01
   03  0.2448395E+05  0.4382702E+04  0.1924130E+01  0.4971542E+00 -0.1638778E-01
   03  0.2452911E+05  0.4382702E+04  0.2029583E+01  0.4801060E+00 -0.1697265E-01
   03  0.2457428E+05  0.4382701E+04  0.2124234E+01  0.4691245E+00 -0.1740435E-01
   03  0.2461944E+05  0.4382701E+04  0.2210414E+01  0.4653836E+00 -0.1770386E-01
   03  0.2466461E+05  0.4382701E+04  0.2288810E+01  0.4649713E+00 -0.1789021E-01
   03  0.2470977E+05  0.4382701E+04  0.2357634E+01  0.4600328E+00 -0.1794890E-01
   03  0.2475494E+05  0.4382701E+04  0.2411904E+01  0.4515577E+00 -0.1785955E-01
   03  0.2480010E+05  0.4382701E+04  0.2436280E+01  0.4423704E+00 -0.1757530E-01
   03  0.2484527E+05  0.4382701E+04  0.2434131E+01  0.4302868E+00 -0.1713534E-01
   03  0.2488961E+05  0.4382702E+04  0.2419195E+01  0.4186505E+00 -0.1667950E-01
   03  0.2493395E+05  0.4382702E+04  0.2385868E+01  0.4085625E+00 -0.1619473E-01
   03  0.2497829E+05  0.4382703E+04  0.2337627E+01  0.3998028E+00 -0.1570793E-01
   03  0.2502263E+05  0.4382703E+04  0.2277714E+01  0.3917180E+00 -0.1524810E-01
   03  0.2506697E+05  0.4382704E+04  0.2210505E+01  0.3832880E+00 -0.1483623E-01
   03  0.2511132E+05  0.4382704E+04  0.2140104E+01  0.3732860E+00 -0.1448541E-01
   03  0.2515566E+05  0.4382704E+04  0.2069918E+01  0.3601606E+00 -0.1420238E-01
   03  0.2520000E+05  0.4382705E+04  0.2002638E+01  0.3423025E+00 -0.1398611E-01
   03  0.2524516E+05  0.4382705E+04  0.1938958E+01  0.3178018E+00 -0.1382575E-01
   03  0.2529033E+05  0.4382705E+04  0.1880614E+01  0.2862832E+00 -0.1370899E-01
   03  0.2533549E+05  0.4382705E+04  0.1828181E+01  0.2485099E+00 -0.1361662E-01
   03  0.2538066E+05  0.4382705E+04  0.1782241E+01  0.2032588E+00 -0.1353410E-01
   03  0.2542582E+05  0.4382705E+04  0.1742658E+01  0.1510332E+00 -0.1344753E-01
   03  0.2547099E+05  0.4382705E+04  0.1712262E+01  0.9276883E-01 -0.1333070E-01
   03  0.2551615E+05  0.4382705E+04  0.1691696E+01  0.2819633E-01 -0.1317283E-01
   03  0.2556132E+05  0.4382706E+04  0.1676739E+01 -0.4311656E-01 -0.1298211E-01
   03  0.2560648E+05  0.4382706E+04  0.1665907E+01 -0.1211020E+00 -0.1276151E-01
   03  0.2565165E+05  0.4382706E+04  0.1658223E+01 -0.2057740E+00 -0.1250910E-01
   03  0.2569681E+05  0.4382706E+04  0.1653865E+01 -0.2975363E+00 -0.1222356E-01
   03  0.2574197E+05  0.4382707E+04  0.1651749E+01 -0.3969698E+00 -0.1190390E-01
   03  0.2578714E+05  0.4382707E+04  0.1650392E+01 -0.5047760E+00 -0.1155403E-01
   03  0.2583230E+05  0.4382707E+04  0.1648411E+01 -0.6207244E+00 -0.1118511E-01
   03  0.2587747E+05  0.4382708E+04  0.1644234E+01 -0.7444613E+00 -0.1080805E-01
   03  0.2592263E+05  0.4382708E+04  0.1637418E+01 -0.8753175E+00 -0.1043403E-01
   03  0.2596780E+05  0.4382708E+04  0.1628265E+01 -0.1012471E+01 -0.1007624E-01
   03  0.2601296E+05  0.4382709E+04  0.1618454E+01 -0.1154672E+01 -0.9746553E-02
   03  0.2605813E+05  0.4382709E+04  0.1611066E+01 -0.1299548E+01 -0.9459320E-02
   03  0.2610329E+05  0.4382709E+04  0.1606468E+01 -0.1445423E+01 -0.9211950E-02
   03  0.2614846E+05  0.4382710E+04  0.1608735E+01 -0.1590178E+01 -0.9015117E-02
   03  0.2619362E+05  0.4382710E+04  0.1620351E+01 -0.1731541E+01 -0.8871079E-02
   03  0.2623878E+05  0.4382710E+04  0.1642402E+01 -0.1867164E+01 -0.8778994E-02
   03  0.2628395E+05  0.4382710E+04  0.1673896E+01 -0.1994921E+01 -0.8734644E-02
   03  0.2632911E+05  0.4382710E+04  0.1711578E+01 -0.2113196E+01 -0.8730330E-02
   03  0.2637428E+05  0.4382710E+04  0.1751314E+01 -0.2220777E+01 -0.8755932E-02
   03  0.2641944E+05  0.4382710E+04  0.1789119E+01 -0.2317158E+01 -0.8805028E-02
   02  0.2646461E+05  0.4425452E+04  0.1742660E+01 -0.2251377E+01 -0.9196708E-02
   02  0.2664527E+05  0.4425453E+04  0.1667484E+01 -0.2557801E+01 -0.8840855E-02
   02  0.2682263E+05  0.4425453E+04  0.1532430E+01 -0.2808707E+01 -0.8089777E-02
   01  0.2700000E+05  0.4427347E+04  0.9316429E+00 -0.2615740E+01 -0.4611939E-02
   01  0.2736132E+05  0.4427351E+04  0.3043431E+00 -0.2664481E+01 -0.6806377E-03
   01  0.2772263E+05  0.4427355E+04 -0.3444913E+00 -0.2431877E+01  0.3334623E-02
   01  0.2808395E+05  0.4427359E+04 -0.8577326E+00 -0.1991972E+01  0.6493246E-02
   01  0.2844527E+05  0.4427360E+04 -0.1089405E+01 -0.1480604E+01  0.8088357E-02
   01  0.2880000E+05  0.4427360E+04 -0.1045234E+01 -0.9550389E+00  0.8036469E-02
   01  0.2916132E+05  0.4427359E+04 -0.8210165E+00 -0.4154887E+00  0.6563697E-02
   01  0.2952263E+05  0.4427356E+04 -0.4816374E+00  0.1020805E+00  0.4128520E-02
   01  0.2988395E+05  0.4427353E+04 -0.2141883E-01  0.5704611E+00  0.8045600E-03
   01  0.3024527E+05  0.4427349E+04  0.5017105E+00  0.9461863E+00 -0.3078105E-02
   01  0.3060000E+05  0.4427346E+04  0.9447404E+00  0.1207556E+01 -0.6560619E-02
   01  0.3096132E+05  0.4427343E+04  0.1261157E+01  0.1323975E+01 -0.9190289E-02
   01  0.3132263E+05  0.4427341E+04  0.1406172E+01  0.1318095E+01 -0.1068093E-01
   01  0.3168395E+05  0.4427341E+04  0.1400517E+01  0.1231843E+01 -0.1113828E-01
   01  0.3204527E+05  0.4427341E+04  0.1308280E+01  0.1098673E+01 -0.1095005E-01
