# gauge_id=     4 location=(   0.3000000E+00   0.0000000E+00 ) num_var=  8
 # level, time, q[  1  2  3  4  5  6], eta[  1  2], aux[]
   01  0.0000000E+00  0.2000000E+00  0.0000000E+00  0.0000000E+00  0.0000000E+00  0.0000000E+00  0.0000000E+00  0.2775558E-15 -0.2000000E+00
   01  0.2250000E-02  0.2000000E+00 -0.1537060E-18 -0.3270532E-19  0.0000000E+00  0.0000000E+00  0.0000000E+00  0.2775558E-15 -0.2000000E+00
   01  0.2030001E-01  0.2000000E+00 -0.7130813E-18 -0.2877448E-18  0.0000000E+00  0.0000000E+00  0.0000000E+00  0.2775558E-15 -0.2000000E+00
   02  0.3000000E-01  0.2000000E+00  0.5837231E-17 -0.1562980E-18  0.0000000E+00  0.0000000E+00  0.0000000E+00  0.1942890E-15 -0.2000000E+00
   02  0.3905895E-01  0.2000000E+00  0.2938675E-14 -0.2979084E-17  0.0000000E+00  0.0000000E+00  0.0000000E+00  0.2275957E-14 -0.2000000E+00
   02  0.4811790E-01  0.2000000E+00  0.6950109E-14 -0.6025854E-17  0.0000000E+00  0.0000000E+00  0.0000000E+00  0.5134781E-14 -0.2000000E+00
   02  0.5207860E-01  0.2000000E+00  0.9799035E-10 -0.3147373E-17  0.0000000E+00  0.0000000E+00  0.0000000E+00  0.6995762E-10 -0.2000000E+00
   02  0.5603930E-01  0.2000000E+00  0.2843252E-09  0.7795713E-19  0.0000000E+00  0.0000000E+00  0.0000000E+00  0.2029860E-09 -0.2000000E+00
   02  0.6000000E-01  0.2000000E+00  0.6673171E-09  0.2986549E-17  0.0000000E+00  0.0000000E+00  0.0000000E+00  0.4764122E-09 -0.2000000E+00
   02  0.6604174E-01  0.2000000E+00  0.4500130E-08  0.7792240E-17  0.0000000E+00  0.0000000E+00  0.0000000E+00  0.3212737E-08 -0.2000000E+00
   02  0.7208348E-01  0.2000000E+00  0.3157274E-07  0.1164498E-16  0.0000000E+00  0.0000000E+00  0.0000000E+00  0.2254041E-07 -0.2000000E+00
   02  0.7812522E-01  0.2000000E+00  0.6071026E-07  0.1254607E-16  0.0000000E+00  0.0000000E+00  0.0000000E+00  0.4334228E-07 -0.2000000E+00
   02  0.8406261E-01  0.2000001E+00  0.1274894E-06  0.1651557E-16  0.0000000E+00  0.0000000E+00  0.0000000E+00  0.8948674E-07 -0.2000000E+00
   02  0.9000000E-01  0.2000002E+00  0.2577532E-06  0.2041872E-16  0.0000000E+00  0.0000000E+00  0.0000000E+00  0.1821598E-06 -0.2000000E+00
   03  0.9604769E-01  0.2000001E+00  0.1409688E-06  0.3770252E-16  0.0000000E+00  0.0000000E+00  0.0000000E+00  0.1163521E-06 -0.2000000E+00
   03  0.9907154E-01  0.2000001E+00  0.1780625E-06  0.4276237E-16  0.0000000E+00  0.0000000E+00  0.0000000E+00  0.1348484E-06 -0.2000000E+00
   03  0.1020954E+00  0.2000002E+00  0.2375641E-06  0.4086741E-16  0.0000000E+00  0.0000000E+00  0.0000000E+00  0.1721483E-06 -0.2000000E+00
   03  0.1051192E+00  0.2000003E+00  0.3518347E-06  0.4265373E-16  0.0000000E+00  0.0000000E+00  0.0000000E+00  0.2504944E-06 -0.2000000E+00
   03  0.1081431E+00  0.2000004E+00  0.6052249E-06  0.4950525E-16  0.0000000E+00  0.0000000E+00  0.0000000E+00  0.4292771E-06 -0.2000000E+00
   03  0.1101192E+00  0.2000006E+00  0.8829155E-06  0.5090033E-16  0.0000000E+00  0.0000000E+00  0.0000000E+00  0.6266383E-06 -0.2000000E+00
   03  0.1120954E+00  0.2000009E+00  0.1326578E-05  0.5020487E-16  0.0000000E+00  0.0000000E+00  0.0000000E+00  0.9429181E-06 -0.2000000E+00
   03  0.1160477E+00  0.2000029E+00  0.4058059E-05  0.4680782E-16  0.0000000E+00  0.0000000E+00  0.0000000E+00  0.2892517E-05 -0.2000000E+00
   03  0.1200000E+00  0.2000105E+00  0.1464778E-04  0.4953071E-16  0.0000000E+00  0.0000000E+00  0.0000000E+00  0.1045036E-04 -0.2000000E+00
   03  0.1245352E+00  0.2000409E+00  0.5734711E-04  0.5345066E-16  0.0000000E+00  0.0000000E+00  0.0000000E+00  0.4090342E-04 -0.2000000E+00
   03  0.1290705E+00  0.2001424E+00  0.1999848E-03  0.3649008E-16  0.0000000E+00  0.0000000E+00  0.0000000E+00  0.1423918E-03 -0.2000000E+00
   03  0.1336057E+00  0.2004806E+00  0.6773785E-03  0.1681682E-16  0.0000000E+00  0.0000000E+00  0.0000000E+00  0.4805589E-03 -0.2000000E+00
   03  0.1381409E+00  0.2012234E+00  0.1731245E-02 -0.6718402E-17  0.0000000E+00  0.0000000E+00  0.0000000E+00  0.1223440E-02 -0.2000000E+00
   03  0.1401174E+00  0.2017083E+00  0.2421935E-02 -0.1158794E-16  0.0000000E+00  0.0000000E+00  0.0000000E+00  0.1708340E-02 -0.2000000E+00
   03  0.1420939E+00  0.2022170E+00  0.3148445E-02 -0.1167185E-16  0.0000000E+00  0.0000000E+00  0.0000000E+00  0.2216975E-02 -0.2000000E+00
   03  0.1460470E+00  0.2032877E+00  0.4683167E-02 -0.1144612E-16  0.0000000E+00  0.0000000E+00  0.0000000E+00  0.3287723E-02 -0.2000000E+00
   03  0.1500000E+00  0.2043505E+00  0.6214251E-02 -0.9931620E-17  0.0000000E+00  0.0000000E+00  0.0000000E+00  0.4350464E-02 -0.2000000E+00
   03  0.1530219E+00  0.2049695E+00  0.7108251E-02 -0.2452791E-17  0.0000000E+00  0.0000000E+00  0.0000000E+00  0.4969526E-02 -0.2000000E+00
   03  0.1560439E+00  0.2054245E+00  0.7766768E-02  0.3564006E-17  0.0000000E+00  0.0000000E+00  0.0000000E+00  0.5424485E-02 -0.2000000E+00
   03  0.1590658E+00  0.2057119E+00  0.8183802E-02  0.6865212E-17  0.0000000E+00  0.0000000E+00  0.0000000E+00  0.5711877E-02 -0.2000000E+00
   03  0.1620878E+00  0.2058345E+00  0.8361608E-02  0.7646513E-17  0.0000000E+00  0.0000000E+00  0.0000000E+00  0.5834480E-02 -0.2000000E+00
   03  0.1651097E+00  0.2059058E+00  0.8464859E-02  0.6867598E-17  0.0000000E+00  0.0000000E+00  0.0000000E+00  0.5905785E-02 -0.2000000E+00
   03  0.1681317E+00  0.2059224E+00  0.8488075E-02  0.6612011E-17  0.0000000E+00  0.0000000E+00  0.0000000E+00  0.5922379E-02 -0.2000000E+00
   03  0.1710987E+00  0.2058228E+00  0.8341439E-02  0.4033751E-17  0.0000000E+00  0.0000000E+00  0.0000000E+00  0.5822784E-02 -0.2000000E+00
   03  0.1740658E+00  0.2055953E+00  0.8011189E-02 -0.2007472E-17  0.0000000E+00  0.0000000E+00  0.0000000E+00  0.5595289E-02 -0.2000000E+00
   03  0.1770329E+00  0.2052395E+00  0.7498389E-02  0.2017832E-17  0.0000000E+00  0.0000000E+00  0.0000000E+00  0.5239528E-02 -0.2000000E+00
   03  0.1800000E+00  0.2047568E+00  0.6803700E-02  0.4674105E-17  0.0000000E+00  0.0000000E+00  0.0000000E+00  0.4756765E-02 -0.2000000E+00
   03  0.1830223E+00  0.2041653E+00  0.5953163E-02  0.6255689E-17  0.0000000E+00  0.0000000E+00  0.0000000E+00  0.4165285E-02 -0.2000000E+00
   03  0.1860447E+00  0.2035438E+00  0.5063338E-02  0.4801798E-17  0.0000000E+00  0.0000000E+00  0.0000000E+00  0.3543776E-02 -0.2000000E+00
   03  0.1890670E+00  0.2029170E+00  0.4165657E-02  0.2448208E-18  0.0000000E+00  0.0000000E+00  0.0000000E+00  0.2917027E-02 -0.2000000E+00
   03  0.1920893E+00  0.2022934E+00  0.3273381E-02 -0.3910633E-17  0.0000000E+00  0.0000000E+00  0.0000000E+00  0.2293385E-02 -0.2000000E+00
   03  0.1951117E+00  0.2017107E+00  0.2442209E-02 -0.1626335E-16  0.0000000E+00  0.0000000E+00  0.0000000E+00  0.1710722E-02 -0.2000000E+00
   03  0.1981340E+00  0.2011994E+00  0.1714618E-02 -0.2534644E-16  0.0000000E+00  0.0000000E+00  0.0000000E+00  0.1199383E-02 -0.2000000E+00
   03  0.2001117E+00  0.2009094E+00  0.1302444E-02 -0.3470456E-16  0.0000000E+00  0.0000000E+00  0.0000000E+00  0.9094180E-03 -0.2000000E+00
   03  0.2020893E+00  0.2006550E+00  0.9412125E-03 -0.4106035E-16  0.0000000E+00  0.0000000E+00  0.0000000E+00  0.6550320E-03 -0.2000000E+00
   03  0.2060447E+00  0.2002546E+00  0.3735978E-03 -0.4944773E-16  0.0000000E+00  0.0000000E+00  0.0000000E+00  0.2545918E-03 -0.2000000E+00
   03  0.2100000E+00  0.1999817E+00 -0.1220704E-04 -0.5543317E-16  0.0000000E+00  0.0000000E+00  0.0000000E+00 -0.1834005E-04 -0.2000000E+00
   03  0.2145360E+00  0.1997784E+00 -0.2979401E-03 -0.5846995E-16  0.0000000E+00  0.0000000E+00  0.0000000E+00 -0.2215998E-03 -0.2000000E+00
   03  0.2190720E+00  0.1996622E+00 -0.4606922E-03 -0.5618529E-16  0.0000000E+00  0.0000000E+00  0.0000000E+00 -0.3378469E-03 -0.2000000E+00
   03  0.2236081E+00  0.1996050E+00 -0.5406966E-03 -0.4910953E-16  0.0000000E+00  0.0000000E+00  0.0000000E+00 -0.3949528E-03 -0.2000000E+00
   03  0.2281441E+00  0.1995840E+00 -0.5703905E-03 -0.3187201E-16  0.0000000E+00  0.0000000E+00  0.0000000E+00 -0.4160472E-03 -0.2000000E+00
   03  0.2301201E+00  0.1995800E+00 -0.5761146E-03 -0.2358731E-16  0.0000000E+00  0.0000000E+00  0.0000000E+00 -0.4200272E-03 -0.2000000E+00
   03  0.2320961E+00  0.1995775E+00 -0.5797110E-03 -0.1865141E-16  0.0000000E+00  0.0000000E+00  0.0000000E+00 -0.4224894E-03 -0.2000000E+00
   03  0.2360480E+00  0.1995792E+00 -0.5776107E-03 -0.6944857E-17  0.0000000E+00  0.0000000E+00  0.0000000E+00 -0.4207985E-03 -0.2000000E+00
   03  0.2400000E+00  0.1995903E+00 -0.5622935E-03  0.1546161E-17  0.0000000E+00  0.0000000E+00  0.0000000E+00 -0.4097105E-03 -0.2000000E+00
   03  0.2430241E+00  0.1996041E+00 -0.5432194E-03  0.5940738E-18  0.0000000E+00  0.0000000E+00  0.0000000E+00 -0.3959476E-03 -0.2000000E+00
   03  0.2460482E+00  0.1996223E+00 -0.5179103E-03  0.2519540E-17  0.0000000E+00  0.0000000E+00  0.0000000E+00 -0.3776687E-03 -0.2000000E+00
   03  0.2490723E+00  0.1996493E+00 -0.4803951E-03 -0.1843599E-17  0.0000000E+00  0.0000000E+00  0.0000000E+00 -0.3506679E-03 -0.2000000E+00
   03  0.2520964E+00  0.1996755E+00 -0.4439941E-03 -0.6220394E-17  0.0000000E+00  0.0000000E+00  0.0000000E+00 -0.3244541E-03 -0.2000000E+00
   03  0.2551205E+00  0.1997004E+00 -0.4095464E-03 -0.9773706E-17  0.0000000E+00  0.0000000E+00  0.0000000E+00 -0.2996419E-03 -0.2000000E+00
   03  0.2581445E+00  0.1997240E+00 -0.3767790E-03 -0.1156557E-16  0.0000000E+00  0.0000000E+00  0.0000000E+00 -0.2760409E-03 -0.2000000E+00
   03  0.2611084E+00  0.1997457E+00 -0.3465740E-03 -0.1269110E-16  0.0000000E+00  0.0000000E+00  0.0000000E+00 -0.2542826E-03 -0.2000000E+00
   03  0.2640723E+00  0.1997664E+00 -0.3178585E-03 -0.1264913E-16  0.0000000E+00  0.0000000E+00  0.0000000E+00 -0.2335888E-03 -0.2000000E+00
   03  0.2670361E+00  0.1997850E+00 -0.2920313E-03 -0.1429129E-16  0.0000000E+00  0.0000000E+00  0.0000000E+00 -0.2149575E-03 -0.2000000E+00
   03  0.2700000E+00  0.1998021E+00 -0.2683348E-03 -0.1467238E-16  0.0000000E+00  0.0000000E+00  0.0000000E+00 -0.1978501E-03 -0.2000000E+00
   03  0.2730229E+00  0.1998177E+00 -0.2468677E-03 -0.1225439E-16  0.0000000E+00  0.0000000E+00  0.0000000E+00 -0.1823392E-03 -0.2000000E+00
   02  0.2760459E+00  0.1998213E+00 -0.2421574E-03  0.2691790E-18  0.0000000E+00  0.0000000E+00  0.0000000E+00 -0.1786943E-03 -0.2000000E+00
   02  0.2820918E+00  0.1998444E+00 -0.2101645E-03 -0.4097331E-17  0.0000000E+00  0.0000000E+00  0.0000000E+00 -0.1555966E-03 -0.2000000E+00
   02  0.2881377E+00  0.1998645E+00 -0.1823593E-03 -0.8269945E-17  0.0000000E+00  0.0000000E+00  0.0000000E+00 -0.1355258E-03 -0.2000000E+00
   02  0.2920918E+00  0.1998762E+00 -0.1660755E-03 -0.1223683E-16  0.0000000E+00  0.0000000E+00  0.0000000E+00 -0.1237772E-03 -0.2000000E+00
   02  0.2960459E+00  0.1998881E+00 -0.1495450E-03 -0.1460885E-16  0.0000000E+00  0.0000000E+00  0.0000000E+00 -0.1118696E-03 -0.2000000E+00
