# gauge_id=     1 location=(   0.0000000E+00   0.0000000E+00 ) num_var=  8
 # level, time, q[  1  2  3  4  5  6], eta[  1  2], aux[]
   03  0.0000000E+00  0.6000000E+00  0.0000000E+00  0.0000000E+00  0.4000000E+00  0.0000000E+00  0.0000000E+00  0.1751821E-11 -0.6000000E+00
   03  0.2250000E-02  0.6000000E+00  0.8709204E-09 -0.8012232E-18  0.4000000E+00  0.4988529E-09 -0.2539257E-18  0.4421470E-09 -0.6000000E+00
   03  0.5258336E-02  0.6000000E+00  0.1379562E-06  0.4460553E-18  0.4000000E+00  0.7840119E-07  0.1441985E-16  0.6983501E-07 -0.6000000E+00
   03  0.8266671E-02  0.6000013E+00  0.4168176E-05 -0.7885373E-17  0.4000008E+00  0.2372736E-05  0.9158563E-19  0.2111758E-05 -0.5999992E+00
   03  0.1127501E-01  0.6000129E+00  0.4021350E-04 -0.5908193E-16  0.4000075E+00  0.2301069E-04 -0.1619080E-17  0.2042276E-04 -0.5999925E+00
   03  0.1428334E-01  0.6000871E+00  0.2703625E-03 -0.7881294E-16  0.4000504E+00  0.1552893E-03  0.3231326E-16  0.1375386E-03 -0.5999496E+00
   03  0.1729168E-01  0.6004292E+00  0.1325574E-02 -0.1209412E-15  0.4002465E+00  0.7651003E-03  0.1958827E-16  0.6757251E-03 -0.5997535E+00
   03  0.2030001E-01  0.6015224E+00  0.4907364E-02 -0.3153372E-16  0.4009949E+00  0.2913005E-02  0.1424774E-16  0.2517267E-02 -0.5990051E+00
   03  0.2191668E-01  0.6024458E+00  0.7874266E-02 -0.2772686E-16  0.4016143E+00  0.4745343E-02  0.4887894E-16  0.4060110E-02 -0.5983857E+00
   03  0.2353334E-01  0.6034036E+00  0.1091106E-01 -0.1564150E-16  0.4022388E+00  0.6639731E-02  0.4714912E-16  0.5642477E-02 -0.5977612E+00
   03  0.2515001E-01  0.6041963E+00  0.1336772E-01 -0.1452657E-16  0.4027313E+00  0.8193942E-02  0.6839269E-16  0.6927595E-02 -0.5972687E+00
   03  0.2676667E-01  0.6048035E+00  0.1520565E-01 -0.1667895E-16  0.4030885E+00  0.9370045E-02  0.7058612E-16  0.7892002E-02 -0.5969115E+00
   03  0.3000000E-01  0.6054892E+00  0.1720037E-01 -0.1718888E-16  0.4034621E+00  0.1068785E-01  0.3328827E-16  0.8951240E-02 -0.5965379E+00
   03  0.3452948E-01  0.6054512E+00  0.1693042E-01 -0.9221111E-16  0.4033906E+00  0.1062505E-01 -0.5513823E-16  0.8841891E-02 -0.5966094E+00
   03  0.3905895E-01  0.6041546E+00  0.1258995E-01 -0.1782715E-15  0.4024873E+00  0.8062935E-02 -0.4272165E-16  0.6641896E-02 -0.5975127E+00
   03  0.4358843E-01  0.6022658E+00  0.6605081E-02 -0.1175196E-15  0.4012642E+00  0.4330378E-02 -0.2217597E-16  0.3529971E-02 -0.5987358E+00
   03  0.4811790E-01  0.6008478E+00  0.2194747E-02 -0.3062523E-16  0.4003457E+00  0.1467878E-02 -0.2574093E-16  0.1193441E-02 -0.5996543E+00
   03  0.5009825E-01  0.6005370E+00  0.1272601E-02 -0.5898147E-16  0.4001648E+00  0.8761213E-03 -0.2147659E-16  0.7018497E-03 -0.5998352E+00
   03  0.5207860E-01  0.6003464E+00  0.6967390E-03  0.4656241E-18  0.4000498E+00  0.5105273E-03 -0.3080144E-17  0.3961404E-03 -0.5999502E+00
   03  0.5603930E-01  0.6001540E+00  0.1261004E-03  0.1339827E-15  0.3999358E+00  0.1420466E-03  0.3114472E-16  0.8974121E-04 -0.6000642E+00
   03  0.6000000E-01  0.6001049E+00 -0.5758294E-05  0.5766866E-17  0.3999122E+00  0.5372085E-04 -0.2458489E-16  0.1711896E-04 -0.6000878E+00
   03  0.6302087E-01  0.6000960E+00 -0.3018187E-04  0.5987302E-16  0.3999087E+00  0.3865692E-04  0.3834142E-17  0.4677447E-05 -0.6000913E+00
   03  0.6604174E-01  0.6000913E+00 -0.3993096E-04  0.9655474E-16  0.3999100E+00  0.3379383E-04  0.1847086E-16  0.1325738E-05 -0.6000900E+00
   03  0.6906261E-01  0.6000867E+00 -0.4420254E-04  0.1287460E-15  0.3999138E+00  0.3285120E-04  0.4247250E-16  0.5421808E-06 -0.6000862E+00
   03  0.7208348E-01  0.6000807E+00 -0.4544696E-04  0.1440067E-15  0.3999192E+00  0.3407746E-04  0.5187540E-16 -0.1247750E-06 -0.6000808E+00
   03  0.7510435E-01  0.6000730E+00 -0.4537575E-04  0.1558871E-15  0.3999262E+00  0.3613138E-04  0.5426794E-16 -0.8680335E-06 -0.6000738E+00
   03  0.7812522E-01  0.6000638E+00 -0.4485210E-04  0.1840681E-15  0.3999344E+00  0.3876818E-04  0.7370225E-16 -0.1730973E-05 -0.6000656E+00
   03  0.8109391E-01  0.6000537E+00 -0.4501184E-04  0.2472369E-15  0.3999438E+00  0.4132235E-04  0.1054798E-15 -0.2519493E-05 -0.6000562E+00
   03  0.8406261E-01  0.6000426E+00 -0.4612646E-04  0.2474738E-15  0.3999542E+00  0.4368425E-04  0.6283358E-16 -0.3155921E-05 -0.6000458E+00
   03  0.8703130E-01  0.6000307E+00 -0.4807453E-04  0.2542949E-15  0.3999657E+00  0.4593478E-04  0.4049835E-17 -0.3605866E-05 -0.6000343E+00
   03  0.9000000E-01  0.6000176E+00 -0.5112750E-04  0.3137081E-15  0.3999785E+00  0.4836149E-04 -0.2517800E-16 -0.3865794E-05 -0.6000215E+00
   03  0.9302385E-01  0.6000034E+00 -0.5546487E-04  0.3023469E-15  0.3999929E+00  0.5086411E-04 -0.4621124E-16 -0.3685760E-05 -0.6000071E+00
   02  0.9604769E-01  0.5999681E+00 -0.5515629E-04  0.1356077E-15  0.4000311E+00  0.3876602E-04 -0.9377883E-17 -0.7662419E-06 -0.5999689E+00
   02  0.1020954E+00  0.5999707E+00 -0.9118528E-04  0.1948705E-15  0.4000483E+00  0.1831335E-04  0.4445174E-16  0.1895339E-04 -0.5999517E+00
   02  0.1081431E+00  0.5999927E+00 -0.1853304E-03  0.1527537E-15  0.4000745E+00 -0.3878837E-04  0.2294276E-16  0.6720039E-04 -0.5999255E+00
   03  0.1120954E+00  0.6000240E+00 -0.2949859E-03  0.1535253E-15  0.4001007E+00 -0.1068017E-03  0.1214530E-16  0.1246915E-03 -0.5998993E+00
   03  0.1160477E+00  0.6000502E+00 -0.4096014E-03  0.7732339E-16  0.4001243E+00 -0.1748988E-03  0.1298789E-16  0.1744958E-03 -0.5998757E+00
   03  0.1200000E+00  0.6001143E+00 -0.6297862E-03  0.1568700E-15  0.4001762E+00 -0.3073844E-03 -0.4643632E-16  0.2904453E-03 -0.5998238E+00
   03  0.1245352E+00  0.6002255E+00 -0.9915942E-03  0.2086422E-15  0.4002594E+00 -0.5276327E-03  0.5706624E-16  0.4849038E-03 -0.5997406E+00
   03  0.1290705E+00  0.6003637E+00 -0.1437407E-02  0.2913492E-15  0.4003600E+00 -0.8011627E-03  0.1371182E-15  0.7237694E-03 -0.5996400E+00
   03  0.1336057E+00  0.6005181E+00 -0.1935358E-02  0.2197343E-15  0.4004697E+00 -0.1109286E-02  0.1938929E-15  0.9877613E-03 -0.5995303E+00
   03  0.1381409E+00  0.6006744E+00 -0.2437526E-02 -0.8361634E-16  0.4005806E+00 -0.1422930E-02  0.1338355E-15  0.1255074E-02 -0.5994194E+00
   03  0.1401174E+00  0.6007374E+00 -0.2645400E-02 -0.1194554E-15  0.4006254E+00 -0.1553250E-02  0.1077662E-15  0.1362848E-02 -0.5993746E+00
   03  0.1420939E+00  0.6007920E+00 -0.2826700E-02 -0.1401410E-15  0.4006638E+00 -0.1667617E-02  0.9901989E-16  0.1455756E-02 -0.5993362E+00
   03  0.1460470E+00  0.6008583E+00 -0.3056408E-02 -0.9072950E-16  0.4007120E+00 -0.1816646E-02  0.6818498E-16  0.1570348E-02 -0.5992880E+00
   03  0.1500000E+00  0.6008726E+00 -0.3121145E-02  0.8977808E-16  0.4007258E+00 -0.1862224E-02  0.5881354E-16  0.1598382E-02 -0.5992742E+00
   03  0.1530219E+00  0.6008650E+00 -0.3102661E-02  0.6307287E-16  0.4007223E+00 -0.1853201E-02  0.6067479E-16  0.1587283E-02 -0.5992777E+00
   03  0.1560439E+00  0.6008500E+00 -0.3055620E-02  0.1239374E-15  0.4007127E+00 -0.1826204E-02  0.7774162E-16  0.1562675E-02 -0.5992873E+00
   03  0.1590658E+00  0.6008205E+00 -0.2955794E-02  0.1837731E-15  0.4006919E+00 -0.1768791E-02  0.4609284E-16  0.1512374E-02 -0.5993081E+00
   03  0.1620878E+00  0.6007746E+00 -0.2799400E-02  0.2006890E-15  0.4006594E+00 -0.1678105E-02  0.5248961E-16  0.1433934E-02 -0.5993406E+00
   03  0.1651097E+00  0.6007214E+00 -0.2615417E-02  0.1608690E-15  0.4006196E+00 -0.1569043E-02 -0.1507394E-16  0.1341041E-02 -0.5993804E+00
   03  0.1681317E+00  0.6006666E+00 -0.2425908E-02  0.1462741E-15  0.4005783E+00 -0.1456181E-02 -0.3095279E-16  0.1244818E-02 -0.5994217E+00
   03  0.1710987E+00  0.6006151E+00 -0.2245884E-02  0.1765058E-15  0.4005382E+00 -0.1349331E-02 -0.9684755E-17  0.1153273E-02 -0.5994618E+00
   03  0.1740658E+00  0.6005672E+00 -0.2075072E-02  0.2299978E-15  0.4004993E+00 -0.1248654E-02  0.7263614E-17  0.1066443E-02 -0.5995007E+00
   03  0.1770329E+00  0.6005225E+00 -0.1910344E-02  0.1841180E-15  0.4004606E+00 -0.1152678E-02  0.3779927E-16  0.9830256E-03 -0.5995394E+00
   03  0.1800000E+00  0.6004786E+00 -0.1746738E-02  0.9495411E-16  0.4004216E+00 -0.1057811E-02  0.1660449E-16  0.9001242E-03 -0.5995784E+00
   03  0.1830223E+00  0.6004329E+00 -0.1575867E-02  0.3586861E-16  0.4003808E+00 -0.9587025E-03 -0.5495253E-16  0.8136280E-03 -0.5996192E+00
   03  0.1860447E+00  0.6003852E+00 -0.1397833E-02  0.8228673E-16  0.4003383E+00 -0.8550950E-03 -0.7780479E-16  0.7234661E-03 -0.5996617E+00
   03  0.1890670E+00  0.6003353E+00 -0.1212756E-02  0.1288415E-15  0.4002943E+00 -0.7468537E-03 -0.7586248E-16  0.6296758E-03 -0.5997057E+00
   03  0.1920893E+00  0.6002843E+00 -0.1023683E-02  0.1646009E-15  0.4002495E+00 -0.6357045E-03 -0.6827662E-16  0.5337183E-03 -0.5997505E+00
   03  0.1951117E+00  0.6002333E+00 -0.8355833E-03  0.1972170E-15  0.4002046E+00 -0.5246497E-03 -0.6301940E-16  0.4379701E-03 -0.5997954E+00
   03  0.1981340E+00  0.6001843E+00 -0.6537746E-03  0.1454385E-15  0.4001609E+00 -0.4170591E-03 -0.7487079E-16  0.3451461E-03 -0.5998391E+00
   03  0.2001117E+00  0.6001541E+00 -0.5404430E-03  0.1057522E-15  0.4001331E+00 -0.3500834E-03 -0.1088447E-15  0.2872186E-03 -0.5998669E+00
   03  0.2020893E+00  0.6001257E+00 -0.4329778E-03  0.1007656E-15  0.4001065E+00 -0.2865975E-03 -0.1271970E-15  0.2322480E-03 -0.5998935E+00
   03  0.2060447E+00  0.6000755E+00 -0.2382163E-03  0.8589347E-16  0.4000570E+00 -0.1714908E-03 -0.1657024E-15  0.1325704E-03 -0.5999430E+00
   02  0.2100000E+00  0.6000404E+00 -0.1022054E-03  0.7000324E-16  0.4000188E+00 -0.7980448E-04 -0.1140614E-15  0.5916755E-04 -0.5999812E+00
   02  0.2190720E+00  0.5999703E+00  0.1697793E-03  0.8878873E-16  0.3999504E+00  0.7879982E-04 -0.1062522E-15 -0.7935404E-04 -0.6000496E+00
   02  0.2281441E+00  0.5999252E+00  0.3444636E-03  0.7732412E-16  0.3999087E+00  0.1722134E-03 -0.1027697E-15 -0.1661326E-03 -0.6000913E+00
   02  0.2320961E+00  0.5999163E+00  0.3881305E-03  0.1086181E-15  0.3998964E+00  0.1945055E-03 -0.9281641E-16 -0.1872959E-03 -0.6001036E+00
   02  0.2360480E+00  0.5999106E+00  0.4140437E-03  0.8791970E-16  0.3998897E+00  0.2072232E-03 -0.5238720E-16 -0.1997123E-03 -0.6001103E+00
   02  0.2400000E+00  0.5999083E+00  0.4301181E-03  0.4778631E-16  0.3998849E+00  0.2138967E-03 -0.6451317E-16 -0.2068394E-03 -0.6001151E+00
   02  0.2460482E+00  0.5999084E+00  0.4400548E-03  0.6374101E-17  0.3998815E+00  0.2148130E-03 -0.6395508E-16 -0.2101296E-03 -0.6001185E+00
   02  0.2520964E+00  0.5999090E+00  0.4413015E-03  0.3391551E-16  0.3998822E+00  0.2091437E-03 -0.5145797E-16 -0.2087957E-03 -0.6001178E+00
   02  0.2581445E+00  0.5999023E+00  0.4361473E-03  0.1481722E-15  0.3998944E+00  0.1934032E-03 -0.2053670E-16 -0.2033074E-03 -0.6001056E+00
   02  0.2640723E+00  0.5998890E+00  0.4229999E-03  0.2200534E-15  0.3999185E+00  0.1671122E-03 -0.8388922E-17 -0.1924820E-03 -0.6000815E+00
   02  0.2700000E+00  0.5998689E+00  0.4071298E-03  0.2506313E-15  0.3999528E+00  0.1332192E-03  0.4334177E-18 -0.1783330E-03 -0.6000472E+00
   02  0.2760459E+00  0.5998402E+00  0.3946655E-03  0.2543231E-15  0.3999959E+00  0.9508056E-04  0.4384246E-16 -0.1638412E-03 -0.6000041E+00
   02  0.2820918E+00  0.5998025E+00  0.3897327E-03  0.1484958E-15  0.4000461E+00  0.5631092E-04  0.4801204E-16 -0.1514000E-03 -0.5999539E+00
   02  0.2881377E+00  0.5997556E+00  0.3931690E-03  0.1984477E-15  0.4001023E+00  0.1800739E-04  0.2854636E-16 -0.1420884E-03 -0.5998977E+00
   02  0.2920918E+00  0.5997202E+00  0.4001074E-03  0.1955161E-15  0.4001424E+00 -0.7041758E-05 -0.9493064E-17 -0.1374262E-03 -0.5998576E+00
   02  0.2960459E+00  0.5996818E+00  0.4095252E-03  0.1440148E-15  0.4001846E+00 -0.3252524E-04 -0.1073220E-16 -0.1335864E-03 -0.5998154E+00
