# gauge_id=     3 location=(   0.2000000E+00   0.0000000E+00 ) num_var=  8
 # level, time, q[  1  2  3  4  5  6], eta[  1  2], aux[]
   01  0.0000000E+00  0.3322318E+00  0.0000000E+00  0.0000000E+00  0.0000000E+00  0.0000000E+00  0.0000000E+00  0.5355364E-01 -0.2786782E+00
   01  0.2250000E-02  0.3322318E+00  0.4840389E-17  0.2274799E-17  0.3088609E-20  0.0000000E+00  0.0000000E+00  0.5355364E-01 -0.2786782E+00
   01  0.2030001E-01  0.3322318E+00  0.2130408E-12  0.2090996E-16  0.2879407E-18  0.0000000E+00  0.0000000E+00  0.5355364E-01 -0.2786782E+00
   02  0.3000000E-01  0.3311303E+00  0.1326008E-12  0.4875047E-16  0.0000000E+00  0.0000000E+00  0.0000000E+00 -0.2622605E-01 -0.3573563E+00
   02  0.3905895E-01  0.3311303E+00  0.6469452E-07  0.2767421E-16  0.5349089E-16  0.0000000E+00  0.0000000E+00 -0.2622602E-01 -0.3573563E+00
   02  0.4811790E-01  0.3311303E+00  0.1119370E-06 -0.1330623E-17  0.6696617E-10  0.0000000E+00  0.0000000E+00 -0.2622592E-01 -0.3573563E+00
   02  0.5207860E-01  0.3311304E+00  0.2567847E-06 -0.4751223E-17  0.1390038E-09  0.0000000E+00  0.0000000E+00 -0.2622577E-01 -0.3573562E+00
   02  0.5603930E-01  0.3311312E+00  0.1981693E-05 -0.1168047E-16  0.1395516E-09  0.5612271E-09 -0.9000797E-26 -0.2622496E-01 -0.3573562E+00
   02  0.6000000E-01  0.3311319E+00  0.3308474E-05 -0.2561134E-16  0.4319511E-09  0.8421647E-08 -0.2601974E-24 -0.2622398E-01 -0.3573559E+00
   03  0.6604174E-01  0.2881038E+00  0.1993152E-04 -0.5134936E-16  0.0000000E+00  0.0000000E+00  0.0000000E+00  0.3464120E-01 -0.2534626E+00
   03  0.6906261E-01  0.2881139E+00  0.3869791E-04 -0.5447518E-16  0.0000000E+00  0.0000000E+00  0.0000000E+00  0.3465121E-01 -0.2534626E+00
   03  0.7208348E-01  0.2881544E+00  0.1180670E-03 -0.5538093E-16  0.0000000E+00  0.0000000E+00  0.0000000E+00  0.3469173E-01 -0.2534626E+00
   03  0.7510435E-01  0.2883007E+00  0.4069709E-03 -0.4835245E-16  0.0000000E+00  0.0000000E+00  0.0000000E+00  0.3483810E-01 -0.2534626E+00
   03  0.7812522E-01  0.2887066E+00  0.1191624E-02 -0.5031020E-16  0.0000000E+00  0.0000000E+00  0.0000000E+00  0.3524396E-01 -0.2534626E+00
   03  0.8109391E-01  0.2895092E+00  0.2687303E-02 -0.4649189E-16  0.0000000E+00  0.0000000E+00  0.0000000E+00  0.3604651E-01 -0.2534626E+00
   03  0.8406261E-01  0.2907809E+00  0.4968825E-02 -0.4091275E-16  0.0000000E+00  0.0000000E+00  0.0000000E+00  0.3731822E-01 -0.2534626E+00
   03  0.8703130E-01  0.2924217E+00  0.7779535E-02 -0.3676489E-16  0.0000000E+00  0.0000000E+00  0.0000000E+00  0.3895904E-01 -0.2534626E+00
   03  0.9000000E-01  0.2940647E+00  0.1046970E-01 -0.1268658E-16  0.0000000E+00  0.0000000E+00  0.0000000E+00  0.4060206E-01 -0.2534626E+00
   03  0.9302385E-01  0.2955030E+00  0.1269315E-01 -0.1933004E-17  0.0000000E+00  0.0000000E+00  0.0000000E+00  0.4204031E-01 -0.2534626E+00
   03  0.9604769E-01  0.2965676E+00  0.1418777E-01  0.4036220E-17  0.0000000E+00  0.0000000E+00  0.0000000E+00  0.4310494E-01 -0.2534626E+00
   03  0.9907154E-01  0.2971768E+00  0.1485739E-01  0.1615542E-16  0.0000000E+00  0.0000000E+00  0.0000000E+00  0.4371418E-01 -0.2534626E+00
   03  0.1020954E+00  0.2971766E+00  0.1446771E-01  0.1348530E-16  0.0000000E+00  0.0000000E+00  0.0000000E+00  0.4371393E-01 -0.2534626E+00
   03  0.1051192E+00  0.2967673E+00  0.1335750E-01  0.2462065E-16  0.0000000E+00  0.0000000E+00  0.0000000E+00  0.4330469E-01 -0.2534626E+00
   03  0.1081431E+00  0.2959969E+00  0.1162184E-01  0.4711797E-17  0.0000000E+00  0.0000000E+00  0.0000000E+00  0.4253428E-01 -0.2534626E+00
   03  0.1101192E+00  0.2953212E+00  0.1022490E-01  0.8526960E-17  0.0000000E+00  0.0000000E+00  0.0000000E+00  0.4185853E-01 -0.2534626E+00
   03  0.1120954E+00  0.2945344E+00  0.8698114E-02  0.1594631E-16  0.0000000E+00  0.0000000E+00  0.0000000E+00  0.4107175E-01 -0.2534626E+00
   03  0.1160477E+00  0.2928301E+00  0.5556049E-02  0.2149291E-16  0.0000000E+00  0.0000000E+00  0.0000000E+00  0.3936743E-01 -0.2534626E+00
   03  0.1200000E+00  0.2911772E+00  0.2792223E-02  0.4439907E-16  0.0000000E+00  0.0000000E+00  0.0000000E+00  0.3771454E-01 -0.2534626E+00
   03  0.1245352E+00  0.2896870E+00  0.5368709E-03  0.3879775E-16  0.0000000E+00  0.0000000E+00  0.0000000E+00  0.3622437E-01 -0.2534626E+00
   03  0.1290705E+00  0.2886626E+00 -0.7969681E-03  0.4708080E-16  0.0000000E+00  0.0000000E+00  0.0000000E+00  0.3519995E-01 -0.2534626E+00
   03  0.1336057E+00  0.2881294E+00 -0.1283594E-02  0.6540527E-16  0.0000000E+00  0.0000000E+00  0.0000000E+00  0.3466674E-01 -0.2534626E+00
   03  0.1381409E+00  0.2878655E+00 -0.1371754E-02  0.2013383E-16  0.0000000E+00  0.0000000E+00  0.0000000E+00  0.3440285E-01 -0.2534626E+00
   03  0.1401174E+00  0.2877998E+00 -0.1343962E-02  0.1010980E-16  0.0000000E+00  0.0000000E+00  0.0000000E+00  0.3433718E-01 -0.2534626E+00
   03  0.1420939E+00  0.2877498E+00 -0.1303805E-02  0.1107294E-16  0.0000000E+00  0.0000000E+00  0.0000000E+00  0.3428711E-01 -0.2534626E+00
   03  0.1460470E+00  0.2876801E+00 -0.1215488E-02 -0.2720870E-17  0.0000000E+00  0.0000000E+00  0.0000000E+00  0.3421745E-01 -0.2534626E+00
   03  0.1500000E+00  0.2876388E+00 -0.1111651E-02 -0.1423014E-16  0.0000000E+00  0.0000000E+00  0.0000000E+00  0.3417614E-01 -0.2534626E+00
   03  0.1530219E+00  0.2876185E+00 -0.1025722E-02 -0.2385636E-16  0.0000000E+00  0.0000000E+00  0.0000000E+00  0.3415587E-01 -0.2534626E+00
   03  0.1560439E+00  0.2876058E+00 -0.9387609E-03 -0.2415522E-16  0.0000000E+00  0.0000000E+00  0.0000000E+00  0.3414313E-01 -0.2534626E+00
   03  0.1590658E+00  0.2876008E+00 -0.8541627E-03 -0.3194643E-16  0.0000000E+00  0.0000000E+00  0.0000000E+00  0.3413813E-01 -0.2534626E+00
   03  0.1620878E+00  0.2876032E+00 -0.7750494E-03 -0.3592766E-16  0.0000000E+00  0.0000000E+00  0.0000000E+00  0.3414051E-01 -0.2534626E+00
   03  0.1651097E+00  0.2876159E+00 -0.6979049E-03 -0.3725194E-16  0.0000000E+00  0.0000000E+00  0.0000000E+00  0.3415323E-01 -0.2534626E+00
   03  0.1681317E+00  0.2876357E+00 -0.6280492E-03 -0.2709839E-16  0.0000000E+00  0.0000000E+00  0.0000000E+00  0.3417307E-01 -0.2534626E+00
   03  0.1710987E+00  0.2876582E+00 -0.5691980E-03 -0.2183795E-16  0.0000000E+00  0.0000000E+00  0.0000000E+00  0.3419559E-01 -0.2534626E+00
   03  0.1740658E+00  0.2876821E+00 -0.5179884E-03  0.4960977E-17  0.0000000E+00  0.0000000E+00  0.0000000E+00  0.3421947E-01 -0.2534626E+00
   03  0.1770329E+00  0.2877063E+00 -0.4723770E-03  0.2489184E-16  0.0000000E+00  0.0000000E+00  0.0000000E+00  0.3424362E-01 -0.2534626E+00
   03  0.1800000E+00  0.2877300E+00 -0.4305522E-03  0.4515807E-16  0.0000000E+00  0.0000000E+00  0.0000000E+00  0.3426731E-01 -0.2534626E+00
   03  0.1830223E+00  0.2877537E+00 -0.3914939E-03  0.5242970E-16  0.0000000E+00  0.0000000E+00  0.0000000E+00  0.3429106E-01 -0.2534626E+00
   03  0.1860447E+00  0.2877768E+00 -0.3559675E-03  0.4927091E-16  0.0000000E+00  0.0000000E+00  0.0000000E+00  0.3431418E-01 -0.2534626E+00
   03  0.1890670E+00  0.2877991E+00 -0.3242445E-03  0.4066275E-16  0.0000000E+00  0.0000000E+00  0.0000000E+00  0.3433641E-01 -0.2534626E+00
   03  0.1920893E+00  0.2878203E+00 -0.2962201E-03  0.2892118E-16  0.0000000E+00  0.0000000E+00  0.0000000E+00  0.3435767E-01 -0.2534626E+00
   03  0.1951117E+00  0.2878405E+00 -0.2718141E-03  0.1836811E-16  0.0000000E+00  0.0000000E+00  0.0000000E+00  0.3437782E-01 -0.2534626E+00
   03  0.1981340E+00  0.2878593E+00 -0.2508052E-03  0.1502176E-16  0.0000000E+00  0.0000000E+00  0.0000000E+00  0.3439663E-01 -0.2534626E+00
   03  0.2001117E+00  0.2878710E+00 -0.2386981E-03  0.1679122E-16  0.0000000E+00  0.0000000E+00  0.0000000E+00  0.3440836E-01 -0.2534626E+00
   03  0.2020893E+00  0.2878820E+00 -0.2278940E-03  0.2026615E-16  0.0000000E+00  0.0000000E+00  0.0000000E+00  0.3441935E-01 -0.2534626E+00
   03  0.2060447E+00  0.2879011E+00 -0.2091649E-03  0.2341655E-16  0.0000000E+00  0.0000000E+00  0.0000000E+00  0.3443842E-01 -0.2534626E+00
   02  0.2100000E+00  0.3309389E+00 -0.2045187E-03  0.2818125E-16  0.0000000E+00  0.0000000E+00  0.0000000E+00 -0.2641738E-01 -0.3573563E+00
   02  0.2190720E+00  0.3309700E+00 -0.1603850E-03  0.3835917E-16  0.1807703E-06  0.0000000E+00  0.0000000E+00 -0.2620101E-01 -0.3571710E+00
   02  0.2281441E+00  0.3309909E+00 -0.1329672E-03  0.6786334E-16  0.3426175E-06  0.0000000E+00  0.0000000E+00 -0.2601426E-01 -0.3570051E+00
   02  0.2320961E+00  0.3310018E+00 -0.1191207E-03  0.5170244E-16  0.5140846E-06  0.0000000E+00  0.0000000E+00 -0.2582759E-01 -0.3568294E+00
   02  0.2360480E+00  0.3310122E+00 -0.1066698E-03  0.4484551E-16  0.6976088E-06  0.0000000E+00  0.0000000E+00 -0.2562912E-01 -0.3566413E+00
   02  0.2400000E+00  0.3310219E+00 -0.9544937E-04  0.3642104E-16  0.8877050E-06  0.0000000E+00  0.0000000E+00 -0.2542448E-01 -0.3564464E+00
   02  0.2460482E+00  0.3310356E+00 -0.7989360E-04  0.1195109E-16  0.1117010E-05  0.0000000E+00  0.0000000E+00 -0.2517578E-01 -0.3562114E+00
   02  0.2520964E+00  0.3310480E+00 -0.6664054E-04 -0.2432313E-16  0.1342371E-05  0.0000000E+00  0.0000000E+00 -0.2493242E-01 -0.3559804E+00
   02  0.2581445E+00  0.3310589E+00 -0.5559473E-04 -0.3895400E-16  0.1558389E-05  0.0000000E+00  0.0000000E+00 -0.2470005E-01 -0.3557590E+00
   02  0.2640723E+00  0.3310688E+00 -0.4573052E-04 -0.1939693E-16  0.1757857E-05  0.0000000E+00  0.0000000E+00 -0.2448571E-01 -0.3555545E+00
   02  0.2700000E+00  0.3310783E+00 -0.3588502E-04 -0.1806171E-16  0.1939936E-05  0.0000000E+00  0.0000000E+00 -0.2428961E-01 -0.3553679E+00
   02  0.2760459E+00  0.3310876E+00 -0.2567571E-04 -0.3880015E-18  0.2105972E-05  0.0000000E+00  0.0000000E+00 -0.2411009E-01 -0.3551977E+00
   02  0.2820918E+00  0.3310965E+00 -0.1571731E-04  0.3183795E-16  0.2256660E-05  0.0000000E+00  0.0000000E+00 -0.2394678E-01 -0.3550432E+00
   02  0.2881377E+00  0.3311051E+00 -0.5530819E-05  0.4359524E-16  0.2393861E-05  0.0000000E+00  0.0000000E+00 -0.2379749E-01 -0.3549026E+00
   02  0.2920918E+00  0.3311109E+00  0.1255726E-05  0.3624236E-16  0.2499365E-05  0.0000000E+00  0.0000000E+00 -0.2368362E-01 -0.3547945E+00
   02  0.2960459E+00  0.3311164E+00  0.7917289E-05  0.2977116E-16  0.2598992E-05  0.0000000E+00  0.0000000E+00 -0.2357596E-01 -0.3546924E+00
