# gauge_id=     2 location=(   0.1000000E+00   0.0000000E+00 ) num_var=  8
 # level, time, q[  1  2  3  4  5  6], eta[  1  2], aux[]
   02  0.0000000E+00  0.6000000E+00  0.0000000E+00  0.0000000E+00  0.4000000E+00  0.0000000E+00  0.0000000E+00  0.0000000E+00 -0.6000000E+00
   02  0.2250000E-02  0.6000000E+00  0.4545690E-17 -0.2437972E-19  0.4000000E+00  0.2421497E-17  0.7228891E-17  0.0000000E+00 -0.6000000E+00
   02  0.8266671E-02  0.6000000E+00 -0.5263062E-17 -0.4150046E-16  0.4000000E+00 -0.2995237E-17 -0.4077049E-17  0.0000000E+00 -0.6000000E+00
   02  0.1428334E-01  0.6000000E+00  0.5184183E-11  0.2559431E-18  0.4000000E+00  0.2945588E-11  0.7703343E-17  0.2623901E-11 -0.6000000E+00
   02  0.2030001E-01  0.6000000E+00  0.2951313E-07 -0.1469205E-16  0.4000000E+00  0.1734227E-07 -0.9594159E-18  0.1508864E-07 -0.6000000E+00
   02  0.2353334E-01  0.6000001E+00  0.3603929E-06 -0.4971123E-16  0.4000001E+00  0.1746036E-06  0.9287253E-17  0.1785288E-06 -0.5999999E+00
   02  0.2676667E-01  0.6000004E+00  0.1227654E-05 -0.7184094E-16  0.4000002E+00  0.6473606E-06 -0.5282017E-19  0.6190997E-06 -0.5999998E+00
   03  0.3000000E-01  0.6000010E+00  0.3222606E-05 -0.8840886E-16  0.4000006E+00  0.1845529E-05 -0.1366081E-16  0.1640281E-05 -0.5999994E+00
   03  0.3452948E-01  0.6000021E+00  0.6493244E-05 -0.4814585E-16  0.4000012E+00  0.3851848E-05  0.2483227E-16  0.3347116E-05 -0.5999988E+00
   03  0.3905895E-01  0.6000182E+00  0.5675263E-04 -0.6578176E-16  0.4000106E+00  0.3258192E-04 -0.6471345E-16  0.2885103E-04 -0.5999894E+00
   03  0.4358843E-01  0.6001527E+00  0.4735216E-03 -0.7795487E-16  0.4000883E+00  0.2723214E-03  0.2285677E-16  0.2410275E-03 -0.5999117E+00
   03  0.4811790E-01  0.6007757E+00  0.2440608E-02 -0.1375912E-15  0.4004734E+00  0.1431010E-02  0.7770811E-16  0.1249128E-02 -0.5995266E+00
   03  0.5009825E-01  0.6013372E+00  0.4223891E-02 -0.1044866E-15  0.4008378E+00  0.2525076E-02  0.4789631E-16  0.2175022E-02 -0.5991622E+00
   03  0.5207860E-01  0.6020433E+00  0.6458924E-02 -0.9413874E-16  0.4012941E+00  0.3905693E-02  0.4726641E-16  0.3337467E-02 -0.5987059E+00
   03  0.5603930E-01  0.6035225E+00  0.1113819E-01 -0.5203170E-16  0.4022574E+00  0.6829823E-02  0.5296055E-16  0.5779933E-02 -0.5977426E+00
   03  0.6000000E-01  0.6045802E+00  0.1440709E-01  0.4281665E-16  0.4029190E+00  0.8922455E-02  0.7618624E-16  0.7499172E-02 -0.5970810E+00
   03  0.6302087E-01  0.6049130E+00  0.1541749E-01 -0.8059308E-16  0.4031235E+00  0.9590627E-02  0.5309077E-17  0.8036580E-02 -0.5968765E+00
   03  0.6604174E-01  0.6048010E+00  0.1500952E-01 -0.1452983E-15  0.4030432E+00  0.9372124E-02 -0.8518017E-16  0.7844162E-02 -0.5969568E+00
   03  0.6906261E-01  0.6043431E+00  0.1350584E-01 -0.2113753E-15  0.4027470E+00  0.8467308E-02 -0.1390370E-15  0.7090036E-02 -0.5972530E+00
   03  0.7208348E-01  0.6036203E+00  0.1114950E-01 -0.1463764E-15  0.4022864E+00  0.7025849E-02 -0.1382296E-15  0.5906658E-02 -0.5977136E+00
   03  0.7510435E-01  0.6027026E+00  0.8186443E-02 -0.6739808E-16  0.4017174E+00  0.5190928E-02 -0.6960272E-16  0.4420053E-02 -0.5982826E+00
   03  0.7812522E-01  0.6017745E+00  0.5143404E-02  0.4132132E-16  0.4011333E+00  0.3275791E-02  0.3336934E-17  0.2907745E-02 -0.5988667E+00
   03  0.8109391E-01  0.6010521E+00  0.2729296E-02  0.5464729E-16  0.4006899E+00  0.1740511E-02  0.1919504E-16  0.1742041E-02 -0.5993101E+00
   03  0.8406261E-01  0.6005774E+00  0.1046409E-02  0.2372023E-16  0.4003983E+00  0.6633513E-03  0.1210497E-16  0.9756579E-03 -0.5996017E+00
   03  0.8703130E-01  0.6003464E+00  0.2593267E-04 -0.4512045E-16  0.4002425E+00  0.1415988E-04 -0.7170200E-16  0.5888836E-03 -0.5997575E+00
   03  0.9000000E-01  0.6003001E+00 -0.5333429E-03 -0.7787434E-16  0.4001983E+00 -0.3347275E-03 -0.1158698E-15  0.4984146E-03 -0.5998017E+00
   03  0.9302385E-01  0.6003451E+00 -0.9292358E-03 -0.1022568E-15  0.4002158E+00 -0.5774706E-03 -0.7302402E-16  0.5609561E-03 -0.5997842E+00
   03  0.9604769E-01  0.6004336E+00 -0.1284852E-02 -0.6720135E-16  0.4002607E+00 -0.7936665E-03 -0.3815847E-16  0.6943241E-03 -0.5997393E+00
   03  0.9907154E-01  0.6005409E+00 -0.1633991E-02 -0.4119986E-16  0.4003167E+00 -0.1005772E-02 -0.2760788E-17  0.8575718E-03 -0.5996833E+00
   03  0.1020954E+00  0.6006537E+00 -0.1978532E-02  0.7601379E-17  0.4003764E+00 -0.1214662E-02  0.3493298E-16  0.1030147E-02 -0.5996236E+00
   03  0.1051192E+00  0.6007645E+00 -0.2309621E-02 -0.3621051E-16  0.4004353E+00 -0.1414911E-02  0.4364917E-16  0.1199784E-02 -0.5995647E+00
   03  0.1081431E+00  0.6008692E+00 -0.2620520E-02  0.7027757E-16  0.4004908E+00 -0.1602267E-02  0.7193052E-16  0.1360054E-02 -0.5995092E+00
   03  0.1101192E+00  0.6009300E+00 -0.2801203E-02  0.6251481E-16  0.4005234E+00 -0.1710861E-02  0.6834921E-16  0.1453413E-02 -0.5994766E+00
   03  0.1120954E+00  0.6009771E+00 -0.2941529E-02  0.3663803E-16  0.4005488E+00 -0.1795633E-02  0.5851042E-16  0.1525973E-02 -0.5994512E+00
   03  0.1160477E+00  0.6010336E+00 -0.3108903E-02  0.4833340E-17  0.4005792E+00 -0.1898105E-02  0.6546702E-16  0.1612880E-02 -0.5994208E+00
   03  0.1200000E+00  0.6010410E+00 -0.3134738E-02 -0.4008864E-16  0.4005854E+00 -0.1914085E-02  0.2907778E-16  0.1626432E-02 -0.5994146E+00
   03  0.1245352E+00  0.6009905E+00 -0.3014657E-02  0.6432863E-16  0.4005755E+00 -0.1849010E-02  0.7137808E-16  0.1566071E-02 -0.5994245E+00
   03  0.1290705E+00  0.6008824E+00 -0.2774847E-02  0.1664507E-15  0.4005649E+00 -0.1725608E-02  0.1146245E-15  0.1447277E-02 -0.5994351E+00
   03  0.1336057E+00  0.6007318E+00 -0.2466108E-02 -0.1088399E-15  0.4005644E+00 -0.1574253E-02 -0.8263909E-16  0.1296157E-02 -0.5994356E+00
   03  0.1381409E+00  0.6005639E+00 -0.2170632E-02 -0.5899724E-16  0.4005892E+00 -0.1444822E-02 -0.1219249E-15  0.1153132E-02 -0.5994108E+00
   03  0.1401174E+00  0.6004895E+00 -0.2048399E-02 -0.4802234E-16  0.4006069E+00 -0.1397596E-02 -0.9227465E-16  0.1096425E-02 -0.5993931E+00
   03  0.1420939E+00  0.6004137E+00 -0.1928275E-02  0.1892541E-16  0.4006277E+00 -0.1353977E-02 -0.3974388E-16  0.1041486E-02 -0.5993723E+00
   03  0.1460470E+00  0.6002566E+00 -0.1689494E-02 -0.1354248E-16  0.4006764E+00 -0.1273338E-02  0.1454322E-16  0.9329960E-03 -0.5993236E+00
   03  0.1500000E+00  0.6000879E+00 -0.1434943E-02 -0.2807321E-16  0.4007324E+00 -0.1191152E-02  0.1029492E-15  0.8202585E-03 -0.5992676E+00
   03  0.1530219E+00  0.5999488E+00 -0.1221134E-02 -0.1099836E-15  0.4007787E+00 -0.1121592E-02  0.6553175E-16  0.7274938E-03 -0.5992213E+00
   03  0.1560439E+00  0.5997992E+00 -0.9917296E-03 -0.2689329E-15  0.4008300E+00 -0.1048090E-02 -0.1202241E-16  0.6292330E-03 -0.5991700E+00
   03  0.1590658E+00  0.5996417E+00 -0.7526267E-03 -0.1973023E-15  0.4008862E+00 -0.9732579E-03 -0.2393903E-17  0.5279012E-03 -0.5991138E+00
   03  0.1620878E+00  0.5994793E+00 -0.5116128E-03 -0.1810176E-16  0.4009470E+00 -0.9009212E-03  0.1183781E-16  0.4262556E-03 -0.5990530E+00
   03  0.1651097E+00  0.5993137E+00 -0.2756885E-03  0.3080303E-16  0.4010131E+00 -0.8352958E-03  0.6267857E-16  0.3268692E-03 -0.5989869E+00
   03  0.1681317E+00  0.5991474E+00 -0.5037992E-04  0.4755951E-17  0.4010850E+00 -0.7793983E-03  0.5533103E-16  0.2323486E-03 -0.5989150E+00
   03  0.1710987E+00  0.5989852E+00  0.1566492E-03 -0.6331007E-16  0.4011611E+00 -0.7359388E-03  0.2098642E-16  0.1462251E-03 -0.5988389E+00
   03  0.1740658E+00  0.5988282E+00  0.3462336E-03 -0.5773530E-16  0.4012401E+00 -0.7034694E-03  0.5093559E-16  0.6828950E-04 -0.5987599E+00
   03  0.1770329E+00  0.5986768E+00  0.5184315E-03 -0.7810536E-16  0.4013221E+00 -0.6818668E-03  0.5334584E-16 -0.1102280E-05 -0.5986779E+00
   03  0.1800000E+00  0.5985309E+00  0.6746131E-03 -0.1161956E-15  0.4014069E+00 -0.6702571E-03  0.1827759E-16 -0.6227245E-04 -0.5985931E+00
   03  0.1830223E+00  0.5983875E+00  0.8195690E-03 -0.1009065E-15  0.4014958E+00 -0.6671850E-03  0.2895371E-16 -0.1166852E-03 -0.5985042E+00
   03  0.1860447E+00  0.5982522E+00  0.9507701E-03 -0.1798062E-15  0.4015843E+00 -0.6703070E-03 -0.2827173E-17 -0.1634834E-03 -0.5984157E+00
   03  0.1890670E+00  0.5981254E+00  0.1069119E-02 -0.1876458E-15  0.4016713E+00 -0.6783216E-03 -0.2148130E-16 -0.2033413E-03 -0.5983287E+00
   03  0.1920893E+00  0.5980071E+00  0.1174837E-02 -0.1329955E-15  0.4017562E+00 -0.6906595E-03  0.4429407E-16 -0.2366909E-03 -0.5982438E+00
   03  0.1951117E+00  0.5978978E+00  0.1267524E-02 -0.9210059E-16  0.4018383E+00 -0.7071154E-03  0.6761805E-16 -0.2638665E-03 -0.5981617E+00
   03  0.1981340E+00  0.5977978E+00  0.1346976E-02  0.4280361E-16  0.4019170E+00 -0.7273352E-03  0.9677512E-16 -0.2851744E-03 -0.5980830E+00
   03  0.2001117E+00  0.5977380E+00  0.1391261E-02  0.1644603E-16  0.4019659E+00 -0.7425840E-03  0.6222603E-16 -0.2960531E-03 -0.5980341E+00
   03  0.2020893E+00  0.5976826E+00  0.1430006E-02  0.2881476E-16  0.4020129E+00 -0.7590461E-03  0.7645328E-16 -0.3044718E-03 -0.5979871E+00
   03  0.2060447E+00  0.5975823E+00  0.1496821E-02 -0.9437844E-18  0.4021016E+00 -0.7926039E-03  0.4269801E-16 -0.3161185E-03 -0.5978984E+00
   02  0.2100000E+00  0.5978484E+00  0.1366423E-02 -0.1357477E-16  0.4018487E+00 -0.6646525E-03  0.2228628E-16 -0.3028459E-03 -0.5981513E+00
   02  0.2190720E+00  0.5978150E+00  0.1390883E-02  0.4704370E-16  0.4018858E+00 -0.6699054E-03  0.4123096E-16 -0.2991294E-03 -0.5981142E+00
   02  0.2281441E+00  0.5978318E+00  0.1356204E-02 -0.9295600E-16  0.4018856E+00 -0.6799861E-03 -0.1833940E-16 -0.2825458E-03 -0.5981144E+00
   02  0.2320961E+00  0.5978527E+00  0.1325684E-02 -0.1156443E-15  0.4018757E+00 -0.6852996E-03 -0.1801367E-16 -0.2715799E-03 -0.5981243E+00
   02  0.2360480E+00  0.5978786E+00  0.1291322E-02 -0.1278534E-15  0.4018619E+00 -0.6896915E-03 -0.1072708E-16 -0.2595307E-03 -0.5981381E+00
   02  0.2400000E+00  0.5979097E+00  0.1255971E-02 -0.1332447E-15  0.4018428E+00 -0.6908336E-03 -0.2808560E-16 -0.2474784E-03 -0.5981572E+00
   02  0.2460482E+00  0.5979663E+00  0.1203172E-02 -0.5258035E-16  0.4018038E+00 -0.6851405E-03  0.5158366E-17 -0.2298581E-03 -0.5981962E+00
   02  0.2520964E+00  0.5980331E+00  0.1149626E-02  0.4835650E-16  0.4017531E+00 -0.6710151E-03  0.4782475E-16 -0.2138175E-03 -0.5982469E+00
   02  0.2581445E+00  0.5981049E+00  0.1096903E-02 -0.6776704E-17  0.4016951E+00 -0.6511338E-03  0.3189825E-16 -0.1999681E-03 -0.5983049E+00
   02  0.2640723E+00  0.5981765E+00  0.1047829E-02  0.4294991E-16  0.4016350E+00 -0.6282581E-03  0.6562299E-16 -0.1885661E-03 -0.5983650E+00
   02  0.2700000E+00  0.5982496E+00  0.9993578E-03  0.4208917E-16  0.4015723E+00 -0.6035646E-03  0.3883020E-16 -0.1781002E-03 -0.5984277E+00
   02  0.2760459E+00  0.5983263E+00  0.9492093E-03  0.7523775E-16  0.4015058E+00 -0.5774224E-03  0.5682794E-16 -0.1678564E-03 -0.5984942E+00
   02  0.2820918E+00  0.5984053E+00  0.8979056E-03  0.1612571E-15  0.4014369E+00 -0.5508149E-03  0.5821600E-16 -0.1578390E-03 -0.5985631E+00
   02  0.2881377E+00  0.5984862E+00  0.8458615E-03  0.1541029E-15  0.4013659E+00 -0.5237838E-03  0.6735168E-16 -0.1479567E-03 -0.5986341E+00
   02  0.2920918E+00  0.5985401E+00  0.8114619E-03  0.1596497E-15  0.4013187E+00 -0.5060674E-03  0.4540797E-16 -0.1412741E-03 -0.5986813E+00
   02  0.2960459E+00  0.5985943E+00  0.7772914E-03  0.1538026E-15  0.4012710E+00 -0.4881426E-03  0.4533974E-16 -0.1346957E-03 -0.5987290E+00
