# gauge_id=     0 location=(  -0.1000000E+00  -0.0000000E+00 ) num_var=  8
 # level, time, q[  1  2  3  4  5  6], eta[  1  2], aux[]
   03  0.0000000E+00  0.6180752E+00  0.0000000E+00  0.0000000E+00  0.4113089E+00  0.0000000E+00  0.0000000E+00  0.2938413E-01 -0.5886911E+00
   03  0.2250000E-02  0.6159760E+00  0.1595389E-04  0.5030454E-16  0.4093076E+00 -0.9286730E-05  0.2821907E-16  0.2528368E-01 -0.5906924E+00
   03  0.5258336E-02  0.6117745E+00  0.5788163E-03  0.6423174E-16  0.4061997E+00  0.2715011E-03  0.2321233E-16  0.1797418E-01 -0.5938003E+00
   03  0.8266671E-02  0.6071193E+00  0.4323872E-03  0.1281649E-16  0.4032066E+00  0.1514841E-03 -0.2662224E-16  0.1032595E-01 -0.5967934E+00
   03  0.1127501E-01  0.6036936E+00 -0.2030232E-03 -0.6511108E-16  0.4012238E+00 -0.2246891E-03 -0.7397007E-16  0.4917359E-02 -0.5987762E+00
   03  0.1428334E-01  0.6016868E+00 -0.5401953E-03 -0.1220012E-15  0.4002123E+00 -0.3879905E-03 -0.1013379E-15  0.1899120E-02 -0.5997877E+00
   03  0.1729168E-01  0.6008548E+00 -0.3364816E-03 -0.9875539E-16  0.3998208E+00 -0.2389124E-03 -0.1035957E-15  0.6756164E-03 -0.6001792E+00
   03  0.2030001E-01  0.6005637E+00 -0.1184588E-03 -0.1175011E-15  0.3996536E+00 -0.7171880E-04 -0.1472599E-15  0.2173410E-03 -0.6003464E+00
   03  0.2191668E-01  0.6005247E+00 -0.6929063E-04 -0.9092014E-16  0.3996086E+00 -0.3953478E-04 -0.1449927E-15  0.1332490E-03 -0.6003914E+00
   03  0.2353334E-01  0.6005126E+00 -0.3799279E-04 -0.2735467E-16  0.3995724E+00 -0.2368286E-04 -0.1059419E-15  0.8505369E-04 -0.6004276E+00
   03  0.2515001E-01  0.6005147E+00 -0.1734728E-04 -0.1304368E-16  0.3995419E+00 -0.1733906E-04 -0.6790369E-16  0.5662507E-04 -0.6004581E+00
   03  0.2676667E-01  0.6005230E+00 -0.2411103E-05  0.3304481E-16  0.3995162E+00 -0.1549272E-04 -0.5947204E-16  0.3925598E-04 -0.6004838E+00
   03  0.3000000E-01  0.6005465E+00  0.1715604E-04  0.8223020E-17  0.3994751E+00 -0.1746843E-04 -0.5128850E-16  0.2155017E-04 -0.6005249E+00
   03  0.3452948E-01  0.6005824E+00  0.2994731E-04  0.8611204E-16  0.3994334E+00 -0.2446588E-04 -0.1051241E-15  0.1584518E-04 -0.6005666E+00
   03  0.3905895E-01  0.6006093E+00  0.3474370E-04  0.9319312E-16  0.3994081E+00 -0.3002867E-04 -0.6233281E-16  0.1738442E-04 -0.6005919E+00
   03  0.4358843E-01  0.6006221E+00  0.3427706E-04  0.8586063E-16  0.3993979E+00 -0.2961007E-04 -0.2600700E-16  0.2003388E-04 -0.6006021E+00
   03  0.4811790E-01  0.6006222E+00  0.2807743E-04 -0.7828160E-16  0.3993994E+00 -0.2547601E-04 -0.4489318E-16  0.2155556E-04 -0.6006006E+00
   03  0.5009825E-01  0.6006193E+00  0.2620668E-04 -0.6650097E-16  0.3994018E+00 -0.2333147E-04  0.1211467E-16  0.2111524E-04 -0.6005982E+00
   03  0.5207860E-01  0.6006153E+00  0.2452115E-04 -0.5448431E-16  0.3994054E+00 -0.2178334E-04  0.2612160E-16  0.2067966E-04 -0.6005946E+00
   03  0.5603930E-01  0.6006042E+00  0.2177205E-04  0.1165205E-15  0.3994156E+00 -0.1985564E-04  0.7505942E-16  0.1976260E-04 -0.6005844E+00
   03  0.6000000E-01  0.6005884E+00  0.1976087E-04  0.1226155E-15  0.3994304E+00 -0.1925796E-04  0.8563475E-16  0.1889397E-04 -0.6005696E+00
   03  0.6302087E-01  0.6005725E+00  0.1859289E-04  0.7103565E-16  0.3994456E+00 -0.1857212E-04  0.6950704E-16  0.1807305E-04 -0.6005544E+00
   03  0.6604174E-01  0.6005541E+00  0.1782309E-04  0.9550513E-17  0.3994635E+00 -0.1765317E-04  0.6280315E-16  0.1760907E-04 -0.6005365E+00
   03  0.6906261E-01  0.6005338E+00  0.1682584E-04  0.6357409E-16  0.3994835E+00 -0.1688148E-04  0.1232774E-15  0.1736556E-04 -0.6005165E+00
   03  0.7208348E-01  0.6005119E+00  0.1538476E-04  0.5227658E-16  0.3995053E+00 -0.1640141E-04  0.1274849E-15  0.1722745E-04 -0.6004947E+00
   03  0.7510435E-01  0.6004881E+00  0.1418720E-04  0.2924741E-16  0.3995287E+00 -0.1613780E-04  0.1059299E-15  0.1679086E-04 -0.6004713E+00
   03  0.7812522E-01  0.6004621E+00  0.1388165E-04  0.4537559E-16  0.3995537E+00 -0.1598962E-04  0.6604107E-16  0.1581088E-04 -0.6004463E+00
   03  0.8109391E-01  0.6004347E+00  0.1465671E-04  0.1480098E-15  0.3995798E+00 -0.1605900E-04  0.9578889E-16  0.1445693E-04 -0.6004202E+00
   03  0.8406261E-01  0.6004059E+00  0.1615441E-04  0.1722465E-15  0.3996072E+00 -0.1642590E-04  0.7823155E-16  0.1309261E-04 -0.6003928E+00
   03  0.8703130E-01  0.6003761E+00  0.1811564E-04  0.1102805E-15  0.3996358E+00 -0.1707377E-04  0.8957525E-16  0.1189073E-04 -0.6003642E+00
   03  0.9000000E-01  0.6003455E+00  0.1927848E-04  0.1455028E-15  0.3996654E+00 -0.1733759E-04  0.1093671E-15  0.1097676E-04 -0.6003346E+00
   03  0.9302385E-01  0.6003136E+00  0.1949119E-04  0.1669836E-15  0.3996967E+00 -0.1711888E-04  0.8231006E-16  0.1022783E-04 -0.6003033E+00
   02  0.9604769E-01  0.6002291E+00 -0.1539452E-04  0.1285702E-15  0.3997786E+00  0.1568799E-04  0.5135270E-16  0.7652049E-05 -0.6002214E+00
   02  0.1020954E+00  0.6002024E+00 -0.1581275E-04  0.1107996E-15  0.3998034E+00  0.1441338E-04  0.3210795E-16  0.5826193E-05 -0.6001966E+00
   02  0.1081431E+00  0.6001785E+00 -0.1492097E-04  0.1256659E-15  0.3998252E+00  0.1401939E-04  0.3380376E-16  0.3705289E-05 -0.6001748E+00
   02  0.1120954E+00  0.6001648E+00 -0.1430852E-04  0.1664487E-15  0.3998380E+00  0.1384804E-04  0.8277972E-16  0.2772056E-05 -0.6001620E+00
   02  0.1160477E+00  0.6001524E+00 -0.1433268E-04  0.1866869E-15  0.3998501E+00  0.1328451E-04  0.1003237E-15  0.2464961E-05 -0.6001499E+00
   02  0.1200000E+00  0.6001414E+00 -0.1603190E-04  0.2118566E-15  0.3998618E+00  0.1161341E-04  0.1136533E-15  0.3183220E-05 -0.6001382E+00
   02  0.1290705E+00  0.6001247E+00 -0.4209563E-04  0.1266340E-15  0.3998900E+00 -0.6262776E-05  0.9932118E-16  0.1471698E-04 -0.6001100E+00
   02  0.1381409E+00  0.6001359E+00 -0.1334403E-03  0.3072082E-16  0.3999269E+00 -0.6097875E-04  0.8432553E-16  0.6278339E-04 -0.6000731E+00
   03  0.1420939E+00  0.6001313E+00 -0.1603909E-03 -0.1648785E-16  0.3999384E+00 -0.5423992E-04  0.1515360E-15  0.6976468E-04 -0.6000616E+00
   03  0.1460470E+00  0.6001765E+00 -0.3299007E-03 -0.2127229E-15  0.3999806E+00 -0.1581558E-03  0.6506153E-16  0.1571337E-03 -0.6000194E+00
   03  0.1500000E+00  0.6002199E+00 -0.4842316E-03 -0.1333139E-15  0.4000183E+00 -0.2571625E-03  0.1029359E-15  0.2381117E-03 -0.5999817E+00
   03  0.1530219E+00  0.6002689E+00 -0.6544582E-03 -0.1441176E-15  0.4000594E+00 -0.3649148E-03  0.7618135E-16  0.3282907E-03 -0.5999406E+00
   03  0.1560439E+00  0.6003360E+00 -0.8817263E-03 -0.1502993E-15  0.4001128E+00 -0.5082011E-03  0.1322962E-15  0.4488477E-03 -0.5998872E+00
   03  0.1590658E+00  0.6004204E+00 -0.1162859E-02 -0.2463277E-16  0.4001773E+00 -0.6854897E-03  0.2026916E-15  0.5977289E-03 -0.5998227E+00
   03  0.1620878E+00  0.6005185E+00 -0.1486836E-02  0.5061749E-16  0.4002504E+00 -0.8901824E-03  0.2311174E-15  0.7688604E-03 -0.5997496E+00
   03  0.1651097E+00  0.6006251E+00 -0.1837984E-02  0.1022312E-15  0.4003290E+00 -0.1112704E-02  0.2603131E-15  0.9540825E-03 -0.5996710E+00
   03  0.1681317E+00  0.6007325E+00 -0.2193117E-02  0.4570965E-16  0.4004089E+00 -0.1339170E-02  0.2045766E-15  0.1141393E-02 -0.5995911E+00
   03  0.1710987E+00  0.6008271E+00 -0.2513130E-02  0.1140701E-16  0.4004837E+00 -0.1546296E-02  0.1909754E-15  0.1310793E-02 -0.5995163E+00
   03  0.1740658E+00  0.6009023E+00 -0.2765801E-02  0.5240650E-16  0.4005425E+00 -0.1710241E-02  0.2011465E-15  0.1444798E-02 -0.5994575E+00
   03  0.1770329E+00  0.6009454E+00 -0.2915017E-02 -0.3877014E-16  0.4005788E+00 -0.1808334E-02  0.1434764E-15  0.1524229E-02 -0.5994212E+00
   03  0.1800000E+00  0.6009625E+00 -0.2976282E-02 -0.2801310E-16  0.4005951E+00 -0.1850885E-02  0.1084876E-15  0.1557658E-02 -0.5994049E+00
   03  0.1830223E+00  0.6009659E+00 -0.2993264E-02 -0.6760998E-16  0.4006017E+00 -0.1864776E-02  0.3491965E-16  0.1567585E-02 -0.5993983E+00
   03  0.1860447E+00  0.6009629E+00 -0.2985861E-02 -0.2561234E-16  0.4006015E+00 -0.1862150E-02  0.6353390E-16  0.1564401E-02 -0.5993985E+00
   03  0.1890670E+00  0.6009496E+00 -0.2946755E-02 -0.1592644E-15  0.4005952E+00 -0.1840812E-02 -0.7043399E-16  0.1544754E-02 -0.5994048E+00
   03  0.1920893E+00  0.6009187E+00 -0.2854764E-02 -0.1643634E-15  0.4005790E+00 -0.1787693E-02 -0.7552340E-16  0.1497736E-02 -0.5994210E+00
   03  0.1951117E+00  0.6008711E+00 -0.2714640E-02 -0.1784856E-15  0.4005541E+00 -0.1703679E-02 -0.7121511E-16  0.1425163E-02 -0.5994459E+00
   03  0.1981340E+00  0.6008148E+00 -0.2546914E-02 -0.1879014E-15  0.4005229E+00 -0.1600287E-02 -0.9448279E-16  0.1337708E-02 -0.5994771E+00
   03  0.2001117E+00  0.6007754E+00 -0.2428737E-02 -0.1706615E-15  0.4005005E+00 -0.1526920E-02 -0.7600678E-16  0.1275887E-02 -0.5994995E+00
   03  0.2020893E+00  0.6007361E+00 -0.2309186E-02 -0.2015677E-15  0.4004773E+00 -0.1452625E-02 -0.1010061E-15  0.1213374E-02 -0.5995227E+00
   03  0.2060447E+00  0.6006589E+00 -0.2072541E-02 -0.1535469E-15  0.4004307E+00 -0.1305093E-02  0.1897067E-16  0.1089567E-02 -0.5995693E+00
   03  0.2100000E+00  0.6005854E+00 -0.1844240E-02 -0.1083186E-15  0.4003846E+00 -0.1162516E-02  0.4149984E-16  0.9700654E-03 -0.5996154E+00
   03  0.2145360E+00  0.6005038E+00 -0.1587011E-02  0.2718133E-16  0.4003317E+00 -0.1001888E-02  0.1100845E-15  0.8354776E-03 -0.5996683E+00
   03  0.2190720E+00  0.6004219E+00 -0.1325327E-02 -0.1931803E-15  0.4002766E+00 -0.8384996E-03 -0.5859655E-16  0.6984574E-03 -0.5997234E+00
   03  0.2236081E+00  0.6003383E+00 -0.1056245E-02 -0.3908003E-15  0.4002190E+00 -0.6701768E-03 -0.1364191E-15  0.5572953E-03 -0.5997810E+00
   03  0.2281441E+00  0.6002559E+00 -0.7895655E-03 -0.3785531E-15  0.4001613E+00 -0.5027800E-03 -0.1937900E-15  0.4172093E-03 -0.5998387E+00
   03  0.2301201E+00  0.6002204E+00 -0.6736787E-03 -0.3621868E-15  0.4001359E+00 -0.4299851E-03 -0.1800464E-15  0.3563249E-03 -0.5998641E+00
   03  0.2320961E+00  0.6001859E+00 -0.5608953E-03 -0.3101357E-15  0.4001111E+00 -0.3590394E-03 -0.1616737E-15  0.2970218E-03 -0.5998889E+00
   03  0.2360480E+00  0.6001185E+00 -0.3300072E-03 -0.9381224E-16  0.4000570E+00 -0.2121704E-03 -0.6526988E-16  0.1755009E-03 -0.5999430E+00
   03  0.2400000E+00  0.6000658E+00 -0.1517875E-03  0.9452015E-16  0.4000151E+00 -0.9742121E-04  0.2440003E-16  0.8087242E-04 -0.5999849E+00
   03  0.2430241E+00  0.6000345E+00 -0.4140634E-04  0.8213493E-16  0.3999879E+00 -0.2623521E-04  0.3769830E-16  0.2243262E-04 -0.6000121E+00
   02  0.2460482E+00  0.6000131E+00  0.3400878E-04 -0.6480447E-16  0.3999708E+00  0.1700189E-04  0.3574037E-16 -0.1606635E-04 -0.6000292E+00
   02  0.2520964E+00  0.5999721E+00  0.1685229E-03  0.9413253E-17  0.3999408E+00  0.1027524E-03  0.4110320E-16 -0.8704362E-04 -0.6000592E+00
   02  0.2581445E+00  0.5999417E+00  0.2722191E-03 -0.1763074E-17  0.3999169E+00  0.1683020E-03  0.6130408E-16 -0.1414426E-03 -0.6000831E+00
   02  0.2640723E+00  0.5999196E+00  0.3481143E-03 -0.2846859E-16  0.3998993E+00  0.2160726E-03  0.6163353E-16 -0.1810953E-03 -0.6001007E+00
   02  0.2700000E+00  0.5999088E+00  0.3847754E-03  0.3633862E-16  0.3998907E+00  0.2396089E-03  0.1251553E-15 -0.2005063E-03 -0.6001093E+00
   02  0.2760459E+00  0.5999062E+00  0.3933711E-03  0.1393860E-15  0.3998883E+00  0.2458873E-03  0.1946807E-15 -0.2054628E-03 -0.6001117E+00
   02  0.2820918E+00  0.5999070E+00  0.3915948E-03  0.7862032E-16  0.3998882E+00  0.2453472E-03  0.1803625E-15 -0.2048085E-03 -0.6001118E+00
   02  0.2881377E+00  0.5999093E+00  0.3852145E-03 -0.6298030E-16  0.3998891E+00  0.2416161E-03  0.1550281E-15 -0.2016003E-03 -0.6001109E+00
   02  0.2920918E+00  0.5999118E+00  0.3773905E-03 -0.6308863E-16  0.3998905E+00  0.2370560E-03  0.1601870E-15 -0.1976887E-03 -0.6001095E+00
   02  0.2960459E+00  0.5999158E+00  0.3650232E-03 -0.1223011E-15  0.3998928E+00  0.2298914E-03  0.1415829E-15 -0.1914694E-03 -0.6001072E+00
