# gauge_id=   107 location=(  0.6452420089E+02  0.6452420089E+02 ) num_var=  4
# level, time, q[  1  2  3], eta, aux[]
   01  0.0000000E+00  0.0000000E+00  0.0000000E+00  0.0000000E+00  0.7150000E+01
   01  0.1600000E-01  0.0000000E+00  0.0000000E+00  0.0000000E+00  0.7150000E+01
   01  0.1329653E+00  0.0000000E+00  0.0000000E+00  0.0000000E+00  0.7150000E+01
   01  0.2476540E+00  0.0000000E+00  0.0000000E+00  0.0000000E+00  0.7150000E+01
   01  0.3333333E+00  0.0000000E+00  0.0000000E+00  0.0000000E+00  0.7150000E+01
   01  0.4522257E+00  0.0000000E+00  0.0000000E+00  0.0000000E+00  0.7150000E+01
   01  0.5724150E+00  0.0000000E+00  0.0000000E+00  0.0000000E+00  0.7150000E+01
   01  0.6666667E+00  0.0000000E+00  0.0000000E+00  0.0000000E+00  0.7150000E+01
   01  0.7903854E+00  0.0000000E+00  0.0000000E+00  0.0000000E+00  0.7150000E+01
   01  0.9158532E+00  0.0000000E+00  0.0000000E+00  0.0000000E+00  0.7150000E+01
   01  0.1000000E+01  0.0000000E+00  0.0000000E+00  0.0000000E+00  0.7150000E+01
   01  0.1128722E+01  0.0000000E+00  0.0000000E+00  0.0000000E+00  0.7150000E+01
   01  0.1257366E+01  0.0000000E+00  0.0000000E+00  0.0000000E+00  0.7150000E+01
   01  0.1333333E+01  0.0000000E+00  0.0000000E+00  0.0000000E+00  0.7150000E+01
   01  0.1461954E+01  0.0000000E+00  0.0000000E+00  0.0000000E+00  0.7150000E+01
   01  0.1590570E+01  0.0000000E+00  0.0000000E+00  0.0000000E+00  0.7150000E+01
   01  0.1666667E+01  0.0000000E+00  0.0000000E+00  0.0000000E+00  0.7150000E+01
   01  0.1795194E+01  0.0000000E+00  0.0000000E+00  0.0000000E+00  0.7150000E+01
   02  0.1923729E+01  0.0000000E+00  0.0000000E+00  0.0000000E+00  0.4510000E+01
   02  0.1961864E+01  0.0000000E+00  0.0000000E+00  0.0000000E+00  0.4510000E+01
   02  0.2000000E+01  0.0000000E+00  0.0000000E+00  0.0000000E+00  0.4510000E+01
   02  0.2042869E+01  0.0000000E+00  0.0000000E+00  0.0000000E+00  0.4510000E+01
   02  0.2085738E+01  0.0000000E+00  0.0000000E+00  0.0000000E+00  0.4510000E+01
   02  0.2128607E+01  0.0000000E+00  0.0000000E+00  0.0000000E+00  0.4510000E+01
   02  0.2171468E+01  0.0000000E+00  0.0000000E+00  0.0000000E+00  0.4510000E+01
   02  0.2214329E+01  0.0000000E+00  0.0000000E+00  0.0000000E+00  0.4510000E+01
   02  0.2257190E+01  0.0000000E+00  0.0000000E+00  0.0000000E+00  0.4510000E+01
   02  0.2295261E+01  0.0000000E+00  0.0000000E+00  0.0000000E+00  0.4510000E+01
   02  0.2333333E+01  0.0000000E+00  0.0000000E+00  0.0000000E+00  0.4510000E+01
   02  0.2376168E+01  0.0000000E+00  0.0000000E+00  0.0000000E+00  0.4510000E+01
   02  0.2419002E+01  0.0000000E+00  0.0000000E+00  0.0000000E+00  0.4510000E+01
   02  0.2461836E+01  0.0000000E+00  0.0000000E+00  0.0000000E+00  0.4510000E+01
   02  0.2504676E+01  0.0000000E+00  0.0000000E+00  0.0000000E+00  0.4510000E+01
   02  0.2547516E+01  0.0000000E+00  0.0000000E+00  0.0000000E+00  0.4510000E+01
   02  0.2590356E+01  0.0000000E+00  0.0000000E+00  0.0000000E+00  0.4510000E+01
   02  0.2628511E+01  0.0000000E+00  0.0000000E+00  0.0000000E+00  0.4510000E+01
   02  0.2666667E+01  0.0000000E+00  0.0000000E+00  0.0000000E+00  0.4510000E+01
   02  0.2709527E+01  0.0000000E+00  0.0000000E+00  0.0000000E+00  0.4510000E+01
   02  0.2752387E+01  0.0000000E+00  0.0000000E+00  0.0000000E+00  0.4510000E+01
   02  0.2795247E+01  0.0000000E+00  0.0000000E+00  0.0000000E+00  0.4510000E+01
   02  0.2838101E+01  0.0000000E+00  0.0000000E+00  0.0000000E+00  0.4510000E+01
   02  0.2880955E+01  0.0000000E+00  0.0000000E+00  0.0000000E+00  0.4510000E+01
   02  0.2923808E+01  0.0000000E+00  0.0000000E+00  0.0000000E+00  0.4510000E+01
   02  0.2961904E+01  0.0000000E+00  0.0000000E+00  0.0000000E+00  0.4510000E+01
   02  0.3000000E+01  0.0000000E+00  0.0000000E+00  0.0000000E+00  0.4510000E+01
   02  0.3042839E+01  0.0000000E+00  0.0000000E+00  0.0000000E+00  0.4510000E+01
   02  0.3085678E+01  0.0000000E+00  0.0000000E+00  0.0000000E+00  0.4510000E+01
   02  0.3128516E+01  0.0000000E+00  0.0000000E+00  0.0000000E+00  0.4510000E+01
   03  0.3171360E+01  0.0000000E+00  0.0000000E+00  0.0000000E+00  0.3855000E+01
   03  0.3192782E+01  0.0000000E+00  0.0000000E+00  0.0000000E+00  0.3855000E+01
   03  0.3214204E+01  0.0000000E+00  0.0000000E+00  0.0000000E+00  0.3855000E+01
   03  0.3235626E+01  0.0000000E+00  0.0000000E+00  0.0000000E+00  0.3855000E+01
   03  0.3257048E+01  0.0000000E+00  0.0000000E+00  0.0000000E+00  0.3855000E+01
   03  0.3276119E+01  0.0000000E+00  0.0000000E+00  0.0000000E+00  0.3855000E+01
   03  0.3295190E+01  0.0000000E+00  0.0000000E+00  0.0000000E+00  0.3855000E+01
   03  0.3314262E+01  0.0000000E+00  0.0000000E+00  0.0000000E+00  0.3855000E+01
   03  0.3333333E+01  0.0000000E+00  0.0000000E+00  0.0000000E+00  0.3855000E+01
   03  0.3354761E+01  0.0000000E+00  0.0000000E+00  0.0000000E+00  0.3855000E+01
   03  0.3376188E+01  0.0000000E+00  0.0000000E+00  0.0000000E+00  0.3855000E+01
   03  0.3397615E+01  0.0000000E+00  0.0000000E+00  0.0000000E+00  0.3855000E+01
   03  0.3419043E+01  0.0000000E+00  0.0000000E+00  0.0000000E+00  0.3855000E+01
   03  0.3440470E+01  0.0000000E+00  0.0000000E+00  0.0000000E+00  0.3855000E+01
   03  0.3461897E+01  0.0000000E+00  0.0000000E+00  0.0000000E+00  0.3855000E+01
   03  0.3483322E+01  0.0000000E+00  0.0000000E+00  0.0000000E+00  0.3855000E+01
   03  0.3504748E+01  0.0000000E+00  0.0000000E+00  0.0000000E+00  0.3855000E+01
   03  0.3526173E+01  0.0000000E+00  0.0000000E+00  0.0000000E+00  0.3855000E+01
   03  0.3547598E+01  0.0000000E+00  0.0000000E+00  0.0000000E+00  0.3855000E+01
   04  0.3569023E+01  0.0000000E+00  0.0000000E+00  0.0000000E+00  0.3371250E+01
   04  0.3576165E+01  0.0000000E+00  0.0000000E+00  0.0000000E+00  0.3371250E+01
   04  0.3583307E+01  0.0000000E+00  0.0000000E+00  0.0000000E+00  0.3371250E+01
   04  0.3590448E+01  0.0000000E+00  0.0000000E+00  0.0000000E+00  0.3371250E+01
   04  0.3596800E+01  0.0000000E+00  0.0000000E+00  0.0000000E+00  0.3371250E+01
   04  0.3603151E+01  0.0000000E+00  0.0000000E+00  0.0000000E+00  0.3371250E+01
   04  0.3609503E+01  0.0000000E+00  0.0000000E+00  0.0000000E+00  0.3371250E+01
   04  0.3615854E+01  0.0000000E+00  0.0000000E+00  0.0000000E+00  0.3371250E+01
   04  0.3622206E+01  0.0000000E+00  0.0000000E+00  0.0000000E+00  0.3371250E+01
   04  0.3628557E+01  0.0000000E+00  0.0000000E+00  0.0000000E+00  0.3371250E+01
   04  0.3634909E+01  0.0000000E+00  0.0000000E+00  0.0000000E+00  0.3371250E+01
   04  0.3641261E+01  0.0000000E+00  0.0000000E+00  0.0000000E+00  0.3371250E+01
   04  0.3647612E+01  0.0000000E+00  0.0000000E+00  0.0000000E+00  0.3371250E+01
   04  0.3653964E+01  0.0000000E+00  0.0000000E+00  0.0000000E+00  0.3371250E+01
   04  0.3660315E+01  0.0000000E+00  0.0000000E+00  0.0000000E+00  0.3371250E+01
   04  0.3666667E+01  0.0000000E+00  0.0000000E+00  0.0000000E+00  0.3371250E+01
   04  0.3673807E+01  0.0000000E+00  0.0000000E+00  0.0000000E+00  0.3371250E+01
   04  0.3680947E+01  0.0000000E+00  0.0000000E+00  0.0000000E+00  0.3371250E+01
   04  0.3688088E+01  0.0000000E+00  0.0000000E+00  0.0000000E+00  0.3371250E+01
   04  0.3695228E+01  0.0000000E+00  0.0000000E+00  0.0000000E+00  0.3371250E+01
   04  0.3702368E+01  0.0000000E+00  0.0000000E+00  0.0000000E+00  0.3371250E+01
   04  0.3709508E+01  0.0000000E+00  0.0000000E+00  0.0000000E+00  0.3371250E+01
   04  0.3716649E+01  0.0000000E+00  0.0000000E+00  0.0000000E+00  0.3371250E+01
   04  0.3723789E+01  0.0000000E+00  0.0000000E+00  0.0000000E+00  0.3371250E+01
   04  0.3730929E+01  0.0000000E+00  0.0000000E+00  0.0000000E+00  0.3371250E+01
   04  0.3738070E+01  0.0000000E+00  0.0000000E+00  0.0000000E+00  0.3371250E+01
   04  0.3745210E+01  0.0000000E+00  0.0000000E+00  0.0000000E+00  0.3371250E+01
   04  0.3752350E+01  0.0000000E+00  0.0000000E+00  0.0000000E+00  0.3371250E+01
   04  0.3759491E+01  0.0000000E+00  0.0000000E+00  0.0000000E+00  0.3371250E+01
   04  0.3766631E+01  0.0000000E+00  0.0000000E+00  0.0000000E+00  0.3371250E+01
   04  0.3773771E+01  0.0000000E+00  0.0000000E+00  0.0000000E+00  0.3371250E+01
   04  0.3780912E+01  0.0000000E+00  0.0000000E+00  0.0000000E+00  0.3371250E+01
   04  0.3788052E+01  0.0000000E+00  0.0000000E+00  0.0000000E+00  0.3371250E+01
   04  0.3795192E+01  0.0000000E+00  0.0000000E+00  0.0000000E+00  0.3371250E+01
   04  0.3802333E+01  0.0000000E+00  0.0000000E+00  0.0000000E+00  0.3371250E+01
   04  0.3809474E+01  0.0000000E+00  0.0000000E+00  0.0000000E+00  0.3371250E+01
   04  0.3816614E+01  0.0000000E+00  0.0000000E+00  0.0000000E+00  0.3371250E+01
   04  0.3823755E+01  0.0000000E+00  0.0000000E+00  0.0000000E+00  0.3371250E+01
   04  0.3830896E+01  0.0000000E+00  0.0000000E+00  0.0000000E+00  0.3371250E+01
   04  0.3838037E+01  0.0000000E+00  0.0000000E+00  0.0000000E+00  0.3371250E+01
   04  0.3842797E+01  0.0000000E+00  0.0000000E+00  0.0000000E+00  0.3371250E+01
   04  0.3847558E+01  0.0000000E+00  0.0000000E+00  0.0000000E+00  0.3371250E+01
   04  0.3852318E+01  0.0000000E+00  0.0000000E+00  0.0000000E+00  0.3371250E+01
   04  0.3857079E+01  0.0000000E+00  0.0000000E+00  0.0000000E+00  0.3371250E+01
   04  0.3861839E+01  0.0000000E+00  0.0000000E+00  0.0000000E+00  0.3371250E+01
   04  0.3866600E+01  0.0000000E+00  0.0000000E+00  0.0000000E+00  0.3371250E+01
   04  0.3871360E+01  0.0000000E+00  0.0000000E+00  0.0000000E+00  0.3371250E+01
   04  0.3876121E+01  0.0000000E+00  0.0000000E+00  0.0000000E+00  0.3371250E+01
   04  0.3880882E+01  0.0000000E+00  0.0000000E+00  0.0000000E+00  0.3371250E+01
   04  0.3886237E+01  0.0000000E+00  0.0000000E+00  0.0000000E+00  0.3371250E+01
   04  0.3891593E+01  0.0000000E+00  0.0000000E+00  0.0000000E+00  0.3371250E+01
   04  0.3896948E+01  0.0000000E+00  0.0000000E+00  0.0000000E+00  0.3371250E+01
   04  0.3902304E+01  0.0000000E+00  0.0000000E+00  0.0000000E+00  0.3371250E+01
   04  0.3907659E+01  0.0000000E+00  0.0000000E+00  0.0000000E+00  0.3371250E+01
   04  0.3913015E+01  0.0000000E+00  0.0000000E+00  0.0000000E+00  0.3371250E+01
   04  0.3918371E+01  0.0000000E+00  0.0000000E+00  0.0000000E+00  0.3371250E+01
   04  0.3923726E+01  0.0000000E+00  0.0000000E+00  0.0000000E+00  0.3371250E+01
   04  0.3930082E+01  0.0000000E+00  0.0000000E+00  0.0000000E+00  0.3371250E+01
   04  0.3936438E+01  0.0000000E+00  0.0000000E+00  0.0000000E+00  0.3371250E+01
   04  0.3942795E+01  0.0000000E+00  0.0000000E+00  0.0000000E+00  0.3371250E+01
   04  0.3949151E+01  0.0000000E+00  0.0000000E+00  0.0000000E+00  0.3371250E+01
   04  0.3955507E+01  0.0000000E+00  0.0000000E+00  0.0000000E+00  0.3371250E+01
   04  0.3961863E+01  0.0000000E+00  0.0000000E+00  0.0000000E+00  0.3371250E+01
   04  0.3968219E+01  0.0000000E+00  0.0000000E+00  0.0000000E+00  0.3371250E+01
   04  0.3974575E+01  0.0000000E+00  0.0000000E+00  0.0000000E+00  0.3371250E+01
   04  0.3980932E+01  0.0000000E+00  0.0000000E+00  0.0000000E+00  0.3371250E+01
   04  0.3987288E+01  0.0000000E+00  0.0000000E+00  0.0000000E+00  0.3371250E+01
   04  0.3993644E+01  0.0000000E+00  0.0000000E+00  0.0000000E+00  0.3371250E+01
   04  0.4000000E+01  0.0000000E+00  0.0000000E+00  0.0000000E+00  0.3371250E+01
   04  0.4007142E+01  0.0000000E+00  0.0000000E+00  0.0000000E+00  0.3371250E+01
   04  0.4014284E+01  0.0000000E+00  0.0000000E+00  0.0000000E+00  0.3371250E+01
   04  0.4021426E+01  0.0000000E+00  0.0000000E+00  0.0000000E+00  0.3371250E+01
   04  0.4028568E+01  0.0000000E+00  0.0000000E+00  0.0000000E+00  0.3371250E+01
   04  0.4035710E+01  0.0000000E+00  0.0000000E+00  0.0000000E+00  0.3371250E+01
   04  0.4042852E+01  0.0000000E+00  0.0000000E+00  0.0000000E+00  0.3371250E+01
   04  0.4049994E+01  0.0000000E+00  0.0000000E+00  0.0000000E+00  0.3371250E+01
   04  0.4057136E+01  0.0000000E+00  0.0000000E+00  0.0000000E+00  0.3371250E+01
   04  0.4064278E+01  0.0000000E+00  0.0000000E+00  0.0000000E+00  0.3371250E+01
   04  0.4071420E+01  0.0000000E+00  0.0000000E+00  0.0000000E+00  0.3371250E+01
   04  0.4078562E+01  0.0000000E+00  0.0000000E+00  0.0000000E+00  0.3371250E+01
   04  0.4085704E+01  0.0000000E+00  0.0000000E+00  0.0000000E+00  0.3371250E+01
   04  0.4092846E+01  0.0000000E+00  0.0000000E+00  0.0000000E+00  0.3371250E+01
   04  0.4099988E+01  0.0000000E+00  0.0000000E+00  0.0000000E+00  0.3371250E+01
   04  0.4107130E+01  0.0000000E+00  0.0000000E+00  0.0000000E+00  0.3371250E+01
   04  0.4114272E+01  0.0000000E+00  0.0000000E+00  0.0000000E+00  0.3371250E+01
   04  0.4121414E+01  0.0000000E+00  0.0000000E+00  0.0000000E+00  0.3371250E+01
   04  0.4128556E+01  0.0000000E+00  0.0000000E+00  0.0000000E+00  0.3371250E+01
   04  0.4135697E+01  0.0000000E+00  0.0000000E+00  0.0000000E+00  0.3371250E+01
   04  0.4142839E+01  0.0000000E+00  0.0000000E+00  0.0000000E+00  0.3371250E+01
   04  0.4149980E+01  0.0000000E+00  0.0000000E+00  0.0000000E+00  0.3371250E+01
   04  0.4157121E+01  0.0000000E+00  0.0000000E+00  0.0000000E+00  0.3371250E+01
   04  0.4164263E+01  0.0000000E+00  0.0000000E+00  0.0000000E+00  0.3371250E+01
   04  0.4171404E+01  0.0000000E+00  0.0000000E+00  0.0000000E+00  0.3371250E+01
   04  0.4178546E+01  0.0000000E+00  0.0000000E+00  0.0000000E+00  0.3371250E+01
   04  0.4185687E+01  0.0000000E+00  0.0000000E+00  0.0000000E+00  0.3371250E+01
   04  0.4192828E+01  0.0000000E+00  0.0000000E+00  0.0000000E+00  0.3371250E+01
   04  0.4199970E+01  0.0000000E+00  0.0000000E+00  0.0000000E+00  0.3371250E+01
   04  0.4207111E+01  0.0000000E+00  0.0000000E+00  0.0000000E+00  0.3371250E+01
   04  0.4214252E+01  0.0000000E+00  0.0000000E+00  0.0000000E+00  0.3371250E+01
   04  0.4221394E+01  0.0000000E+00  0.0000000E+00  0.0000000E+00  0.3371250E+01
   04  0.4228535E+01  0.0000000E+00  0.0000000E+00  0.0000000E+00  0.3371250E+01
   04  0.4235677E+01  0.0000000E+00  0.0000000E+00  0.0000000E+00  0.3371250E+01
   04  0.4242818E+01  0.0000000E+00  0.0000000E+00  0.0000000E+00  0.3371250E+01
   04  0.4249959E+01  0.0000000E+00  0.0000000E+00  0.0000000E+00  0.3371250E+01
   04  0.4257101E+01  0.0000000E+00  0.0000000E+00  0.0000000E+00  0.3371250E+01
   04  0.4263453E+01  0.0000000E+00  0.0000000E+00  0.0000000E+00  0.3371250E+01
   04  0.4269806E+01  0.0000000E+00  0.0000000E+00  0.0000000E+00  0.3371250E+01
   04  0.4276159E+01  0.0000000E+00  0.0000000E+00  0.0000000E+00  0.3371250E+01
   04  0.4282512E+01  0.0000000E+00  0.0000000E+00  0.0000000E+00  0.3371250E+01
   04  0.4288864E+01  0.0000000E+00  0.0000000E+00  0.0000000E+00  0.3371250E+01
   04  0.4295217E+01  0.0000000E+00  0.0000000E+00  0.0000000E+00  0.3371250E+01
   04  0.4301570E+01  0.0000000E+00  0.0000000E+00  0.0000000E+00  0.3371250E+01
   04  0.4307922E+01  0.0000000E+00  0.0000000E+00  0.0000000E+00  0.3371250E+01
   04  0.4314275E+01  0.0000000E+00  0.0000000E+00  0.0000000E+00  0.3371250E+01
   04  0.4320628E+01  0.0000000E+00  0.0000000E+00  0.0000000E+00  0.3371250E+01
   04  0.4326981E+01  0.0000000E+00  0.0000000E+00  0.0000000E+00  0.3371250E+01
   04  0.4333333E+01  0.0000000E+00  0.0000000E+00  0.0000000E+00  0.3371250E+01
   04  0.4340474E+01  0.0000000E+00  0.0000000E+00  0.0000000E+00  0.3371250E+01
   04  0.4347614E+01  0.0000000E+00  0.0000000E+00  0.0000000E+00  0.3371250E+01
   04  0.4354755E+01  0.0000000E+00  0.0000000E+00  0.0000000E+00  0.3371250E+01
   04  0.4361895E+01  0.0000000E+00  0.0000000E+00  0.0000000E+00  0.3371250E+01
   04  0.4369036E+01  0.0000000E+00  0.0000000E+00  0.0000000E+00  0.3371250E+01
   04  0.4376176E+01  0.0000000E+00  0.0000000E+00  0.0000000E+00  0.3371250E+01
   04  0.4383317E+01  0.0000000E+00  0.0000000E+00  0.0000000E+00  0.3371250E+01
   04  0.4390457E+01  0.7881412E-01  0.3574719E+00  0.3569831E+00  0.3351252E+01
   04  0.4397598E+01  0.1270083E+00  0.5655169E+00  0.5648595E+00  0.3399447E+01
   04  0.4404738E+01  0.1639153E+00  0.7254630E+00  0.7248102E+00  0.3436354E+01
   04  0.4411879E+01  0.1862459E+00  0.7985421E+00  0.7979924E+00  0.3458684E+01
   04  0.4419019E+01  0.2057816E+00  0.8539609E+00  0.8535057E+00  0.3478220E+01
   04  0.4426160E+01  0.2227358E+00  0.8946050E+00  0.8942995E+00  0.3495174E+01
   04  0.4433300E+01  0.2387990E+00  0.9272645E+00  0.9271687E+00  0.3511237E+01
   04  0.4440441E+01  0.2543429E+00  0.9558854E+00  0.9559648E+00  0.3526781E+01
   04  0.4447581E+01  0.2697386E+00  0.9820210E+00  0.9822479E+00  0.3542177E+01
   04  0.4454722E+01  0.2850060E+00  0.1005913E+01  0.1006261E+01  0.3557444E+01
   04  0.4461862E+01  0.3000552E+00  0.1027194E+01  0.1027648E+01  0.3572493E+01
   04  0.4469003E+01  0.3147676E+00  0.1045419E+01  0.1045972E+01  0.3587206E+01
   04  0.4476144E+01  0.3290275E+00  0.1060196E+01  0.1060844E+01  0.3601466E+01
   04  0.4483285E+01  0.3427412E+00  0.1071255E+01  0.1071994E+01  0.3615180E+01
   04  0.4490426E+01  0.3558442E+00  0.1078474E+01  0.1079300E+01  0.3628282E+01
   04  0.4497567E+01  0.3683062E+00  0.1081885E+01  0.1082791E+01  0.3640744E+01
   04  0.4504708E+01  0.3801221E+00  0.1081606E+01  0.1082581E+01  0.3652560E+01
   04  0.4511849E+01  0.3913131E+00  0.1077782E+01  0.1078810E+01  0.3663751E+01
   04  0.4518990E+01  0.4018562E+00  0.1070412E+01  0.1071468E+01  0.3674294E+01
   04  0.4526131E+01  0.4120843E+00  0.1059721E+01  0.1060777E+01  0.3684523E+01
   04  0.4533272E+01  0.4224993E+00  0.1045503E+01  0.1046521E+01  0.3694938E+01
   04  0.4540413E+01  0.4315844E+00  0.1026298E+01  0.1027249E+01  0.3704023E+01
   04  0.4547554E+01  0.4392525E+00  0.1003668E+01  0.1004619E+01  0.3711691E+01
   04  0.4554695E+01  0.4449781E+00  0.9729661E+00  0.9738647E+00  0.3717416E+01
   04  0.4561836E+01  0.4477820E+00  0.9340404E+00  0.9387106E+00  0.3720220E+01
   04  0.4568977E+01  0.4498464E+00  0.8947175E+00  0.8980424E+00  0.3722285E+01
   04  0.4576118E+01  0.4499019E+00  0.8600967E+00  0.8630649E+00  0.3722340E+01
   04  0.4583259E+01  0.4531595E+00  0.8352699E+00  0.8387236E+00  0.3725598E+01
   04  0.4590400E+01  0.4595196E+00  0.8201145E+00  0.8251642E+00  0.3731958E+01
   04  0.4596755E+01  0.4712008E+00  0.8098353E+00  0.8150146E+00  0.3743639E+01
   04  0.4603111E+01  0.4826338E+00  0.7965326E+00  0.8013528E+00  0.3755072E+01
   04  0.4609466E+01  0.4910760E+00  0.7791007E+00  0.7825668E+00  0.3763514E+01
   04  0.4615822E+01  0.4975830E+00  0.7576714E+00  0.7614737E+00  0.3770021E+01
   04  0.4622178E+01  0.5028926E+00  0.7334258E+00  0.7375665E+00  0.3775331E+01
   04  0.4628533E+01  0.5073940E+00  0.7065972E+00  0.7110702E+00  0.3779832E+01
   04  0.4634889E+01  0.5110614E+00  0.6773269E+00  0.6821092E+00  0.3783500E+01
   04  0.4641244E+01  0.5139083E+00  0.6458997E+00  0.6509618E+00  0.3786347E+01
   04  0.4647600E+01  0.5159917E+00  0.6127076E+00  0.6179411E+00  0.3788430E+01
   04  0.4653955E+01  0.5173869E+00  0.5781561E+00  0.5834101E+00  0.3789825E+01
   04  0.4660311E+01  0.5181744E+00  0.5426520E+00  0.5477603E+00  0.3790613E+01
   04  0.4666667E+01  0.5184315E+00  0.5065689E+00  0.5113548E+00  0.3790870E+01
   04  0.4673808E+01  0.5181711E+00  0.4656997E+00  0.4699670E+00  0.3790609E+01
   04  0.4680950E+01  0.5173930E+00  0.4247970E+00  0.4284406E+00  0.3789831E+01
   04  0.4688091E+01  0.5161567E+00  0.3841332E+00  0.3870838E+00  0.3788595E+01
   04  0.4695232E+01  0.5145038E+00  0.3438554E+00  0.3461716E+00  0.3786942E+01
   04  0.4702374E+01  0.5124730E+00  0.3040897E+00  0.3058410E+00  0.3784911E+01
   04  0.4709515E+01  0.5100989E+00  0.2649050E+00  0.2662539E+00  0.3782537E+01
   04  0.4716657E+01  0.5074097E+00  0.2263818E+00  0.2274348E+00  0.3779848E+01
   04  0.4723798E+01  0.5044381E+00  0.1885751E+00  0.1893583E+00  0.3776876E+01
   04  0.4730940E+01  0.5012211E+00  0.1515154E+00  0.1520393E+00  0.3773659E+01
   04  0.4738081E+01  0.4978006E+00  0.1152066E+00  0.1154715E+00  0.3770239E+01
   04  0.4745223E+01  0.4942169E+00  0.7962788E-01  0.7962303E-01  0.3766655E+01
   04  0.4752364E+01  0.4905149E+00  0.4475596E-01  0.4445966E-01  0.3762953E+01
   04  0.4759505E+01  0.4867355E+00  0.1053484E-01  0.9917415E-02  0.3759174E+01
   04  0.4766647E+01  0.4829169E+00 -0.2312942E-01 -0.2407870E-01  0.3755355E+01
   04  0.4773788E+01  0.4790999E+00 -0.5625029E-01 -0.5753042E-01  0.3751538E+01
   04  0.4780930E+01  0.4753187E+00 -0.8895717E-01 -0.9062151E-01  0.3747757E+01
   04  0.4788071E+01  0.4716047E+00 -0.1213391E+00 -0.1234191E+00  0.3744043E+01
   04  0.4795213E+01  0.4679686E+00 -0.1534585E+00 -0.1559718E+00  0.3740407E+01
   04  0.4802354E+01  0.4644140E+00 -0.1853630E+00 -0.1883095E+00  0.3736852E+01
   04  0.4809495E+01  0.4609368E+00 -0.2170895E+00 -0.2204488E+00  0.3733375E+01
   04  0.4816636E+01  0.4575274E+00 -0.2486558E+00 -0.2523862E+00  0.3729966E+01
   04  0.4823776E+01  0.4541699E+00 -0.2800592E+00 -0.2840985E+00  0.3726608E+01
   04  0.4830917E+01  0.4508421E+00 -0.3112728E+00 -0.3155404E+00  0.3723280E+01
   04  0.4838058E+01  0.4475142E+00 -0.3422412E+00 -0.3466418E+00  0.3719952E+01
   04  0.4845199E+01  0.4441478E+00 -0.3728763E+00 -0.3773047E+00  0.3716586E+01
   04  0.4852340E+01  0.4406965E+00 -0.4030557E+00 -0.4074023E+00  0.3713135E+01
   04  0.4859481E+01  0.4371069E+00 -0.4326243E+00 -0.4367816E+00  0.3709545E+01
   04  0.4866622E+01  0.4333223E+00 -0.4614019E+00 -0.4652698E+00  0.3705761E+01
   04  0.4873763E+01  0.4292876E+00 -0.4891958E+00 -0.4926875E+00  0.3701726E+01
   04  0.4880904E+01  0.4249558E+00 -0.5158184E+00 -0.5188646E+00  0.3697394E+01
   04  0.4888045E+01  0.4202942E+00 -0.5411076E+00 -0.5436601E+00  0.3692733E+01
   04  0.4895186E+01  0.4152901E+00 -0.5649462E+00 -0.5669806E+00  0.3687728E+01
   04  0.4902327E+01  0.4099538E+00 -0.5872777E+00 -0.5887940E+00  0.3682392E+01
   04  0.4909468E+01  0.4043193E+00 -0.6081139E+00 -0.6091360E+00  0.3676758E+01
   04  0.4916609E+01  0.3984481E+00 -0.6275543E+00 -0.6281283E+00  0.3670886E+01
   04  0.4923750E+01  0.3922380E+00 -0.6454649E+00 -0.6456093E+00  0.3664676E+01
   04  0.4930104E+01  0.3866065E+00 -0.6603603E+00 -0.6601978E+00  0.3659045E+01
   04  0.4936458E+01  0.3809934E+00 -0.6745626E+00 -0.6741667E+00  0.3653432E+01
   04  0.4942812E+01  0.3753167E+00 -0.6880149E+00 -0.6877002E+00  0.3647755E+01
   04  0.4949167E+01  0.3697648E+00 -0.7011117E+00 -0.7006454E+00  0.3642203E+01
   04  0.4955521E+01  0.3643682E+00 -0.7138032E+00 -0.7132990E+00  0.3636806E+01
   04  0.4961875E+01  0.3585812E+00 -0.7250990E+00 -0.7245333E+00  0.3631020E+01
   04  0.4968229E+01  0.3535108E+00 -0.7371934E+00 -0.7368121E+00  0.3625949E+01
   04  0.4974583E+01  0.3482529E+00 -0.7481363E+00 -0.7478519E+00  0.3620691E+01
   04  0.4980937E+01  0.3428937E+00 -0.7581745E+00 -0.7580392E+00  0.3615332E+01
   04  0.4984115E+01  0.3401354E+00 -0.7626961E+00 -0.7626415E+00  0.3612574E+01
   04  0.4987292E+01  0.3373228E+00 -0.7668403E+00 -0.7668954E+00  0.3609761E+01
   04  0.4990469E+01  0.3344647E+00 -0.7706869E+00 -0.7708418E+00  0.3606903E+01
   04  0.4993646E+01  0.3315592E+00 -0.7742001E+00 -0.7744572E+00  0.3603997E+01
   04  0.4996823E+01  0.3286046E+00 -0.7773696E+00 -0.7777298E+00  0.3601043E+01
   04  0.5000000E+01  0.3256003E+00 -0.7801889E+00 -0.7806521E+00  0.3598039E+01
   04  0.5005356E+01  0.3204288E+00 -0.7842165E+00 -0.7848476E+00  0.3592867E+01
   04  0.5010711E+01  0.3151259E+00 -0.7872510E+00 -0.7880425E+00  0.3587564E+01
   04  0.5016067E+01  0.3097049E+00 -0.7893185E+00 -0.7902600E+00  0.3582143E+01
   04  0.5021422E+01  0.3041829E+00 -0.7904606E+00 -0.7915398E+00  0.3576621E+01
   04  0.5026778E+01  0.2985787E+00 -0.7907271E+00 -0.7919297E+00  0.3571017E+01
   04  0.5032133E+01  0.2929101E+00 -0.7901675E+00 -0.7914781E+00  0.3565348E+01
   04  0.5037489E+01  0.2871929E+00 -0.7888257E+00 -0.7902271E+00  0.3559631E+01
   04  0.5042844E+01  0.2814389E+00 -0.7867349E+00 -0.7882087E+00  0.3553877E+01
   04  0.5049985E+01  0.2737252E+00 -0.7829071E+00 -0.7844392E+00  0.3546164E+01
   04  0.5057125E+01  0.2659759E+00 -0.7778234E+00 -0.7793752E+00  0.3538414E+01
   04  0.5064266E+01  0.2582037E+00 -0.7715198E+00 -0.7730504E+00  0.3530642E+01
   04  0.5071407E+01  0.2504272E+00 -0.7640621E+00 -0.7655297E+00  0.3522866E+01
   04  0.5078547E+01  0.2426800E+00 -0.7555855E+00 -0.7569494E+00  0.3515118E+01
   04  0.5085688E+01  0.2350143E+00 -0.7463111E+00 -0.7475342E+00  0.3507453E+01
   04  0.5092829E+01  0.2274928E+00 -0.7365209E+00 -0.7375730E+00  0.3499931E+01
   04  0.5099969E+01  0.2201878E+00 -0.7265616E+00 -0.7274140E+00  0.3492626E+01
   04  0.5107110E+01  0.2131618E+00 -0.7167439E+00 -0.7173925E+00  0.3485600E+01
   04  0.5109490E+01  0.2108906E+00 -0.7134801E+00 -0.7140663E+00  0.3483329E+01
   04  0.5111871E+01  0.2086597E+00 -0.7102816E+00 -0.7108072E+00  0.3481098E+01
   04  0.5114251E+01  0.2064698E+00 -0.7071531E+00 -0.7076206E+00  0.3478908E+01
   04  0.5116631E+01  0.2043212E+00 -0.7040971E+00 -0.7045093E+00  0.3476760E+01
   04  0.5119011E+01  0.2022131E+00 -0.7011127E+00 -0.7014728E+00  0.3474651E+01
   04  0.5121392E+01  0.2001438E+00 -0.6981957E+00 -0.6985068E+00  0.3472582E+01
   04  0.5123772E+01  0.1981106E+00 -0.6953373E+00 -0.6956025E+00  0.3470549E+01
   04  0.5126152E+01  0.1961130E+00 -0.6925339E+00 -0.6927559E+00  0.3468551E+01
   04  0.5128532E+01  0.1941458E+00 -0.6897627E+00 -0.6899437E+00  0.3466584E+01
   04  0.5135673E+01  0.1882997E+00 -0.6813518E+00 -0.6814121E+00  0.3460738E+01
   04  0.5142814E+01  0.1824709E+00 -0.6721024E+00 -0.6720495E+00  0.3454909E+01
   04  0.5149955E+01  0.1768318E+00 -0.6620350E+00 -0.6618597E+00  0.3449270E+01
   04  0.5157096E+01  0.1706758E+00 -0.6492395E+00 -0.6488951E+00  0.3443114E+01
   04  0.5164237E+01  0.1635786E+00 -0.6319370E+00 -0.6313919E+00  0.3436017E+01
   04  0.5171378E+01  0.1544811E+00 -0.6054562E+00 -0.6047762E+00  0.3426919E+01
   04  0.5174948E+01  0.1487712E+00 -0.5870640E+00 -0.5863834E+00  0.3421210E+01
   04  0.5178519E+01  0.1424529E+00 -0.5659366E+00 -0.5652700E+00  0.3414891E+01
   04  0.5182089E+01  0.1356409E+00 -0.5424671E+00 -0.5418206E+00  0.3408079E+01
   04  0.5185660E+01  0.1285192E+00 -0.5173466E+00 -0.5167248E+00  0.3400957E+01
   04  0.5189230E+01  0.1212239E+00 -0.4911195E+00 -0.4905245E+00  0.3393662E+01
   04  0.5192800E+01  0.1138312E+00 -0.4639970E+00 -0.4634983E+00  0.3386270E+01
   04  0.5196371E+01  0.1063761E+00 -0.4360242E+00 -0.4355845E+00  0.3378814E+01
   04  0.5199941E+01  0.9892366E-01 -0.4073941E+00 -0.4070166E+00  0.3371362E+01
   04  0.5203512E+01  0.9151480E-01 -0.3782411E+00 -0.3779308E+00  0.3363953E+01
   04  0.5207082E+01  0.8421446E-01 -0.3487516E+00 -0.3485042E+00  0.3356653E+01
   04  0.5210653E+01  0.7702856E-01 -0.3190607E+00 -0.3188780E+00  0.3349467E+01
   04  0.5214223E+01  0.7000909E-01 -0.2894350E+00 -0.2893123E+00  0.3342447E+01
   04  0.5219579E+01  0.5995564E-01 -0.2462284E+00 -0.2461977E+00  0.3332394E+01
   04  0.5224935E+01  0.5070792E-01 -0.2055535E+00 -0.2055756E+00  0.3323146E+01
   04  0.5230290E+01  0.4242429E-01 -0.1684789E+00 -0.1685333E+00  0.3314863E+01
   04  0.5235646E+01  0.3525113E-01 -0.1360151E+00 -0.1360767E+00  0.3307689E+01
   04  0.5241002E+01  0.2918803E-01 -0.1083895E+00 -0.1084449E+00  0.3301626E+01
   04  0.5246357E+01  0.2429355E-01 -0.8602054E-01 -0.8605709E-01  0.3296732E+01
   04  0.5247696E+01  0.2331562E-01 -0.8152907E-01 -0.8155482E-01  0.3295754E+01
   04  0.5249035E+01  0.2240222E-01 -0.7733631E-01 -0.7734901E-01  0.3294841E+01
   04  0.5250374E+01  0.2155061E-01 -0.7343054E-01 -0.7342922E-01  0.3293989E+01
   04  0.5251713E+01  0.2075695E-01 -0.6979558E-01 -0.6977867E-01  0.3293195E+01
   04  0.5253052E+01  0.2001740E-01 -0.6641531E-01 -0.6638063E-01  0.3292456E+01
   04  0.5254391E+01  0.1932804E-01 -0.6327121E-01 -0.6321793E-01  0.3291766E+01
   04  0.5255730E+01  0.1868528E-01 -0.6034622E-01 -0.6027457E-01  0.3291124E+01
   04  0.5257069E+01  0.1808575E-01 -0.5762517E-01 -0.5753542E-01  0.3290524E+01
   04  0.5263424E+01  0.1556125E-01 -0.4626654E-01 -0.4612284E-01  0.3288000E+01
   04  0.5269779E+01  0.1383295E-01 -0.3862068E-01 -0.3851971E-01  0.3286271E+01
   04  0.5276135E+01  0.1252097E-01 -0.3299078E-01 -0.3297804E-01  0.3284959E+01
   04  0.5282490E+01  0.1143374E-01 -0.2847513E-01 -0.2858100E-01  0.3283872E+01
   04  0.5288846E+01  0.1047550E-01 -0.2465213E-01 -0.2480043E-01  0.3282914E+01
   04  0.5295201E+01  0.9645473E-02 -0.2143017E-01 -0.2153618E-01  0.3282084E+01
   04  0.5301556E+01  0.8936083E-02 -0.1872776E-01 -0.1880340E-01  0.3281374E+01
   04  0.5307912E+01  0.8333497E-02 -0.1648429E-01 -0.1654501E-01  0.3280772E+01
   04  0.5314267E+01  0.7819606E-02 -0.1462831E-01 -0.1467671E-01  0.3280258E+01
   04  0.5320623E+01  0.7378844E-02 -0.1308818E-01 -0.1312406E-01  0.3279817E+01
   04  0.5326978E+01  0.6998704E-02 -0.1180268E-01 -0.1182738E-01  0.3279437E+01
   04  0.5333333E+01  0.6669070E-02 -0.1072385E-01 -0.1073935E-01  0.3279107E+01
   04  0.5340474E+01  0.6345726E-02 -0.9701275E-02 -0.9707983E-02  0.3278784E+01
   04  0.5347615E+01  0.6065972E-02 -0.8850619E-02 -0.8850326E-02  0.3278504E+01
   04  0.5354756E+01  0.5821396E-02 -0.8129231E-02 -0.8122840E-02  0.3278260E+01
   04  0.5361897E+01  0.5606360E-02 -0.7518173E-02 -0.7507605E-02  0.3278045E+01
   04  0.5369038E+01  0.5416068E-02 -0.6996813E-02 -0.6983217E-02  0.3277854E+01
   04  0.5376179E+01  0.5246944E-02 -0.6549082E-02 -0.6534077E-02  0.3277685E+01
   04  0.5383320E+01  0.5096651E-02 -0.6162662E-02 -0.6147202E-02  0.3277535E+01
   04  0.5390460E+01  0.4962643E-02 -0.5828506E-02 -0.5812952E-02  0.3277401E+01
   04  0.5397601E+01  0.4843095E-02 -0.5541591E-02 -0.5526940E-02  0.3277281E+01
   04  0.5404742E+01  0.4735934E-02 -0.5290731E-02 -0.5277282E-02  0.3277174E+01
   04  0.5411883E+01  0.4639514E-02 -0.5070812E-02 -0.5058738E-02  0.3277078E+01
   04  0.5419024E+01  0.4552415E-02 -0.4877700E-02 -0.4867101E-02  0.3276991E+01
   04  0.5426165E+01  0.4473211E-02 -0.4706192E-02 -0.4697034E-02  0.3276912E+01
   04  0.5433306E+01  0.4400871E-02 -0.4553135E-02 -0.4545332E-02  0.3276839E+01
   04  0.5440447E+01  0.4334493E-02 -0.4415852E-02 -0.4409274E-02  0.3276773E+01
   04  0.5447588E+01  0.4273283E-02 -0.4292049E-02 -0.4286561E-02  0.3276712E+01
   04  0.5454728E+01  0.4216599E-02 -0.4179865E-02 -0.4175320E-02  0.3276655E+01
   04  0.5461869E+01  0.4163876E-02 -0.4077705E-02 -0.4073960E-02  0.3276602E+01
   04  0.5469010E+01  0.4114624E-02 -0.3984209E-02 -0.3981130E-02  0.3276553E+01
   04  0.5476151E+01  0.4068408E-02 -0.3898198E-02 -0.3895663E-02  0.3276507E+01
   04  0.5483291E+01  0.4024849E-02 -0.3818660E-02 -0.3816566E-02  0.3276463E+01
   04  0.5490432E+01  0.3983614E-02 -0.3744728E-02 -0.3742987E-02  0.3276422E+01
   04  0.5497573E+01  0.3944416E-02 -0.3675656E-02 -0.3674197E-02  0.3276383E+01
   04  0.5504713E+01  0.3907009E-02 -0.3610810E-02 -0.3609581E-02  0.3276345E+01
   04  0.5511854E+01  0.3871188E-02 -0.3549658E-02 -0.3548619E-02  0.3276309E+01
   04  0.5518995E+01  0.3836787E-02 -0.3491764E-02 -0.3490881E-02  0.3276275E+01
   04  0.5526135E+01  0.3803679E-02 -0.3436777E-02 -0.3436018E-02  0.3276242E+01
   04  0.5531491E+01  0.3779875E-02 -0.3402970E-02 -0.3402293E-02  0.3276218E+01
   04  0.5536846E+01  0.3756693E-02 -0.3369739E-02 -0.3369127E-02  0.3276195E+01
   04  0.5542202E+01  0.3734122E-02 -0.3337137E-02 -0.3336562E-02  0.3276172E+01
   04  0.5547557E+01  0.3712164E-02 -0.3305219E-02 -0.3304648E-02  0.3276150E+01
   04  0.5552913E+01  0.3690829E-02 -0.3274043E-02 -0.3273439E-02  0.3276129E+01
   04  0.5558268E+01  0.3670139E-02 -0.3243677E-02 -0.3243003E-02  0.3276108E+01
   04  0.5563624E+01  0.3650126E-02 -0.3214194E-02 -0.3213415E-02  0.3276088E+01
   04  0.5568979E+01  0.3630830E-02 -0.3185675E-02 -0.3184755E-02  0.3276069E+01
   04  0.5574334E+01  0.3612289E-02 -0.3158220E-02 -0.3157101E-02  0.3276051E+01
   04  0.5579690E+01  0.3594551E-02 -0.3131934E-02 -0.3130535E-02  0.3276033E+01
   04  0.5585045E+01  0.3577675E-02 -0.3106914E-02 -0.3105151E-02  0.3276016E+01
   04  0.5590401E+01  0.3561730E-02 -0.3083248E-02 -0.3081055E-02  0.3276000E+01
   04  0.5596756E+01  0.3544003E-02 -0.3053394E-02 -0.3050630E-02  0.3275982E+01
   04  0.5603112E+01  0.3527799E-02 -0.3026323E-02 -0.3022958E-02  0.3275966E+01
   04  0.5609467E+01  0.3513239E-02 -0.3002085E-02 -0.2998116E-02  0.3275952E+01
   04  0.5615823E+01  0.3500473E-02 -0.2980730E-02 -0.2976194E-02  0.3275939E+01
   04  0.5622178E+01  0.3489633E-02 -0.2962304E-02 -0.2957283E-02  0.3275928E+01
   04  0.5628534E+01  0.3480814E-02 -0.2946886E-02 -0.2941447E-02  0.3275919E+01
   04  0.5634889E+01  0.3474094E-02 -0.2934534E-02 -0.2928722E-02  0.3275912E+01
   04  0.5641245E+01  0.3469534E-02 -0.2925294E-02 -0.2919103E-02  0.3275908E+01
   04  0.5647600E+01  0.3467140E-02 -0.2919160E-02 -0.2912577E-02  0.3275905E+01
   04  0.5653956E+01  0.3466869E-02 -0.2916072E-02 -0.2909101E-02  0.3275905E+01
   04  0.5660311E+01  0.3468649E-02 -0.2915902E-02 -0.2908581E-02  0.3275907E+01
   04  0.5666667E+01  0.3472352E-02 -0.2918483E-02 -0.2910860E-02  0.3275911E+01
   04  0.5673807E+01  0.3478487E-02 -0.2921187E-02 -0.2913307E-02  0.3275917E+01
   04  0.5680947E+01  0.3486456E-02 -0.2927274E-02 -0.2919228E-02  0.3275925E+01
   04  0.5688088E+01  0.3495862E-02 -0.2936210E-02 -0.2927972E-02  0.3275934E+01
   04  0.5695228E+01  0.3506288E-02 -0.2947339E-02 -0.2938896E-02  0.3275945E+01
   04  0.5702368E+01  0.3517281E-02 -0.2959971E-02 -0.2951339E-02  0.3275956E+01
   04  0.5709508E+01  0.3528352E-02 -0.2973416E-02 -0.2964609E-02  0.3275967E+01
   04  0.5716649E+01  0.3539023E-02 -0.2986967E-02 -0.2978011E-02  0.3275977E+01
   04  0.5723789E+01  0.3548840E-02 -0.2999968E-02 -0.2990797E-02  0.3275987E+01
   04  0.5730929E+01  0.3557376E-02 -0.3011697E-02 -0.3002348E-02  0.3275996E+01
   04  0.5738070E+01  0.3564250E-02 -0.3021456E-02 -0.3012092E-02  0.3276003E+01
   04  0.5745210E+01  0.3569070E-02 -0.3028695E-02 -0.3019464E-02  0.3276007E+01
   04  0.5752350E+01  0.3571494E-02 -0.3032929E-02 -0.3023958E-02  0.3276010E+01
   04  0.5759491E+01  0.3571237E-02 -0.3033730E-02 -0.3025144E-02  0.3276010E+01
   04  0.5766631E+01  0.3568092E-02 -0.3030771E-02 -0.3022653E-02  0.3276006E+01
   04  0.5773771E+01  0.3561948E-02 -0.3023780E-02 -0.3016239E-02  0.3276000E+01
   04  0.5780911E+01  0.3552724E-02 -0.3012597E-02 -0.3005750E-02  0.3275991E+01
   04  0.5788052E+01  0.3540393E-02 -0.2997175E-02 -0.2991109E-02  0.3275979E+01
   04  0.5795192E+01  0.3524989E-02 -0.2977549E-02 -0.2972325E-02  0.3275963E+01
   04  0.5799476E+01  0.3514257E-02 -0.2970560E-02 -0.2965883E-02  0.3275953E+01
   04  0.5803761E+01  0.3502480E-02 -0.2961311E-02 -0.2957189E-02  0.3275941E+01
   04  0.5808045E+01  0.3489687E-02 -0.2949931E-02 -0.2946378E-02  0.3275928E+01
   04  0.5812329E+01  0.3475913E-02 -0.2936548E-02 -0.2933579E-02  0.3275914E+01
   04  0.5816613E+01  0.3461204E-02 -0.2921295E-02 -0.2918918E-02  0.3275900E+01
   04  0.5820183E+01  0.3448269E-02 -0.2908676E-02 -0.2906800E-02  0.3275887E+01
   04  0.5823753E+01  0.3434748E-02 -0.2894781E-02 -0.2893400E-02  0.3275873E+01
   04  0.5827324E+01  0.3420669E-02 -0.2879703E-02 -0.2878800E-02  0.3275859E+01
   04  0.5832679E+01  0.3398531E-02 -0.2849828E-02 -0.2849584E-02  0.3275837E+01
   04  0.5838034E+01  0.3375312E-02 -0.2818555E-02 -0.2818922E-02  0.3275814E+01
   04  0.5842318E+01  0.3356072E-02 -0.2795186E-02 -0.2796012E-02  0.3275794E+01
   04  0.5846603E+01  0.3336283E-02 -0.2770791E-02 -0.2772042E-02  0.3275775E+01
   04  0.5850887E+01  0.3316004E-02 -0.2745490E-02 -0.2747135E-02  0.3275754E+01
   04  0.5855171E+01  0.3295293E-02 -0.2719396E-02 -0.2721407E-02  0.3275734E+01
   04  0.5859455E+01  0.3274213E-02 -0.2692623E-02 -0.2694971E-02  0.3275713E+01
   04  0.5863025E+01  0.3256437E-02 -0.2671299E-02 -0.2673909E-02  0.3275695E+01
   04  0.5866596E+01  0.3238478E-02 -0.2649490E-02 -0.2652337E-02  0.3275677E+01
   04  0.5870166E+01  0.3220367E-02 -0.2627268E-02 -0.2630324E-02  0.3275659E+01
   04  0.5873736E+01  0.3202136E-02 -0.2604701E-02 -0.2607940E-02  0.3275640E+01
   04  0.5877306E+01  0.3183814E-02 -0.2581852E-02 -0.2585250E-02  0.3275622E+01
   04  0.5880876E+01  0.3165432E-02 -0.2558782E-02 -0.2562314E-02  0.3275604E+01
   04  0.5886231E+01  0.3137644E-02 -0.2518670E-02 -0.2522352E-02  0.3275576E+01
   04  0.5891587E+01  0.3109872E-02 -0.2479198E-02 -0.2482984E-02  0.3275548E+01
   04  0.5896942E+01  0.3082203E-02 -0.2440404E-02 -0.2444252E-02  0.3275520E+01
   04  0.5902297E+01  0.3054715E-02 -0.2402326E-02 -0.2406199E-02  0.3275493E+01
   04  0.5907653E+01  0.3027480E-02 -0.2365001E-02 -0.2368864E-02  0.3275466E+01
   04  0.5913008E+01  0.3000560E-02 -0.2328464E-02 -0.2332285E-02  0.3275439E+01
   04  0.5918363E+01  0.2974010E-02 -0.2292745E-02 -0.2296499E-02  0.3275412E+01
   04  0.5923718E+01  0.2947879E-02 -0.2257873E-02 -0.2261535E-02  0.3275386E+01
   04  0.5930075E+01  0.2917330E-02 -0.2214264E-02 -0.2217790E-02  0.3275356E+01
   04  0.5936432E+01  0.2887497E-02 -0.2172566E-02 -0.2175934E-02  0.3275326E+01
   04  0.5942789E+01  0.2858427E-02 -0.2132678E-02 -0.2135871E-02  0.3275297E+01
   04  0.5949146E+01  0.2830155E-02 -0.2094511E-02 -0.2097518E-02  0.3275268E+01
   04  0.5955502E+01  0.2802706E-02 -0.2057986E-02 -0.2060800E-02  0.3275241E+01
   04  0.5961859E+01  0.2776097E-02 -0.2023031E-02 -0.2025646E-02  0.3275214E+01
   04  0.5968216E+01  0.2750333E-02 -0.1989578E-02 -0.1991993E-02  0.3275189E+01
   04  0.5974573E+01  0.2725417E-02 -0.1957564E-02 -0.1959779E-02  0.3275164E+01
   04  0.5980930E+01  0.2701342E-02 -0.1926926E-02 -0.1928946E-02  0.3275140E+01
   04  0.5987286E+01  0.2678097E-02 -0.1897607E-02 -0.1899436E-02  0.3275116E+01
   04  0.5993643E+01  0.2655668E-02 -0.1869548E-02 -0.1871193E-02  0.3275094E+01
   04  0.6000000E+01  0.2634037E-02 -0.1842694E-02 -0.1844163E-02  0.3275072E+01
   04  0.6007140E+01  0.2610572E-02 -0.1811157E-02 -0.1812441E-02  0.3275049E+01
   04  0.6014281E+01  0.2588068E-02 -0.1781630E-02 -0.1782739E-02  0.3275026E+01
   04  0.6021421E+01  0.2566487E-02 -0.1753899E-02 -0.1754847E-02  0.3275005E+01
   04  0.6028561E+01  0.2545791E-02 -0.1727784E-02 -0.1728581E-02  0.3274984E+01
   04  0.6035701E+01  0.2525941E-02 -0.1703129E-02 -0.1703789E-02  0.3274964E+01
   04  0.6042842E+01  0.2506893E-02 -0.1679801E-02 -0.1680334E-02  0.3274945E+01
   04  0.6049982E+01  0.2488608E-02 -0.1657682E-02 -0.1658100E-02  0.3274927E+01
   04  0.6057122E+01  0.2471044E-02 -0.1636669E-02 -0.1636983E-02  0.3274909E+01
   04  0.6064263E+01  0.2454159E-02 -0.1616670E-02 -0.1616889E-02  0.3274892E+01
   04  0.6071403E+01  0.2437913E-02 -0.1597603E-02 -0.1597735E-02  0.3274876E+01
   04  0.6078543E+01  0.2422266E-02 -0.1579391E-02 -0.1579446E-02  0.3274861E+01
   04  0.6085683E+01  0.2407179E-02 -0.1561967E-02 -0.1561953E-02  0.3274845E+01
   04  0.6092824E+01  0.2392614E-02 -0.1545267E-02 -0.1545190E-02  0.3274831E+01
   04  0.6099964E+01  0.2378535E-02 -0.1529233E-02 -0.1529100E-02  0.3274817E+01
   04  0.6107104E+01  0.2364903E-02 -0.1513810E-02 -0.1513628E-02  0.3274803E+01
   04  0.6114244E+01  0.2351686E-02 -0.1498948E-02 -0.1498721E-02  0.3274790E+01
   04  0.6121385E+01  0.2338847E-02 -0.1484598E-02 -0.1484332E-02  0.3274777E+01
   04  0.6128525E+01  0.2326355E-02 -0.1470715E-02 -0.1470415E-02  0.3274765E+01
   04  0.6135665E+01  0.2314177E-02 -0.1457258E-02 -0.1456928E-02  0.3274752E+01
   04  0.6142805E+01  0.2302282E-02 -0.1444186E-02 -0.1443830E-02  0.3274741E+01
   04  0.6149946E+01  0.2290640E-02 -0.1431461E-02 -0.1431083E-02  0.3274729E+01
   04  0.6157086E+01  0.2279224E-02 -0.1419048E-02 -0.1418651E-02  0.3274718E+01
   04  0.6164226E+01  0.2268006E-02 -0.1406914E-02 -0.1406501E-02  0.3274706E+01
   04  0.6171366E+01  0.2256960E-02 -0.1395028E-02 -0.1394602E-02  0.3274695E+01
   04  0.6178506E+01  0.2246063E-02 -0.1383360E-02 -0.1382925E-02  0.3274684E+01
   04  0.6185646E+01  0.2235291E-02 -0.1371884E-02 -0.1371441E-02  0.3274674E+01
   04  0.6192787E+01  0.2224621E-02 -0.1360573E-02 -0.1360125E-02  0.3274663E+01
   04  0.6199927E+01  0.2214033E-02 -0.1349403E-02 -0.1348953E-02  0.3274652E+01
   04  0.6207067E+01  0.2203505E-02 -0.1338351E-02 -0.1337899E-02  0.3274642E+01
   04  0.6214207E+01  0.2193020E-02 -0.1327395E-02 -0.1326944E-02  0.3274631E+01
   04  0.6221347E+01  0.2182557E-02 -0.1316515E-02 -0.1316065E-02  0.3274621E+01
   04  0.6228487E+01  0.2172101E-02 -0.1305693E-02 -0.1305243E-02  0.3274610E+01
   04  0.6235627E+01  0.2161634E-02 -0.1294908E-02 -0.1294462E-02  0.3274600E+01
   04  0.6242768E+01  0.2151141E-02 -0.1284145E-02 -0.1283703E-02  0.3274589E+01
   04  0.6249908E+01  0.2140608E-02 -0.1273388E-02 -0.1272955E-02  0.3274579E+01
   04  0.6257048E+01  0.2130022E-02 -0.1262623E-02 -0.1262203E-02  0.3274568E+01
   04  0.6263405E+01  0.2120563E-02 -0.1255219E-02 -0.1254814E-02  0.3274559E+01
   04  0.6269762E+01  0.2111029E-02 -0.1247273E-02 -0.1246885E-02  0.3274549E+01
   04  0.6276119E+01  0.2101410E-02 -0.1238884E-02 -0.1238515E-02  0.3274540E+01
   04  0.6282476E+01  0.2091694E-02 -0.1230128E-02 -0.1229779E-02  0.3274530E+01
   04  0.6288834E+01  0.2081872E-02 -0.1221065E-02 -0.1220737E-02  0.3274520E+01
   04  0.6295191E+01  0.2071944E-02 -0.1211749E-02 -0.1211439E-02  0.3274510E+01
   04  0.6301548E+01  0.2061906E-02 -0.1202218E-02 -0.1201924E-02  0.3274500E+01
   04  0.6307905E+01  0.2051751E-02 -0.1192498E-02 -0.1192215E-02  0.3274490E+01
   04  0.6314262E+01  0.2041475E-02 -0.1182606E-02 -0.1182334E-02  0.3274480E+01
   04  0.6320619E+01  0.2031081E-02 -0.1172562E-02 -0.1172303E-02  0.3274469E+01
   04  0.6326976E+01  0.2020582E-02 -0.1162397E-02 -0.1162151E-02  0.3274459E+01
   04  0.6333333E+01  0.2009969E-02 -0.1152112E-02 -0.1151874E-02  0.3274448E+01
   04  0.6340473E+01  0.1997902E-02 -0.1138066E-02 -0.1137840E-02  0.3274436E+01
   04  0.6347613E+01  0.1985729E-02 -0.1124546E-02 -0.1124336E-02  0.3274424E+01
   04  0.6354753E+01  0.1973518E-02 -0.1111460E-02 -0.1111275E-02  0.3274412E+01
   04  0.6361893E+01  0.1961338E-02 -0.1098761E-02 -0.1098611E-02  0.3274400E+01
   04  0.6369033E+01  0.1949286E-02 -0.1086452E-02 -0.1086359E-02  0.3274388E+01
   04  0.6376173E+01  0.1937450E-02 -0.1074560E-02 -0.1074534E-02  0.3274376E+01
   04  0.6383313E+01  0.1925863E-02 -0.1063152E-02 -0.1063009E-02  0.3274364E+01
   04  0.6390453E+01  0.1914554E-02 -0.1052129E-02 -0.1051854E-02  0.3274353E+01
   04  0.6397593E+01  0.1903866E-02 -0.1041751E-02 -0.1041477E-02  0.3274342E+01
   04  0.6404733E+01  0.1893973E-02 -0.1032067E-02 -0.1032094E-02  0.3274332E+01
   04  0.6411873E+01  0.1884995E-02 -0.1023253E-02 -0.1023722E-02  0.3274323E+01
   04  0.6419013E+01  0.1877008E-02 -0.1015419E-02 -0.1016352E-02  0.3274315E+01
   04  0.6426153E+01  0.1870063E-02 -0.1008678E-02 -0.1009951E-02  0.3274308E+01
   04  0.6433293E+01  0.1863938E-02 -0.1002713E-02 -0.1004303E-02  0.3274302E+01
   04  0.6440432E+01  0.1859004E-02 -0.9981865E-03 -0.9993667E-03  0.3274297E+01
   04  0.6447572E+01  0.1856006E-02 -0.9957594E-03 -0.9961199E-03  0.3274294E+01
   04  0.6454712E+01  0.1854630E-02 -0.9948735E-03 -0.9945301E-03  0.3274293E+01
   04  0.6461852E+01  0.1854415E-02 -0.9949335E-03 -0.9943309E-03  0.3274293E+01
   04  0.6468992E+01  0.1855947E-02 -0.9958007E-03 -0.9955094E-03  0.3274294E+01
   04  0.6476132E+01  0.1855966E-02 -0.9955246E-03 -0.9955504E-03  0.3274294E+01
   04  0.6483272E+01  0.1863091E-02 -0.9981088E-03 -0.1002529E-02  0.3274301E+01
   04  0.6490411E+01  0.1863842E-02 -0.9983482E-03 -0.1006321E-02  0.3274302E+01
   04  0.6497551E+01  0.1870581E-02 -0.1004239E-02 -0.1010766E-02  0.3274309E+01
   04  0.6504691E+01  0.1870684E-02 -0.1003353E-02 -0.1009992E-02  0.3274309E+01
   04  0.6511831E+01  0.1860495E-02 -0.9956736E-03 -0.1001252E-02  0.3274299E+01
   04  0.6518971E+01  0.1847825E-02 -0.9857387E-03 -0.9899616E-03  0.3274286E+01
   04  0.6526110E+01  0.1836537E-02 -0.9755365E-03 -0.9799986E-03  0.3274275E+01
   04  0.6533250E+01  0.1824985E-02 -0.9667482E-03 -0.9672384E-03  0.3274263E+01
   04  0.6540390E+01  0.1804749E-02 -0.9493948E-03 -0.9704808E-03  0.3274243E+01
   04  0.6547530E+01  0.1778368E-02 -0.9292937E-03 -0.9411843E-03  0.3274217E+01
   04  0.6554669E+01  0.1742495E-02 -0.9215382E-03 -0.9083562E-03  0.3274181E+01
   04  0.6561809E+01  0.1714323E-02 -0.8895471E-03 -0.8844542E-03  0.3274153E+01
   04  0.6568949E+01  0.1678853E-02 -0.8558666E-03 -0.8571326E-03  0.3274117E+01
   04  0.6576089E+01  0.1646943E-02 -0.8243167E-03 -0.8476616E-03  0.3274085E+01
   04  0.6583229E+01  0.1608442E-02 -0.8073019E-03 -0.8337577E-03  0.3274047E+01
   04  0.6590368E+01  0.1554125E-02 -0.7926622E-03 -0.7544361E-03  0.3273992E+01
   04  0.6596727E+01  0.1498277E-02 -0.7277842E-03 -0.6934791E-03  0.3273937E+01
   04  0.6603085E+01  0.1444327E-02 -0.6689646E-03 -0.6372759E-03  0.3273883E+01
   04  0.6609443E+01  0.1394684E-02 -0.6164440E-03 -0.5855033E-03  0.3273833E+01
   04  0.6615801E+01  0.1348842E-02 -0.5691919E-03 -0.5437205E-03  0.3273787E+01
   04  0.6622159E+01  0.1306375E-02 -0.5304413E-03 -0.5101242E-03  0.3273745E+01
   04  0.6628517E+01  0.1265807E-02 -0.4944340E-03 -0.4786933E-03  0.3273704E+01
   04  0.6634876E+01  0.1225229E-02 -0.3824141E-03 -0.3658499E-03  0.3273664E+01
   04  0.6641234E+01  0.1190708E-02 -0.3216469E-03 -0.3074605E-03  0.3273629E+01
   04  0.6647592E+01  0.1159418E-02 -0.2743487E-03 -0.2620310E-03  0.3273598E+01
   04  0.6653950E+01  0.1131185E-02 -0.2357690E-03 -0.2242767E-03  0.3273569E+01
   04  0.6660308E+01  0.1105307E-02 -0.2044937E-03 -0.1936561E-03  0.3273544E+01
   04  0.6666667E+01  0.1081997E-02 -0.1788603E-03 -0.1690110E-03  0.3273520E+01
   04  0.6673806E+01  0.1058671E-02 -0.1553267E-03 -0.1482959E-03  0.3273497E+01
   04  0.6680945E+01  0.1037713E-02 -0.1380110E-03 -0.1315416E-03  0.3273476E+01
   04  0.6688085E+01  0.1019364E-02 -0.6162845E-04 -0.6228915E-04  0.3273458E+01
   04  0.6695224E+01  0.1012287E-02 -0.4719481E-04 -0.4770077E-04  0.3273451E+01
   04  0.6702364E+01  0.1006867E-02 -0.3748869E-04 -0.3789060E-04  0.3273445E+01
   04  0.6709503E+01  0.1001516E-02 -0.2975707E-04 -0.3008933E-04  0.3273440E+01
   04  0.6716642E+01  0.9966641E-03 -0.2394213E-04 -0.2422996E-04  0.3273435E+01
   04  0.6723782E+01  0.9923680E-03 -0.1949092E-04 -0.1974845E-04  0.3273431E+01
   04  0.6730921E+01  0.9885238E-03 -0.1599520E-04 -0.1635017E-04  0.3273427E+01
   04  0.6738060E+01  0.9853049E-03  0.0000000E+00  0.0000000E+00  0.3273424E+01
   04  0.6745200E+01  0.9853049E-03  0.0000000E+00  0.0000000E+00  0.3273424E+01
   04  0.6752339E+01  0.9853049E-03  0.0000000E+00  0.0000000E+00  0.3273424E+01
   04  0.6759479E+01  0.9853049E-03  0.0000000E+00  0.0000000E+00  0.3273424E+01
   04  0.6766618E+01  0.9853049E-03  0.0000000E+00  0.0000000E+00  0.3273424E+01
   04  0.6773757E+01  0.9853049E-03  0.0000000E+00  0.0000000E+00  0.3273424E+01
   04  0.6780897E+01  0.9853049E-03  0.0000000E+00  0.0000000E+00  0.3273424E+01
   04  0.6788036E+01  0.9853049E-03  0.0000000E+00  0.0000000E+00  0.3273424E+01
   04  0.6795176E+01  0.9853049E-03  0.0000000E+00  0.0000000E+00  0.3273424E+01
   04  0.6802315E+01  0.9853049E-03  0.0000000E+00  0.0000000E+00  0.3273424E+01
   04  0.6809454E+01  0.9853049E-03  0.0000000E+00  0.0000000E+00  0.3273424E+01
   04  0.6816593E+01  0.9853049E-03  0.0000000E+00  0.0000000E+00  0.3273424E+01
   04  0.6823733E+01  0.9853049E-03  0.0000000E+00  0.0000000E+00  0.3273424E+01
   04  0.6830872E+01  0.9853049E-03  0.0000000E+00  0.0000000E+00  0.3273424E+01
   04  0.6838011E+01  0.9853049E-03  0.0000000E+00  0.0000000E+00  0.3273424E+01
   04  0.6845151E+01  0.9853049E-03  0.0000000E+00  0.0000000E+00  0.3273424E+01
   04  0.6852290E+01  0.9853049E-03  0.0000000E+00  0.0000000E+00  0.3273424E+01
   04  0.6859429E+01  0.9853049E-03  0.0000000E+00  0.0000000E+00  0.3273424E+01
   04  0.6866569E+01  0.9853049E-03  0.0000000E+00  0.0000000E+00  0.3273424E+01
   04  0.6873708E+01  0.9853049E-03  0.0000000E+00  0.0000000E+00  0.3273424E+01
   04  0.6880847E+01  0.9853049E-03  0.0000000E+00  0.0000000E+00  0.3273424E+01
   04  0.6887986E+01  0.9853049E-03  0.0000000E+00  0.0000000E+00  0.3273424E+01
   04  0.6895126E+01  0.9853049E-03  0.0000000E+00  0.0000000E+00  0.3273424E+01
   04  0.6902265E+01  0.9853049E-03  0.0000000E+00  0.0000000E+00  0.3273424E+01
   04  0.6909404E+01  0.9853049E-03  0.0000000E+00  0.0000000E+00  0.3273424E+01
   04  0.6916544E+01  0.9853049E-03  0.0000000E+00  0.0000000E+00  0.3273424E+01
   04  0.6923683E+01  0.9853049E-03  0.0000000E+00  0.0000000E+00  0.3273424E+01
   04  0.6930043E+01  0.9853049E-03  0.0000000E+00  0.0000000E+00  0.3273424E+01
   04  0.6936402E+01  0.9853049E-03  0.0000000E+00  0.0000000E+00  0.3273424E+01
   04  0.6942762E+01  0.9853049E-03  0.0000000E+00  0.0000000E+00  0.3273424E+01
   04  0.6949122E+01  0.9853049E-03  0.0000000E+00  0.0000000E+00  0.3273424E+01
   04  0.6955482E+01  0.9853049E-03  0.0000000E+00  0.0000000E+00  0.3273424E+01
   04  0.6961841E+01  0.9853049E-03  0.0000000E+00  0.0000000E+00  0.3273424E+01
   04  0.6968201E+01  0.9853049E-03  0.0000000E+00  0.0000000E+00  0.3273424E+01
   04  0.6974561E+01  0.9853049E-03  0.0000000E+00  0.0000000E+00  0.3273424E+01
   04  0.6980921E+01  0.9853049E-03  0.0000000E+00  0.0000000E+00  0.3273424E+01
   04  0.6987280E+01  0.9853049E-03  0.0000000E+00  0.0000000E+00  0.3273424E+01
   04  0.6993640E+01  0.9853049E-03  0.0000000E+00  0.0000000E+00  0.3273424E+01
   04  0.7000000E+01  0.9853049E-03  0.0000000E+00  0.0000000E+00  0.3273424E+01
   04  0.7007139E+01  0.9853049E-03  0.0000000E+00  0.0000000E+00  0.3273424E+01
   04  0.7014278E+01  0.9853049E-03  0.0000000E+00  0.0000000E+00  0.3273424E+01
   04  0.7021416E+01  0.9853049E-03  0.0000000E+00  0.0000000E+00  0.3273424E+01
   04  0.7028555E+01  0.9853049E-03  0.0000000E+00  0.0000000E+00  0.3273424E+01
   04  0.7035694E+01  0.9853049E-03  0.0000000E+00  0.0000000E+00  0.3273424E+01
   04  0.7042833E+01  0.9853049E-03  0.0000000E+00  0.0000000E+00  0.3273424E+01
   04  0.7049971E+01  0.9853049E-03  0.0000000E+00  0.0000000E+00  0.3273424E+01
   04  0.7057110E+01  0.9853049E-03  0.0000000E+00  0.0000000E+00  0.3273424E+01
   04  0.7064249E+01  0.9853049E-03  0.0000000E+00  0.0000000E+00  0.3273424E+01
   04  0.7071388E+01  0.9853049E-03  0.0000000E+00  0.0000000E+00  0.3273424E+01
   04  0.7078527E+01  0.9853049E-03  0.0000000E+00  0.0000000E+00  0.3273424E+01
   04  0.7085665E+01  0.9853049E-03  0.0000000E+00  0.0000000E+00  0.3273424E+01
   04  0.7092804E+01  0.9853049E-03  0.0000000E+00  0.0000000E+00  0.3273424E+01
   04  0.7099943E+01  0.9853049E-03  0.0000000E+00  0.0000000E+00  0.3273424E+01
   04  0.7107082E+01  0.9853049E-03  0.0000000E+00  0.0000000E+00  0.3273424E+01
   04  0.7114220E+01  0.9853049E-03  0.0000000E+00  0.0000000E+00  0.3273424E+01
   04  0.7121359E+01  0.9853049E-03  0.0000000E+00  0.0000000E+00  0.3273424E+01
   04  0.7128498E+01  0.9853049E-03  0.0000000E+00  0.0000000E+00  0.3273424E+01
   04  0.7135637E+01  0.9853049E-03  0.0000000E+00  0.0000000E+00  0.3273424E+01
   04  0.7142775E+01  0.9853049E-03  0.0000000E+00  0.0000000E+00  0.3273424E+01
   04  0.7149914E+01  0.9853049E-03  0.0000000E+00  0.0000000E+00  0.3273424E+01
   04  0.7157052E+01  0.9853049E-03  0.0000000E+00  0.0000000E+00  0.3273424E+01
   04  0.7164191E+01  0.9853049E-03  0.0000000E+00  0.0000000E+00  0.3273424E+01
   04  0.7171329E+01  0.9853049E-03  0.0000000E+00  0.0000000E+00  0.3273424E+01
   04  0.7178468E+01  0.9853049E-03  0.0000000E+00  0.0000000E+00  0.3273424E+01
   04  0.7185606E+01  0.9853049E-03  0.0000000E+00  0.0000000E+00  0.3273424E+01
   04  0.7192745E+01  0.9853049E-03  0.0000000E+00  0.0000000E+00  0.3273424E+01
   04  0.7199883E+01  0.9853049E-03  0.0000000E+00  0.0000000E+00  0.3273424E+01
   04  0.7207022E+01  0.9853049E-03  0.0000000E+00  0.0000000E+00  0.3273424E+01
   04  0.7214160E+01  0.9853049E-03  0.0000000E+00  0.0000000E+00  0.3273424E+01
   04  0.7221299E+01  0.9853049E-03  0.0000000E+00  0.0000000E+00  0.3273424E+01
   04  0.7228438E+01  0.9853049E-03  0.0000000E+00  0.0000000E+00  0.3273424E+01
   04  0.7235576E+01  0.9853049E-03  0.0000000E+00  0.0000000E+00  0.3273424E+01
   04  0.7242715E+01  0.9853049E-03  0.0000000E+00  0.0000000E+00  0.3273424E+01
   04  0.7249853E+01  0.9853049E-03  0.0000000E+00  0.0000000E+00  0.3273424E+01
   04  0.7256992E+01  0.9853049E-03  0.0000000E+00  0.0000000E+00  0.3273424E+01
   04  0.7263354E+01  0.9853049E-03  0.0000000E+00  0.0000000E+00  0.3273424E+01
   04  0.7269715E+01  0.9853049E-03  0.0000000E+00  0.0000000E+00  0.3273424E+01
   04  0.7276077E+01  0.9853049E-03  0.0000000E+00  0.0000000E+00  0.3273424E+01
   04  0.7282439E+01  0.9853049E-03  0.0000000E+00  0.0000000E+00  0.3273424E+01
   04  0.7288801E+01  0.9853049E-03  0.0000000E+00  0.0000000E+00  0.3273424E+01
   04  0.7295163E+01  0.9853049E-03  0.0000000E+00  0.0000000E+00  0.3273424E+01
   04  0.7301524E+01  0.9853049E-03  0.0000000E+00  0.0000000E+00  0.3273424E+01
   04  0.7307886E+01  0.9853049E-03  0.0000000E+00  0.0000000E+00  0.3273424E+01
   04  0.7314248E+01  0.9853049E-03  0.0000000E+00  0.0000000E+00  0.3273424E+01
   04  0.7320610E+01  0.9853049E-03  0.0000000E+00  0.0000000E+00  0.3273424E+01
   04  0.7326972E+01  0.9853049E-03  0.0000000E+00  0.0000000E+00  0.3273424E+01
   04  0.7333333E+01  0.9853049E-03  0.0000000E+00  0.0000000E+00  0.3273424E+01
   04  0.7340470E+01  0.9853049E-03  0.0000000E+00  0.0000000E+00  0.3273424E+01
   04  0.7347607E+01  0.9853049E-03  0.0000000E+00  0.0000000E+00  0.3273424E+01
   04  0.7354744E+01  0.9853049E-03  0.0000000E+00  0.0000000E+00  0.3273424E+01
   04  0.7361881E+01  0.9853049E-03  0.0000000E+00  0.0000000E+00  0.3273424E+01
   04  0.7369018E+01  0.9853049E-03  0.0000000E+00  0.0000000E+00  0.3273424E+01
   04  0.7376155E+01  0.9853049E-03  0.0000000E+00  0.0000000E+00  0.3273424E+01
   04  0.7383292E+01  0.9853049E-03  0.0000000E+00  0.0000000E+00  0.3273424E+01
   04  0.7390429E+01  0.9853049E-03  0.0000000E+00  0.0000000E+00  0.3273424E+01
   04  0.7397566E+01  0.9853049E-03  0.0000000E+00  0.0000000E+00  0.3273424E+01
   04  0.7404702E+01  0.9853049E-03  0.0000000E+00  0.0000000E+00  0.3273424E+01
   04  0.7411839E+01  0.9853049E-03  0.0000000E+00  0.0000000E+00  0.3273424E+01
   04  0.7418976E+01  0.9853049E-03  0.0000000E+00  0.0000000E+00  0.3273424E+01
   04  0.7426113E+01  0.9853049E-03  0.0000000E+00  0.0000000E+00  0.3273424E+01
   04  0.7433250E+01  0.9853049E-03  0.0000000E+00  0.0000000E+00  0.3273424E+01
   04  0.7440387E+01  0.9853049E-03  0.0000000E+00  0.0000000E+00  0.3273424E+01
   04  0.7447524E+01  0.9853049E-03  0.0000000E+00  0.0000000E+00  0.3273424E+01
   04  0.7454661E+01  0.9853049E-03  0.0000000E+00  0.0000000E+00  0.3273424E+01
   04  0.7461798E+01  0.9853049E-03  0.0000000E+00  0.0000000E+00  0.3273424E+01
   04  0.7468934E+01  0.9853049E-03  0.0000000E+00  0.0000000E+00  0.3273424E+01
   04  0.7476070E+01  0.9853049E-03  0.0000000E+00  0.0000000E+00  0.3273424E+01
   04  0.7483206E+01  0.9853049E-03  0.0000000E+00  0.0000000E+00  0.3273424E+01
   04  0.7490341E+01  0.9853049E-03  0.0000000E+00  0.0000000E+00  0.3273424E+01
   04  0.7497477E+01  0.9853049E-03  0.0000000E+00  0.0000000E+00  0.3273424E+01
   04  0.7504613E+01  0.9853049E-03  0.0000000E+00  0.0000000E+00  0.3273424E+01
   04  0.7511749E+01  0.9853049E-03  0.0000000E+00  0.0000000E+00  0.3273424E+01
   04  0.7518885E+01  0.9853049E-03  0.0000000E+00  0.0000000E+00  0.3273424E+01
   04  0.7526021E+01  0.9853049E-03  0.0000000E+00  0.0000000E+00  0.3273424E+01
   04  0.7533157E+01  0.9853049E-03  0.0000000E+00  0.0000000E+00  0.3273424E+01
   04  0.7540293E+01  0.9853049E-03  0.0000000E+00  0.0000000E+00  0.3273424E+01
   04  0.7547429E+01  0.9853049E-03  0.0000000E+00  0.0000000E+00  0.3273424E+01
   04  0.7554565E+01  0.9853049E-03  0.0000000E+00  0.0000000E+00  0.3273424E+01
   04  0.7561701E+01  0.9853049E-03  0.0000000E+00  0.0000000E+00  0.3273424E+01
   04  0.7568837E+01  0.9853049E-03  0.0000000E+00  0.0000000E+00  0.3273424E+01
   04  0.7575973E+01  0.9853049E-03  0.0000000E+00  0.0000000E+00  0.3273424E+01
   04  0.7583108E+01  0.9853049E-03  0.0000000E+00  0.0000000E+00  0.3273424E+01
   04  0.7590244E+01  0.9853049E-03  0.0000000E+00  0.0000000E+00  0.3273424E+01
   04  0.7596613E+01  0.9853049E-03  0.0000000E+00  0.0000000E+00  0.3273424E+01
   04  0.7602981E+01  0.9853049E-03  0.0000000E+00  0.0000000E+00  0.3273424E+01
   04  0.7609350E+01  0.9853049E-03  0.0000000E+00  0.0000000E+00  0.3273424E+01
   04  0.7615718E+01  0.9853049E-03  0.0000000E+00  0.0000000E+00  0.3273424E+01
   04  0.7622087E+01  0.9853049E-03  0.0000000E+00  0.0000000E+00  0.3273424E+01
   04  0.7628456E+01  0.9853049E-03  0.0000000E+00  0.0000000E+00  0.3273424E+01
   04  0.7634824E+01  0.9853049E-03  0.0000000E+00  0.0000000E+00  0.3273424E+01
   04  0.7641193E+01  0.9853049E-03  0.0000000E+00  0.0000000E+00  0.3273424E+01
   04  0.7647561E+01  0.9853049E-03  0.0000000E+00  0.0000000E+00  0.3273424E+01
   04  0.7653930E+01  0.9853049E-03  0.0000000E+00  0.0000000E+00  0.3273424E+01
   04  0.7660298E+01  0.9853049E-03  0.0000000E+00  0.0000000E+00  0.3273424E+01
   04  0.7666667E+01  0.9853049E-03  0.0000000E+00  0.0000000E+00  0.3273424E+01
   04  0.7673798E+01  0.9853049E-03  0.0000000E+00  0.0000000E+00  0.3273424E+01
   04  0.7680929E+01  0.9853049E-03  0.0000000E+00  0.0000000E+00  0.3273424E+01
   04  0.7688060E+01  0.9853049E-03  0.0000000E+00  0.0000000E+00  0.3273424E+01
   04  0.7695191E+01  0.9853049E-03  0.0000000E+00  0.0000000E+00  0.3273424E+01
   04  0.7702322E+01  0.9853049E-03  0.0000000E+00  0.0000000E+00  0.3273424E+01
   04  0.7709453E+01  0.9853049E-03  0.0000000E+00  0.0000000E+00  0.3273424E+01
   04  0.7716583E+01  0.9853049E-03  0.0000000E+00  0.0000000E+00  0.3273424E+01
   04  0.7723714E+01  0.9853049E-03  0.0000000E+00  0.0000000E+00  0.3273424E+01
   04  0.7730845E+01  0.9853049E-03  0.0000000E+00  0.0000000E+00  0.3273424E+01
   04  0.7737976E+01  0.9853049E-03  0.0000000E+00  0.0000000E+00  0.3273424E+01
   04  0.7745107E+01  0.9853049E-03  0.0000000E+00  0.0000000E+00  0.3273424E+01
   04  0.7752238E+01  0.9853049E-03  0.0000000E+00  0.0000000E+00  0.3273424E+01
   04  0.7759369E+01  0.9853049E-03  0.0000000E+00  0.0000000E+00  0.3273424E+01
   04  0.7766500E+01  0.9853049E-03  0.0000000E+00  0.0000000E+00  0.3273424E+01
   04  0.7773631E+01  0.9853049E-03  0.0000000E+00  0.0000000E+00  0.3273424E+01
   04  0.7780762E+01  0.9853049E-03  0.0000000E+00  0.0000000E+00  0.3273424E+01
   04  0.7787893E+01  0.9853049E-03  0.0000000E+00  0.0000000E+00  0.3273424E+01
   04  0.7795024E+01  0.9853049E-03  0.0000000E+00  0.0000000E+00  0.3273424E+01
   04  0.7802153E+01  0.9853049E-03  0.0000000E+00  0.0000000E+00  0.3273424E+01
   04  0.7809283E+01  0.9853049E-03  0.0000000E+00  0.0000000E+00  0.3273424E+01
   04  0.7816412E+01  0.9853049E-03  0.0000000E+00  0.0000000E+00  0.3273424E+01
   04  0.7823541E+01  0.9853049E-03  0.0000000E+00  0.0000000E+00  0.3273424E+01
   04  0.7830670E+01  0.9853049E-03  0.0000000E+00  0.0000000E+00  0.3273424E+01
   04  0.7837799E+01  0.9853049E-03  0.0000000E+00  0.0000000E+00  0.3273424E+01
   04  0.7844928E+01  0.9853049E-03  0.0000000E+00  0.0000000E+00  0.3273424E+01
   04  0.7852058E+01  0.9853049E-03  0.0000000E+00  0.0000000E+00  0.3273424E+01
   04  0.7859187E+01  0.9853049E-03  0.0000000E+00  0.0000000E+00  0.3273424E+01
   04  0.7866316E+01  0.9853049E-03  0.0000000E+00  0.0000000E+00  0.3273424E+01
   04  0.7873445E+01  0.9853049E-03  0.0000000E+00  0.0000000E+00  0.3273424E+01
   04  0.7880574E+01  0.9853049E-03  0.0000000E+00  0.0000000E+00  0.3273424E+01
   04  0.7887703E+01  0.9853049E-03  0.0000000E+00  0.0000000E+00  0.3273424E+01
   04  0.7894833E+01  0.9853049E-03  0.0000000E+00  0.0000000E+00  0.3273424E+01
   04  0.7901962E+01  0.9853049E-03  0.0000000E+00  0.0000000E+00  0.3273424E+01
   04  0.7909091E+01  0.9853049E-03  0.0000000E+00  0.0000000E+00  0.3273424E+01
   04  0.7916220E+01  0.9853049E-03  0.0000000E+00  0.0000000E+00  0.3273424E+01
   04  0.7923349E+01  0.9853049E-03  0.0000000E+00  0.0000000E+00  0.3273424E+01
   04  0.7929737E+01  0.9853049E-03  0.0000000E+00  0.0000000E+00  0.3273424E+01
   04  0.7936124E+01  0.9853049E-03  0.0000000E+00  0.0000000E+00  0.3273424E+01
   04  0.7942512E+01  0.9853049E-03  0.0000000E+00  0.0000000E+00  0.3273424E+01
   04  0.7948900E+01  0.9853049E-03  0.0000000E+00  0.0000000E+00  0.3273424E+01
   04  0.7955287E+01  0.9853049E-03  0.0000000E+00  0.0000000E+00  0.3273424E+01
   04  0.7961675E+01  0.9853049E-03  0.0000000E+00  0.0000000E+00  0.3273424E+01
   04  0.7968062E+01  0.9853049E-03  0.0000000E+00  0.0000000E+00  0.3273424E+01
   04  0.7974450E+01  0.9853049E-03  0.0000000E+00  0.0000000E+00  0.3273424E+01
   04  0.7980837E+01  0.9853049E-03  0.0000000E+00  0.0000000E+00  0.3273424E+01
   04  0.7987225E+01  0.9853049E-03  0.0000000E+00  0.0000000E+00  0.3273424E+01
   04  0.7993612E+01  0.9853049E-03  0.0000000E+00  0.0000000E+00  0.3273424E+01
