# gauge_id=   105 location=(  0.6328676402E+02  0.6328676402E+02 ) num_var=  4
# level, time, q[  1  2  3], eta, aux[]
   01  0.0000000E+00  0.3090000E+01  0.0000000E+00  0.0000000E+00  0.0000000E+00
   01  0.1600000E-01  0.3090000E+01 -0.8768201E-19  0.8093380E-18  0.0000000E+00
   01  0.1329653E+00  0.3090000E+01 -0.1629037E-18  0.4647301E-16  0.0000000E+00
   01  0.2476540E+00  0.3090000E+01  0.3081922E-16  0.9619343E-16  0.0000000E+00
   01  0.3333333E+00  0.3090000E+01  0.5592152E-16  0.1175779E-15  0.0000000E+00
   01  0.4522257E+00  0.3090000E+01  0.1195528E-15  0.1745764E-15  0.0000000E+00
   01  0.5724150E+00  0.3090000E+01  0.1904470E-15  0.2471457E-15  0.0000000E+00
   01  0.6666667E+00  0.3090000E+01  0.2266597E-15  0.2929710E-15  0.0000000E+00
   01  0.7903854E+00  0.3090000E+01  0.3195167E-15  0.4032281E-15  0.0000000E+00
   01  0.9158532E+00  0.3090000E+01  0.4143263E-15  0.5172646E-15  0.0000000E+00
   01  0.1000000E+01  0.3090000E+01  0.4411242E-15  0.5690746E-15  0.0000000E+00
   01  0.1128722E+01  0.3090000E+01  0.6120394E-15  0.7846760E-15  0.0000000E+00
   01  0.1257366E+01  0.3090000E+01  0.8007089E-15  0.1010180E-14  0.0000000E+00
   01  0.1333333E+01  0.3090000E+01  0.8482913E-15  0.1084164E-14  0.0000000E+00
   01  0.1461954E+01  0.3090000E+01  0.1086495E-14  0.1371094E-14  0.0000000E+00
   02  0.1590570E+01  0.6100000E+00  0.2593992E-15  0.3269744E-15  0.0000000E+00
   02  0.1628618E+01  0.6100000E+00  0.1898792E-15  0.2633785E-15  0.0000000E+00
   02  0.1666667E+01  0.6100000E+00  0.1363624E-15  0.2175960E-15  0.0000000E+00
   02  0.1709509E+01  0.6100000E+00  0.9261831E-16  0.1844273E-15  0.0000000E+00
   02  0.1752352E+01  0.6100000E+00  0.6489646E-16  0.1687061E-15  0.0000000E+00
   02  0.1795194E+01  0.6100000E+00  0.5121144E-16  0.1585927E-15  0.0000000E+00
   02  0.1838039E+01  0.6100000E+00  0.4994730E-16  0.1511535E-15  0.0000000E+00
   02  0.1880884E+01  0.6100000E+00  0.5239746E-16  0.1462086E-15  0.0000000E+00
   02  0.1923729E+01  0.6100000E+00  0.5760324E-16  0.1435465E-15  0.0000000E+00
   02  0.1961864E+01  0.6100000E+00  0.6329520E-16  0.1422630E-15  0.0000000E+00
   02  0.2000000E+01  0.6100000E+00  0.6949132E-16  0.1430039E-15  0.0000000E+00
   02  0.2042869E+01  0.6100000E+00  0.7804518E-16  0.1358078E-15  0.0000000E+00
   02  0.2085738E+01  0.6100000E+00  0.7750933E-16  0.1300369E-15  0.0000000E+00
   02  0.2128607E+01  0.6100000E+00  0.1369868E-15  0.1893314E-15  0.0000000E+00
   02  0.2171468E+01  0.6100000E+00  0.3336115E-15  0.2771597E-15  0.0000000E+00
   02  0.2214329E+01  0.6100000E+00  0.1028566E-14  0.1055526E-14  0.4440892E-15
   02  0.2257190E+01  0.6100000E+00  0.1703160E-14  0.1811417E-14  0.8881784E-15
   02  0.2295261E+01  0.6100000E+00  0.1685604E-14  0.1775983E-14  0.1110223E-14
   02  0.2333333E+01  0.6100000E+00  0.4354352E-15  0.5114722E-15  0.8881784E-15
   02  0.2376168E+01  0.6100000E+00 -0.1361660E-14 -0.1284608E-14  0.2220446E-15
   02  0.2419002E+01  0.6100000E+00 -0.3553527E-14 -0.3464528E-14 -0.6661338E-15
   02  0.2461836E+01  0.6100000E+00 -0.2166981E-13 -0.2136399E-13 -0.8881784E-14
   02  0.2504676E+01  0.6100000E+00 -0.5800753E-13 -0.5759591E-13 -0.2531308E-13
   02  0.2547516E+01  0.6100000E+00 -0.1632165E-12 -0.1628497E-12 -0.6417089E-13
   02  0.2590356E+01  0.6100000E+00  0.4132330E-12  0.4136107E-12  0.1160183E-12
   02  0.2628511E+01  0.6100000E+00  0.1442602E-11  0.1443064E-11  0.5196954E-12
   02  0.2666667E+01  0.6100000E+00  0.1178260E-10  0.1178368E-10  0.4960032E-11
   02  0.2709527E+01  0.6100000E+00  0.4397094E-10  0.4397528E-10  0.1875455E-10
   02  0.2752387E+01  0.6100000E+00  0.1231735E-09  0.1231618E-09  0.4738820E-10
   02  0.2795247E+01  0.6100000E+00 -0.3493738E-09 -0.3493588E-09 -0.1026456E-09
   02  0.2838101E+01  0.6100000E+00 -0.1264365E-08 -0.1264493E-08 -0.4518198E-09
   02  0.2880955E+01  0.6100000E+00 -0.2703731E-08 -0.2704066E-08 -0.1105306E-08
   02  0.2923808E+01  0.6100000E+00 -0.2128518E-07 -0.2128727E-07 -0.9127897E-08
   02  0.2961904E+01  0.6100000E+00 -0.5782191E-07 -0.5782764E-07 -0.2548313E-07
   02  0.3000000E+01  0.6100000E+00 -0.1199751E-06 -0.1199702E-06 -0.4990794E-07
   03  0.3042839E+01  0.0000000E+00  0.0000000E+00  0.0000000E+00  0.1500000E-01
   03  0.3064258E+01  0.0000000E+00  0.0000000E+00  0.0000000E+00  0.1500000E-01
   03  0.3085678E+01  0.0000000E+00  0.0000000E+00  0.0000000E+00  0.1500000E-01
   03  0.3107097E+01  0.0000000E+00  0.0000000E+00  0.0000000E+00  0.1500000E-01
   03  0.3128516E+01  0.0000000E+00  0.0000000E+00  0.0000000E+00  0.1500000E-01
   03  0.3149938E+01  0.0000000E+00  0.0000000E+00  0.0000000E+00  0.1500000E-01
   03  0.3171360E+01  0.0000000E+00  0.0000000E+00  0.0000000E+00  0.1500000E-01
   03  0.3192782E+01  0.0000000E+00  0.0000000E+00  0.0000000E+00  0.1500000E-01
   03  0.3214204E+01  0.0000000E+00  0.0000000E+00  0.0000000E+00  0.1500000E-01
   03  0.3235626E+01  0.0000000E+00  0.0000000E+00  0.0000000E+00  0.1500000E-01
   03  0.3257048E+01  0.0000000E+00  0.0000000E+00  0.0000000E+00  0.1500000E-01
   03  0.3276119E+01  0.0000000E+00  0.0000000E+00  0.0000000E+00  0.1500000E-01
   03  0.3295190E+01  0.0000000E+00  0.0000000E+00  0.0000000E+00  0.1500000E-01
   03  0.3314262E+01  0.0000000E+00  0.0000000E+00  0.0000000E+00  0.1500000E-01
   03  0.3333333E+01  0.0000000E+00  0.0000000E+00  0.0000000E+00  0.1500000E-01
   03  0.3354761E+01  0.0000000E+00  0.0000000E+00  0.0000000E+00  0.1500000E-01
   03  0.3376188E+01  0.0000000E+00  0.0000000E+00  0.0000000E+00  0.1500000E-01
   03  0.3397615E+01  0.0000000E+00  0.0000000E+00  0.0000000E+00  0.1500000E-01
   03  0.3419043E+01  0.0000000E+00  0.0000000E+00  0.0000000E+00  0.1500000E-01
   04  0.3440470E+01  0.0000000E+00  0.0000000E+00  0.0000000E+00  0.1737500E+00
   04  0.3447612E+01  0.0000000E+00  0.0000000E+00  0.0000000E+00  0.1737500E+00
   04  0.3454755E+01  0.0000000E+00  0.0000000E+00  0.0000000E+00  0.1737500E+00
   04  0.3461897E+01  0.0000000E+00  0.0000000E+00  0.0000000E+00  0.1737500E+00
   04  0.3469039E+01  0.0000000E+00  0.0000000E+00  0.0000000E+00  0.1737500E+00
   04  0.3476181E+01  0.0000000E+00  0.0000000E+00  0.0000000E+00  0.1737500E+00
   04  0.3483322E+01  0.0000000E+00  0.0000000E+00  0.0000000E+00  0.1737500E+00
   04  0.3490464E+01  0.0000000E+00  0.0000000E+00  0.0000000E+00  0.1737500E+00
   04  0.3497606E+01  0.0000000E+00  0.0000000E+00  0.0000000E+00  0.1737500E+00
   04  0.3504748E+01  0.0000000E+00  0.0000000E+00  0.0000000E+00  0.1737500E+00
   04  0.3511889E+01  0.0000000E+00  0.0000000E+00  0.0000000E+00  0.1737500E+00
   04  0.3519031E+01  0.0000000E+00  0.0000000E+00  0.0000000E+00  0.1737500E+00
   04  0.3526173E+01  0.0000000E+00  0.0000000E+00  0.0000000E+00  0.1737500E+00
   04  0.3533314E+01  0.0000000E+00  0.0000000E+00  0.0000000E+00  0.1737500E+00
   04  0.3540456E+01  0.0000000E+00  0.0000000E+00  0.0000000E+00  0.1737500E+00
   04  0.3547598E+01  0.0000000E+00  0.0000000E+00  0.0000000E+00  0.1737500E+00
   04  0.3554740E+01  0.0000000E+00  0.0000000E+00  0.0000000E+00  0.1737500E+00
   04  0.3561881E+01  0.0000000E+00  0.0000000E+00  0.0000000E+00  0.1737500E+00
   04  0.3569023E+01  0.0000000E+00  0.0000000E+00  0.0000000E+00  0.1737500E+00
   04  0.3576165E+01  0.0000000E+00  0.0000000E+00  0.0000000E+00  0.1737500E+00
   04  0.3583307E+01  0.0000000E+00  0.0000000E+00  0.0000000E+00  0.1737500E+00
   04  0.3590448E+01  0.0000000E+00  0.0000000E+00  0.0000000E+00  0.1737500E+00
   04  0.3596800E+01  0.0000000E+00  0.0000000E+00  0.0000000E+00  0.1737500E+00
   04  0.3603151E+01  0.0000000E+00  0.0000000E+00  0.0000000E+00  0.1737500E+00
   04  0.3609503E+01  0.0000000E+00  0.0000000E+00  0.0000000E+00  0.1737500E+00
   04  0.3615854E+01  0.0000000E+00  0.0000000E+00  0.0000000E+00  0.1737500E+00
   04  0.3622206E+01  0.0000000E+00  0.0000000E+00  0.0000000E+00  0.1737500E+00
   04  0.3628557E+01  0.0000000E+00  0.0000000E+00  0.0000000E+00  0.1737500E+00
   04  0.3634909E+01  0.0000000E+00  0.0000000E+00  0.0000000E+00  0.1737500E+00
   04  0.3641261E+01  0.0000000E+00  0.0000000E+00  0.0000000E+00  0.1737500E+00
   04  0.3647612E+01  0.0000000E+00  0.0000000E+00  0.0000000E+00  0.1737500E+00
   04  0.3653964E+01  0.0000000E+00  0.0000000E+00  0.0000000E+00  0.1737500E+00
   04  0.3660315E+01  0.0000000E+00  0.0000000E+00  0.0000000E+00  0.1737500E+00
   04  0.3666667E+01  0.0000000E+00  0.0000000E+00  0.0000000E+00  0.1737500E+00
   04  0.3673807E+01  0.0000000E+00  0.0000000E+00  0.0000000E+00  0.1737500E+00
   04  0.3680947E+01  0.0000000E+00  0.0000000E+00  0.0000000E+00  0.1737500E+00
   04  0.3688088E+01  0.0000000E+00  0.0000000E+00  0.0000000E+00  0.1737500E+00
   04  0.3695228E+01  0.0000000E+00  0.0000000E+00  0.0000000E+00  0.1737500E+00
   04  0.3702368E+01  0.0000000E+00  0.0000000E+00  0.0000000E+00  0.1737500E+00
   04  0.3709508E+01  0.0000000E+00  0.0000000E+00  0.0000000E+00  0.1737500E+00
   04  0.3716649E+01  0.0000000E+00  0.0000000E+00  0.0000000E+00  0.1737500E+00
   04  0.3723789E+01  0.0000000E+00  0.0000000E+00  0.0000000E+00  0.1737500E+00
   04  0.3730929E+01  0.0000000E+00  0.0000000E+00  0.0000000E+00  0.1737500E+00
   04  0.3738070E+01  0.0000000E+00  0.0000000E+00  0.0000000E+00  0.1737500E+00
   04  0.3745210E+01  0.0000000E+00  0.0000000E+00  0.0000000E+00  0.1737500E+00
   04  0.3752350E+01  0.0000000E+00  0.0000000E+00  0.0000000E+00  0.1737500E+00
   04  0.3759491E+01  0.0000000E+00  0.0000000E+00  0.0000000E+00  0.1737500E+00
   04  0.3766631E+01  0.0000000E+00  0.0000000E+00  0.0000000E+00  0.1737500E+00
   04  0.3773771E+01  0.0000000E+00  0.0000000E+00  0.0000000E+00  0.1737500E+00
   04  0.3780912E+01  0.0000000E+00  0.0000000E+00  0.0000000E+00  0.1737500E+00
   04  0.3788052E+01  0.0000000E+00  0.0000000E+00  0.0000000E+00  0.1737500E+00
   04  0.3795192E+01  0.0000000E+00  0.0000000E+00  0.0000000E+00  0.1737500E+00
   04  0.3802333E+01  0.0000000E+00  0.0000000E+00  0.0000000E+00  0.1737500E+00
   04  0.3809474E+01  0.0000000E+00  0.0000000E+00  0.0000000E+00  0.1737500E+00
   04  0.3816614E+01  0.0000000E+00  0.0000000E+00  0.0000000E+00  0.1737500E+00
   04  0.3823755E+01  0.0000000E+00  0.0000000E+00  0.0000000E+00  0.1737500E+00
   04  0.3830896E+01  0.0000000E+00  0.0000000E+00  0.0000000E+00  0.1737500E+00
   04  0.3838037E+01  0.0000000E+00  0.0000000E+00  0.0000000E+00  0.1737500E+00
   04  0.3842797E+01  0.0000000E+00  0.0000000E+00  0.0000000E+00  0.1737500E+00
   04  0.3847558E+01  0.0000000E+00  0.0000000E+00  0.0000000E+00  0.1737500E+00
   04  0.3852318E+01  0.0000000E+00  0.0000000E+00  0.0000000E+00  0.1737500E+00
   04  0.3857079E+01  0.0000000E+00  0.0000000E+00  0.0000000E+00  0.1737500E+00
   04  0.3861839E+01  0.0000000E+00  0.0000000E+00  0.0000000E+00  0.1737500E+00
   04  0.3866600E+01  0.0000000E+00  0.0000000E+00  0.0000000E+00  0.1737500E+00
   04  0.3871360E+01  0.0000000E+00  0.0000000E+00  0.0000000E+00  0.1737500E+00
   04  0.3876121E+01  0.0000000E+00  0.0000000E+00  0.0000000E+00  0.1737500E+00
   04  0.3880882E+01  0.0000000E+00  0.0000000E+00  0.0000000E+00  0.1737500E+00
   04  0.3886237E+01  0.0000000E+00  0.0000000E+00  0.0000000E+00  0.1737500E+00
   04  0.3891593E+01  0.0000000E+00  0.0000000E+00  0.0000000E+00  0.1737500E+00
   04  0.3896948E+01  0.0000000E+00  0.0000000E+00  0.0000000E+00  0.1737500E+00
   04  0.3902304E+01  0.0000000E+00  0.0000000E+00  0.0000000E+00  0.1737500E+00
   04  0.3907659E+01  0.0000000E+00  0.0000000E+00  0.0000000E+00  0.1737500E+00
   04  0.3913015E+01  0.0000000E+00  0.0000000E+00  0.0000000E+00  0.1737500E+00
   04  0.3918371E+01  0.0000000E+00  0.0000000E+00  0.0000000E+00  0.1737500E+00
   04  0.3923726E+01  0.0000000E+00  0.0000000E+00  0.0000000E+00  0.1737500E+00
   04  0.3930082E+01  0.0000000E+00  0.0000000E+00  0.0000000E+00  0.1737500E+00
   04  0.3936438E+01  0.0000000E+00  0.0000000E+00  0.0000000E+00  0.1737500E+00
   04  0.3942795E+01  0.0000000E+00  0.0000000E+00  0.0000000E+00  0.1737500E+00
   04  0.3949151E+01  0.0000000E+00  0.0000000E+00  0.0000000E+00  0.1737500E+00
   04  0.3955507E+01  0.0000000E+00  0.0000000E+00  0.0000000E+00  0.1737500E+00
   04  0.3961863E+01  0.0000000E+00  0.0000000E+00  0.0000000E+00  0.1737500E+00
   04  0.3968219E+01  0.0000000E+00  0.0000000E+00  0.0000000E+00  0.1737500E+00
   04  0.3974575E+01  0.0000000E+00  0.0000000E+00  0.0000000E+00  0.1737500E+00
   04  0.3980932E+01  0.0000000E+00  0.0000000E+00  0.0000000E+00  0.1737500E+00
   04  0.3987288E+01  0.0000000E+00  0.0000000E+00  0.0000000E+00  0.1737500E+00
   04  0.3993644E+01  0.0000000E+00  0.0000000E+00  0.0000000E+00  0.1737500E+00
   04  0.4000000E+01  0.0000000E+00  0.0000000E+00  0.0000000E+00  0.1737500E+00
   04  0.4007142E+01  0.0000000E+00  0.0000000E+00  0.0000000E+00  0.1737500E+00
   04  0.4014284E+01  0.0000000E+00  0.0000000E+00  0.0000000E+00  0.1737500E+00
   04  0.4021426E+01  0.0000000E+00  0.0000000E+00  0.0000000E+00  0.1737500E+00
   04  0.4028568E+01  0.0000000E+00  0.0000000E+00  0.0000000E+00  0.1737500E+00
   04  0.4035710E+01  0.0000000E+00  0.0000000E+00  0.0000000E+00  0.1737500E+00
   04  0.4042852E+01  0.0000000E+00  0.0000000E+00  0.0000000E+00  0.1737500E+00
   04  0.4049994E+01  0.0000000E+00  0.0000000E+00  0.0000000E+00  0.1737500E+00
   04  0.4057136E+01  0.0000000E+00  0.0000000E+00  0.0000000E+00  0.1737500E+00
   04  0.4064278E+01  0.0000000E+00  0.0000000E+00  0.0000000E+00  0.1737500E+00
   04  0.4071420E+01  0.0000000E+00  0.0000000E+00  0.0000000E+00  0.1737500E+00
   04  0.4078562E+01  0.0000000E+00  0.0000000E+00  0.0000000E+00  0.1737500E+00
   04  0.4085704E+01  0.0000000E+00  0.0000000E+00  0.0000000E+00  0.1737500E+00
   04  0.4092846E+01  0.0000000E+00  0.0000000E+00  0.0000000E+00  0.1737500E+00
   04  0.4099988E+01  0.0000000E+00  0.0000000E+00  0.0000000E+00  0.1737500E+00
   04  0.4107130E+01  0.0000000E+00  0.0000000E+00  0.0000000E+00  0.1737500E+00
   04  0.4114272E+01  0.0000000E+00  0.0000000E+00  0.0000000E+00  0.1737500E+00
   04  0.4121414E+01  0.0000000E+00  0.0000000E+00  0.0000000E+00  0.1737500E+00
   04  0.4128556E+01  0.0000000E+00  0.0000000E+00  0.0000000E+00  0.1737500E+00
   04  0.4135697E+01  0.0000000E+00  0.0000000E+00  0.0000000E+00  0.1737500E+00
   04  0.4142839E+01  0.0000000E+00  0.0000000E+00  0.0000000E+00  0.1737500E+00
   04  0.4149980E+01  0.0000000E+00  0.0000000E+00  0.0000000E+00  0.1737500E+00
   04  0.4157121E+01  0.0000000E+00  0.0000000E+00  0.0000000E+00  0.1737500E+00
   04  0.4164263E+01  0.2950917E+00  0.1201375E+01  0.1201172E+01  0.4034723E+00
   04  0.4171404E+01  0.5489287E+00  0.2350019E+01  0.2349550E+01  0.6573093E+00
   04  0.4178546E+01  0.7693158E+00  0.3350365E+01  0.3349624E+01  0.8776964E+00
   04  0.4185687E+01  0.9509410E+00  0.4075425E+01  0.4076713E+01  0.1059322E+01
   04  0.4192828E+01  0.1071083E+01  0.4450419E+01  0.4456954E+01  0.1179463E+01
   04  0.4199970E+01  0.1153256E+01  0.4621486E+01  0.4636539E+01  0.1261637E+01
   04  0.4207111E+01  0.1214267E+01  0.4704118E+01  0.4713649E+01  0.1322648E+01
   04  0.4214252E+01  0.1262153E+01  0.4740804E+01  0.4744000E+01  0.1370533E+01
   04  0.4221394E+01  0.1302671E+01  0.4762749E+01  0.4762868E+01  0.1411051E+01
   04  0.4228535E+01  0.1336657E+01  0.4774738E+01  0.4786487E+01  0.1445038E+01
   04  0.4235677E+01  0.1370190E+01  0.4796731E+01  0.4798223E+01  0.1478571E+01
   04  0.4242818E+01  0.1399455E+01  0.4813183E+01  0.4809156E+01  0.1507836E+01
   04  0.4249959E+01  0.1415629E+01  0.4811307E+01  0.4810946E+01  0.1524009E+01
   04  0.4257101E+01  0.1431913E+01  0.4800159E+01  0.4803737E+01  0.1540293E+01
   04  0.4263453E+01  0.1446463E+01  0.4781804E+01  0.4787235E+01  0.1554844E+01
   04  0.4269806E+01  0.1460381E+01  0.4752788E+01  0.4759787E+01  0.1568762E+01
   04  0.4276159E+01  0.1490159E+01  0.4734882E+01  0.4742580E+01  0.1598540E+01
   04  0.4282512E+01  0.1518300E+01  0.4700340E+01  0.4709771E+01  0.1626681E+01
   04  0.4288864E+01  0.1544285E+01  0.4653043E+01  0.4663789E+01  0.1652665E+01
   04  0.4295217E+01  0.1563863E+01  0.4588065E+01  0.4610893E+01  0.1672243E+01
   04  0.4301570E+01  0.1580515E+01  0.4527204E+01  0.4542396E+01  0.1688896E+01
   04  0.4307922E+01  0.1590824E+01  0.4455336E+01  0.4471093E+01  0.1699204E+01
   04  0.4314275E+01  0.1599124E+01  0.4382390E+01  0.4397698E+01  0.1707504E+01
   04  0.4320628E+01  0.1606181E+01  0.4309072E+01  0.4323086E+01  0.1714561E+01
   04  0.4326981E+01  0.1612715E+01  0.4235739E+01  0.4247977E+01  0.1721096E+01
   04  0.4333333E+01  0.1618668E+01  0.4161700E+01  0.4171919E+01  0.1727049E+01
   04  0.4340474E+01  0.1624614E+01  0.4077252E+01  0.4084915E+01  0.1732995E+01
   04  0.4347614E+01  0.1629746E+01  0.3990857E+01  0.3996151E+01  0.1738126E+01
   04  0.4354755E+01  0.1634130E+01  0.3902442E+01  0.3905632E+01  0.1742511E+01
   04  0.4361895E+01  0.1637794E+01  0.3812101E+01  0.3813397E+01  0.1746174E+01
   04  0.4369036E+01  0.1640793E+01  0.3719850E+01  0.3719607E+01  0.1749174E+01
   04  0.4376176E+01  0.1643114E+01  0.3625734E+01  0.3624311E+01  0.1751494E+01
   04  0.4383317E+01  0.1644724E+01  0.3529810E+01  0.3527532E+01  0.1753105E+01
   04  0.4390457E+01  0.1645596E+01  0.3432154E+01  0.3429292E+01  0.1753977E+01
   04  0.4397598E+01  0.1645713E+01  0.3332875E+01  0.3329645E+01  0.1754093E+01
   04  0.4404738E+01  0.1645074E+01  0.3232127E+01  0.3228682E+01  0.1753454E+01
   04  0.4411879E+01  0.1643702E+01  0.3130101E+01  0.3126543E+01  0.1752083E+01
   04  0.4419019E+01  0.1641640E+01  0.3027011E+01  0.3023397E+01  0.1750021E+01
   04  0.4426160E+01  0.1638947E+01  0.2923078E+01  0.2919428E+01  0.1747327E+01
   04  0.4433300E+01  0.1635688E+01  0.2818509E+01  0.2814821E+01  0.1744069E+01
   04  0.4440441E+01  0.1631934E+01  0.2713483E+01  0.2709744E+01  0.1740315E+01
   04  0.4447581E+01  0.1627751E+01  0.2608154E+01  0.2604347E+01  0.1736131E+01
   04  0.4454722E+01  0.1623197E+01  0.2502640E+01  0.2498753E+01  0.1731577E+01
   04  0.4461862E+01  0.1618320E+01  0.2397035E+01  0.2393063E+01  0.1726701E+01
   04  0.4469003E+01  0.1613157E+01  0.2291404E+01  0.2287352E+01  0.1721538E+01
   04  0.4476144E+01  0.1607732E+01  0.2185815E+01  0.2181697E+01  0.1716112E+01
   04  0.4483285E+01  0.1602055E+01  0.2080325E+01  0.2076163E+01  0.1710436E+01
   04  0.4490426E+01  0.1596128E+01  0.1974997E+01  0.1970815E+01  0.1704508E+01
   04  0.4497567E+01  0.1589940E+01  0.1869903E+01  0.1865730E+01  0.1698320E+01
   04  0.4504708E+01  0.1583472E+01  0.1765130E+01  0.1760993E+01  0.1691852E+01
   04  0.4511849E+01  0.1576700E+01  0.1660784E+01  0.1656706E+01  0.1685081E+01
   04  0.4518990E+01  0.1569597E+01  0.1556987E+01  0.1552984E+01  0.1677978E+01
   04  0.4526131E+01  0.1562135E+01  0.1453875E+01  0.1449954E+01  0.1670515E+01
   04  0.4533272E+01  0.1554286E+01  0.1351592E+01  0.1347751E+01  0.1662667E+01
   04  0.4540413E+01  0.1546032E+01  0.1250284E+01  0.1246511E+01  0.1654413E+01
   04  0.4547554E+01  0.1537361E+01  0.1150092E+01  0.1146361E+01  0.1645741E+01
   04  0.4554695E+01  0.1528268E+01  0.1051139E+01  0.1047416E+01  0.1636649E+01
   04  0.4561836E+01  0.1518764E+01  0.9535274E+00  0.9497678E+00  0.1627145E+01
   04  0.4568977E+01  0.1508870E+01  0.8573313E+00  0.8534847E+00  0.1617251E+01
   04  0.4576118E+01  0.1498619E+01  0.7625913E+00  0.7586045E+00  0.1606999E+01
   04  0.4583259E+01  0.1488054E+01  0.6693153E+00  0.6651349E+00  0.1596434E+01
   04  0.4590400E+01  0.1477227E+01  0.5774789E+00  0.5730564E+00  0.1585608E+01
   04  0.4596755E+01  0.1467415E+01  0.4969561E+00  0.4922828E+00  0.1575795E+01
   04  0.4603111E+01  0.1457483E+01  0.4174832E+00  0.4125355E+00  0.1565863E+01
   04  0.4609466E+01  0.1447473E+01  0.3390039E+00  0.3337691E+00  0.1555853E+01
   04  0.4615822E+01  0.1437423E+01  0.2614582E+00  0.2559360E+00  0.1545804E+01
   04  0.4622178E+01  0.1427365E+01  0.1847685E+00  0.1789746E+00  0.1535746E+01
   04  0.4628533E+01  0.1417316E+01  0.1088494E+00  0.1028143E+00  0.1525697E+01
   04  0.4634889E+01  0.1407287E+01  0.3363471E-01  0.2739945E-01  0.1515667E+01
   04  0.4641244E+01  0.1397291E+01 -0.4083126E-01 -0.4721358E-01  0.1505672E+01
   04  0.4647600E+01  0.1387340E+01 -0.1145412E+00 -0.1209996E+00  0.1495721E+01
   04  0.4653955E+01  0.1377431E+01 -0.1874462E+00 -0.1939018E+00  0.1485812E+01
   04  0.4660311E+01  0.1367551E+01 -0.2595680E+00 -0.2659224E+00  0.1475932E+01
   04  0.4666667E+01  0.1357683E+01 -0.3308753E+00 -0.3370263E+00  0.1466064E+01
   04  0.4673808E+01  0.1346584E+01 -0.4100275E+00 -0.4158284E+00  0.1454965E+01
   04  0.4680950E+01  0.1335451E+01 -0.4880234E+00 -0.4933456E+00  0.1443832E+01
   04  0.4688091E+01  0.1324257E+01 -0.5647799E+00 -0.5695039E+00  0.1432638E+01
   04  0.4695232E+01  0.1312976E+01 -0.6402085E+00 -0.6442305E+00  0.1421356E+01
   04  0.4702374E+01  0.1301582E+01 -0.7142149E+00 -0.7174538E+00  0.1409963E+01
   04  0.4709515E+01  0.1290054E+01 -0.7866993E+00 -0.7891035E+00  0.1398434E+01
   04  0.4716657E+01  0.1278369E+01 -0.8575567E+00 -0.8591101E+00  0.1386750E+01
   04  0.4723798E+01  0.1266510E+01 -0.9266789E+00 -0.9274053E+00  0.1374890E+01
   04  0.4730940E+01  0.1254460E+01 -0.9939584E+00 -0.9939237E+00  0.1362840E+01
   04  0.4738081E+01  0.1242208E+01 -0.1059294E+01 -0.1058607E+01  0.1350588E+01
   04  0.4745223E+01  0.1229749E+01 -0.1122599E+01 -0.1121411E+01  0.1338129E+01
   04  0.4752364E+01  0.1217086E+01 -0.1183816E+01 -0.1182315E+01  0.1325466E+01
   04  0.4759505E+01  0.1204233E+01 -0.1242920E+01 -0.1241328E+01  0.1312614E+01
   04  0.4766647E+01  0.1191216E+01 -0.1299936E+01 -0.1298498E+01  0.1299596E+01
   04  0.4773788E+01  0.1178071E+01 -0.1354940E+01 -0.1353914E+01  0.1286452E+01
   04  0.4780930E+01  0.1164848E+01 -0.1408063E+01 -0.1407706E+01  0.1273228E+01
   04  0.4788071E+01  0.1151602E+01 -0.1459480E+01 -0.1460035E+01  0.1259983E+01
   04  0.4795213E+01  0.1138394E+01 -0.1509399E+01 -0.1511083E+01  0.1246774E+01
   04  0.4802354E+01  0.1125280E+01 -0.1558038E+01 -0.1561024E+01  0.1233661E+01
   04  0.4809495E+01  0.1112310E+01 -0.1605611E+01 -0.1610014E+01  0.1220690E+01
   04  0.4816636E+01  0.1099515E+01 -0.1652291E+01 -0.1658160E+01  0.1207895E+01
   04  0.4823776E+01  0.1086909E+01 -0.1698192E+01 -0.1705500E+01  0.1195289E+01
   04  0.4830917E+01  0.1074483E+01 -0.1743351E+01 -0.1751991E+01  0.1182864E+01
   04  0.4838058E+01  0.1062209E+01 -0.1787723E+01 -0.1797512E+01  0.1170589E+01
   04  0.4845199E+01  0.1050037E+01 -0.1831187E+01 -0.1841871E+01  0.1158417E+01
   04  0.4852340E+01  0.1037908E+01 -0.1873559E+01 -0.1884830E+01  0.1146289E+01
   04  0.4859481E+01  0.1025759E+01 -0.1914617E+01 -0.1926130E+01  0.1134140E+01
   04  0.4866622E+01  0.1013531E+01 -0.1954134E+01 -0.1965531E+01  0.1121912E+01
   04  0.4873763E+01  0.1001175E+01 -0.1991901E+01 -0.2002831E+01  0.1109556E+01
   04  0.4880904E+01  0.9886604E+00 -0.2027753E+01 -0.2037898E+01  0.1097041E+01
   04  0.4888045E+01  0.9759722E+00 -0.2061580E+01 -0.2070673E+01  0.1084353E+01
   04  0.4895186E+01  0.9631149E+00 -0.2093332E+01 -0.2101175E+01  0.1071495E+01
   04  0.4902327E+01  0.9501080E+00 -0.2123017E+01 -0.2129486E+01  0.1058489E+01
   04  0.4909468E+01  0.9369828E+00 -0.2150692E+01 -0.2155743E+01  0.1045363E+01
   04  0.4916609E+01  0.9237783E+00 -0.2176449E+01 -0.2180113E+01  0.1032159E+01
   04  0.4923750E+01  0.9105378E+00 -0.2200407E+01 -0.2202783E+01  0.1018918E+01
   04  0.4930104E+01  0.8987607E+00 -0.2220256E+01 -0.2221618E+01  0.1007141E+01
   04  0.4936458E+01  0.8870232E+00 -0.2238900E+01 -0.2239400E+01  0.9954038E+00
   04  0.4942812E+01  0.8753569E+00 -0.2256455E+01 -0.2256267E+01  0.9837375E+00
   04  0.4949167E+01  0.8637921E+00 -0.2273041E+01 -0.2272348E+01  0.9721727E+00
   04  0.4955521E+01  0.8524372E+00 -0.2288952E+01 -0.2287941E+01  0.9608179E+00
   04  0.4961875E+01  0.8410742E+00 -0.2303627E+01 -0.2302495E+01  0.9494548E+00
   04  0.4968229E+01  0.8299935E+00 -0.2318129E+01 -0.2316905E+01  0.9383741E+00
   04  0.4974583E+01  0.8191197E+00 -0.2332126E+01 -0.2330964E+01  0.9275003E+00
   04  0.4980937E+01  0.8084181E+00 -0.2345626E+01 -0.2344642E+01  0.9167987E+00
   04  0.4984115E+01  0.8023649E+00 -0.2349658E+01 -0.2348790E+01  0.9107456E+00
   04  0.4987292E+01  0.7972058E+00 -0.2356680E+01 -0.2355785E+01  0.9055864E+00
   04  0.4990469E+01  0.7919591E+00 -0.2362533E+01 -0.2361895E+01  0.9003397E+00
   04  0.4993646E+01  0.7868501E+00 -0.2368565E+01 -0.2368188E+01  0.8952307E+00
   04  0.4996823E+01  0.7817795E+00 -0.2374559E+01 -0.2374440E+01  0.8901602E+00
   04  0.5000000E+01  0.7767222E+00 -0.2380238E+01 -0.2380376E+01  0.8851028E+00
   04  0.5005356E+01  0.7681835E+00 -0.2389549E+01 -0.2390085E+01  0.8765641E+00
   04  0.5010711E+01  0.7596545E+00 -0.2398080E+01 -0.2398956E+01  0.8680351E+00
   04  0.5016067E+01  0.7511137E+00 -0.2405725E+01 -0.2406886E+01  0.8594943E+00
   04  0.5021422E+01  0.7425495E+00 -0.2412417E+01 -0.2413831E+01  0.8509302E+00
   04  0.5026778E+01  0.7339583E+00 -0.2418123E+01 -0.2419791E+01  0.8423389E+00
   04  0.5032133E+01  0.7253410E+00 -0.2422833E+01 -0.2424795E+01  0.8337217E+00
   04  0.5037489E+01  0.7167012E+00 -0.2426554E+01 -0.2428880E+01  0.8250818E+00
   04  0.5042844E+01  0.7080425E+00 -0.2429305E+01 -0.2432080E+01  0.8164231E+00
   04  0.5049985E+01  0.6964712E+00 -0.2431614E+01 -0.2435134E+01  0.8048518E+00
   04  0.5057125E+01  0.6848733E+00 -0.2432281E+01 -0.2436657E+01  0.7932539E+00
   04  0.5064266E+01  0.6732435E+00 -0.2431339E+01 -0.2436597E+01  0.7816241E+00
   04  0.5071407E+01  0.6615734E+00 -0.2428808E+01 -0.2434877E+01  0.7699540E+00
   04  0.5078547E+01  0.6498555E+00 -0.2424705E+01 -0.2431415E+01  0.7582361E+00
   04  0.5085688E+01  0.6380880E+00 -0.2419061E+01 -0.2426169E+01  0.7464687E+00
   04  0.5092829E+01  0.6262822E+00 -0.2411961E+01 -0.2419177E+01  0.7346629E+00
   04  0.5099969E+01  0.6144680E+00 -0.2403568E+01 -0.2410599E+01  0.7228486E+00
   04  0.5107110E+01  0.6026967E+00 -0.2394144E+01 -0.2400730E+01  0.7110773E+00
   04  0.5109490E+01  0.5987912E+00 -0.2390702E+01 -0.2397093E+01  0.7071718E+00
   04  0.5111871E+01  0.5949018E+00 -0.2387202E+01 -0.2393380E+01  0.7032824E+00
   04  0.5114251E+01  0.5910315E+00 -0.2383659E+01 -0.2389609E+01  0.6994122E+00
   04  0.5116631E+01  0.5871832E+00 -0.2380088E+01 -0.2385796E+01  0.6955638E+00
   04  0.5119011E+01  0.5833595E+00 -0.2376503E+01 -0.2381959E+01  0.6917401E+00
   04  0.5121392E+01  0.5795626E+00 -0.2372914E+01 -0.2378113E+01  0.6879432E+00
   04  0.5123772E+01  0.5757943E+00 -0.2369332E+01 -0.2374269E+01  0.6841749E+00
   04  0.5126152E+01  0.5720560E+00 -0.2365763E+01 -0.2370438E+01  0.6804366E+00
   04  0.5128532E+01  0.5683484E+00 -0.2362210E+01 -0.2366626E+01  0.6767290E+00
   04  0.5135673E+01  0.5573963E+00 -0.2351926E+01 -0.2355589E+01  0.6657770E+00
   04  0.5142814E+01  0.5466762E+00 -0.2341509E+01 -0.2344517E+01  0.6550568E+00
   04  0.5149955E+01  0.5361132E+00 -0.2330515E+01 -0.2332998E+01  0.6444938E+00
   04  0.5157096E+01  0.5256049E+00 -0.2318339E+01 -0.2320431E+01  0.6339855E+00
   04  0.5164237E+01  0.5150471E+00 -0.2304356E+01 -0.2306178E+01  0.6234277E+00
   04  0.5171378E+01  0.5043605E+00 -0.2288078E+01 -0.2289723E+01  0.6127411E+00
   04  0.5174948E+01  0.4989551E+00 -0.2278871E+01 -0.2280460E+01  0.6073357E+00
   04  0.5178519E+01  0.4935079E+00 -0.2269025E+01 -0.2270567E+01  0.6018885E+00
   04  0.5182089E+01  0.4880225E+00 -0.2258557E+01 -0.2260060E+01  0.5964031E+00
   04  0.5185660E+01  0.4825055E+00 -0.2247504E+01 -0.2248971E+01  0.5908861E+00
   04  0.5189230E+01  0.4769652E+00 -0.2235912E+01 -0.2237346E+01  0.5853459E+00
   04  0.5192800E+01  0.4714116E+00 -0.2223840E+01 -0.2225240E+01  0.5797922E+00
   04  0.5196371E+01  0.4658548E+00 -0.2211348E+01 -0.2212714E+01  0.5742355E+00
   04  0.5199941E+01  0.4603047E+00 -0.2198495E+01 -0.2199826E+01  0.5686853E+00
   04  0.5203512E+01  0.4547699E+00 -0.2185335E+01 -0.2186633E+01  0.5631505E+00
   04  0.5207082E+01  0.4492572E+00 -0.2171913E+01 -0.2173179E+01  0.5576378E+00
   04  0.5210653E+01  0.4437708E+00 -0.2158259E+01 -0.2159498E+01  0.5521515E+00
   04  0.5214223E+01  0.4383125E+00 -0.2144387E+01 -0.2145607E+01  0.5466931E+00
   04  0.5219579E+01  0.4301710E+00 -0.2123236E+01 -0.2124448E+01  0.5385516E+00
   04  0.5224935E+01  0.4220739E+00 -0.2101515E+01 -0.2102749E+01  0.5304545E+00
   04  0.5230290E+01  0.4139947E+00 -0.2079083E+01 -0.2080376E+01  0.5223753E+00
   04  0.5235646E+01  0.4058990E+00 -0.2055753E+01 -0.2057140E+01  0.5142796E+00
   04  0.5241002E+01  0.3977483E+00 -0.2031305E+01 -0.2032821E+01  0.5061289E+00
   04  0.5246357E+01  0.3895044E+00 -0.2005524E+01 -0.2007192E+01  0.4978851E+00
   04  0.5247696E+01  0.3874245E+00 -0.1998797E+01 -0.2000505E+01  0.4958051E+00
   04  0.5249035E+01  0.3853357E+00 -0.1991970E+01 -0.1993717E+01  0.4937163E+00
   04  0.5250374E+01  0.3832376E+00 -0.1985039E+01 -0.1986827E+01  0.4916182E+00
   04  0.5251713E+01  0.3811299E+00 -0.1978003E+01 -0.1979832E+01  0.4895105E+00
   04  0.5253052E+01  0.3790121E+00 -0.1970859E+01 -0.1972728E+01  0.4873927E+00
   04  0.5254391E+01  0.3768839E+00 -0.1963604E+01 -0.1965513E+01  0.4852645E+00
   04  0.5255730E+01  0.3747451E+00 -0.1956238E+01 -0.1958186E+01  0.4831257E+00
   04  0.5257069E+01  0.3725953E+00 -0.1948758E+01 -0.1950745E+01  0.4809759E+00
   04  0.5263424E+01  0.3622496E+00 -0.1912023E+01 -0.1914174E+01  0.4706302E+00
   04  0.5269779E+01  0.3516501E+00 -0.1872672E+01 -0.1874929E+01  0.4600307E+00
   04  0.5276135E+01  0.3408011E+00 -0.1830717E+01 -0.1833001E+01  0.4491817E+00
   04  0.5282490E+01  0.3297234E+00 -0.1786264E+01 -0.1788486E+01  0.4381040E+00
   04  0.5288846E+01  0.3184527E+00 -0.1739505E+01 -0.1741580E+01  0.4268333E+00
   04  0.5295201E+01  0.3070390E+00 -0.1690722E+01 -0.1692582E+01  0.4154196E+00
   04  0.5301556E+01  0.2955469E+00 -0.1640287E+01 -0.1641888E+01  0.4039275E+00
   04  0.5307912E+01  0.2840563E+00 -0.1588673E+01 -0.1590005E+01  0.3924369E+00
   04  0.5314267E+01  0.2726630E+00 -0.1536463E+01 -0.1537544E+01  0.3810436E+00
   04  0.5320623E+01  0.2614762E+00 -0.1484330E+01 -0.1485203E+01  0.3698569E+00
   04  0.5326978E+01  0.2506074E+00 -0.1432977E+01 -0.1433698E+01  0.3589880E+00
   04  0.5333333E+01  0.2401481E+00 -0.1382997E+01 -0.1383622E+01  0.3485287E+00
   04  0.5340474E+01  0.2289300E+00 -0.1328853E+01 -0.1329431E+01  0.3373106E+00
   04  0.5347615E+01  0.2182172E+00 -0.1276451E+01 -0.1277022E+01  0.3265978E+00
   04  0.5354756E+01  0.2078379E+00 -0.1224730E+01 -0.1225319E+01  0.3162185E+00
   04  0.5361897E+01  0.1975961E+00 -0.1172416E+01 -0.1173027E+01  0.3059767E+00
   04  0.5369038E+01  0.1873855E+00 -0.1118719E+01 -0.1119322E+01  0.2957661E+00
   04  0.5376179E+01  0.1774515E+00 -0.1064864E+01 -0.1065381E+01  0.2858321E+00
   04  0.5383320E+01  0.1685289E+00 -0.1014844E+01 -0.1015199E+01  0.2769095E+00
   04  0.5390460E+01  0.1622512E+00 -0.9788019E+00 -0.9774520E+00  0.2706318E+00
   04  0.5397601E+01  0.1575853E+00 -0.9493128E+00 -0.9485484E+00  0.2659659E+00
   04  0.5404742E+01  0.1515816E+00 -0.9111107E+00 -0.9102633E+00  0.2599623E+00
   04  0.5411883E+01  0.1418751E+00 -0.8524112E+00 -0.8515635E+00  0.2502558E+00
   04  0.5419024E+01  0.1284070E+00 -0.7729292E+00 -0.7721997E+00  0.2367877E+00
   04  0.5426165E+01  0.1086723E+00 -0.6537290E+00 -0.6526745E+00  0.2170529E+00
   04  0.5433306E+01  0.7640394E-01 -0.4530642E+00 -0.4522739E+00  0.1847846E+00
   04  0.5440447E+01  0.4046005E-01 -0.2260204E+00 -0.2257192E+00  0.1488407E+00
   04  0.5447588E+01  0.1924930E-01 -0.9021066E-01 -0.9012783E-01  0.1276299E+00
   04  0.5454728E+01  0.1212196E-01 -0.4242538E-01 -0.4238111E-01  0.1205026E+00
   04  0.5461869E+01  0.1141037E-01 -0.3450300E-01 -0.3450308E-01  0.1197910E+00
   04  0.5469010E+01  0.1183713E-01 -0.3410670E-01 -0.3406581E-01  0.1202178E+00
   04  0.5476151E+01  0.1232411E-01 -0.3429265E-01 -0.3427392E-01  0.1207047E+00
   04  0.5483291E+01  0.1272059E-01 -0.3443314E-01 -0.3445920E-01  0.1211012E+00
   04  0.5490432E+01  0.1300501E-01 -0.3439144E-01 -0.3445961E-01  0.1213856E+00
   04  0.5497573E+01  0.1316128E-01 -0.3407634E-01 -0.3417925E-01  0.1215419E+00
   04  0.5504713E+01  0.1318825E-01 -0.3346128E-01 -0.3358879E-01  0.1215689E+00
   04  0.5511854E+01  0.1309386E-01 -0.3255292E-01 -0.3269404E-01  0.1214745E+00
   04  0.5518995E+01  0.1289463E-01 -0.3138918E-01 -0.3153177E-01  0.1212752E+00
   04  0.5526135E+01  0.1261356E-01 -0.3003071E-01 -0.3016549E-01  0.1209942E+00
   04  0.5531491E+01  0.1236278E-01 -0.2893174E-01 -0.2905609E-01  0.1207434E+00
   04  0.5536846E+01  0.1209544E-01 -0.2780462E-01 -0.2791687E-01  0.1204761E+00
   04  0.5542202E+01  0.1182266E-01 -0.2668083E-01 -0.2678059E-01  0.1202033E+00
   04  0.5547557E+01  0.1155389E-01 -0.2558732E-01 -0.2567511E-01  0.1199345E+00
   04  0.5552913E+01  0.1129645E-01 -0.2454513E-01 -0.2462213E-01  0.1196771E+00
   04  0.5558268E+01  0.1105533E-01 -0.2356891E-01 -0.2363664E-01  0.1194359E+00
   04  0.5563624E+01  0.1083332E-01 -0.2266691E-01 -0.2272693E-01  0.1192139E+00
   04  0.5568979E+01  0.1063126E-01 -0.2184176E-01 -0.2189548E-01  0.1190119E+00
   04  0.5574334E+01  0.1044836E-01 -0.2109133E-01 -0.2113987E-01  0.1188290E+00
   04  0.5579690E+01  0.1028258E-01 -0.2040977E-01 -0.2045397E-01  0.1186632E+00
   04  0.5585045E+01  0.1013114E-01 -0.1978890E-01 -0.1982925E-01  0.1185118E+00
   04  0.5590401E+01  0.9990864E-02 -0.1921931E-01 -0.1925598E-01  0.1183715E+00
   04  0.5596756E+01  0.9833729E-02 -0.1858894E-01 -0.1862119E-01  0.1182143E+00
   04  0.5603112E+01  0.9683524E-02 -0.1800404E-01 -0.1803159E-01  0.1180641E+00
   04  0.5609467E+01  0.9536276E-02 -0.1745165E-01 -0.1747413E-01  0.1179169E+00
   04  0.5615823E+01  0.9389191E-02 -0.1692186E-01 -0.1693892E-01  0.1177698E+00
   04  0.5622178E+01  0.9240752E-02 -0.1640807E-01 -0.1641953E-01  0.1176214E+00
   04  0.5628534E+01  0.9090661E-02 -0.1590691E-01 -0.1591282E-01  0.1174713E+00
   04  0.5634889E+01  0.8939668E-02 -0.1541778E-01 -0.1541848E-01  0.1173203E+00
   04  0.5641245E+01  0.8789321E-02 -0.1494233E-01 -0.1493841E-01  0.1171699E+00
   04  0.5647600E+01  0.8641689E-02 -0.1448369E-01 -0.1447601E-01  0.1170223E+00
   04  0.5653956E+01  0.8499083E-02 -0.1404589E-01 -0.1403546E-01  0.1168797E+00
   04  0.5660311E+01  0.8363805E-02 -0.1363317E-01 -0.1362112E-01  0.1167444E+00
   04  0.5666667E+01  0.8237944E-02 -0.1324952E-01 -0.1323701E-01  0.1166186E+00
   04  0.5673807E+01  0.8109233E-02 -0.1285170E-01 -0.1283989E-01  0.1164899E+00
   04  0.5680947E+01  0.7996180E-02 -0.1249827E-01 -0.1248836E-01  0.1163768E+00
   04  0.5688088E+01  0.7899731E-02 -0.1219077E-01 -0.1218366E-01  0.1162803E+00
   04  0.5695228E+01  0.7819973E-02 -0.1192887E-01 -0.1192518E-01  0.1162006E+00
   04  0.5702368E+01  0.7756154E-02 -0.1171043E-01 -0.1171045E-01  0.1161368E+00
   04  0.5709508E+01  0.7706766E-02 -0.1153167E-01 -0.1153539E-01  0.1160874E+00
   04  0.5716649E+01  0.7669658E-02 -0.1138745E-01 -0.1139461E-01  0.1160503E+00
   04  0.5723789E+01  0.7642187E-02 -0.1127159E-01 -0.1128171E-01  0.1160228E+00
   04  0.5730929E+01  0.7621386E-02 -0.1117725E-01 -0.1118971E-01  0.1160020E+00
   04  0.5738070E+01  0.7604155E-02 -0.1109732E-01 -0.1111143E-01  0.1159848E+00
   04  0.5745210E+01  0.7587414E-02 -0.1102477E-01 -0.1103978E-01  0.1159680E+00
   04  0.5752350E+01  0.7568285E-02 -0.1095297E-01 -0.1096819E-01  0.1159489E+00
   04  0.5759491E+01  0.7544208E-02 -0.1087603E-01 -0.1089081E-01  0.1159248E+00
   04  0.5766631E+01  0.7513000E-02 -0.1078876E-01 -0.1080255E-01  0.1158936E+00
   04  0.5773771E+01  0.7473002E-02 -0.1068723E-01 -0.1069961E-01  0.1158536E+00
   04  0.5780911E+01  0.7422949E-02 -0.1056832E-01 -0.1057895E-01  0.1158036E+00
   04  0.5788052E+01  0.7362002E-02 -0.1042971E-01 -0.1043850E-01  0.1157426E+00
   04  0.5795192E+01  0.7289864E-02 -0.1027082E-01 -0.1027765E-01  0.1156705E+00
   04  0.5799476E+01  0.7240732E-02 -0.1017336E-01 -0.1017892E-01  0.1156214E+00
   04  0.5803761E+01  0.7187609E-02 -0.1006749E-01 -0.1007179E-01  0.1155682E+00
   04  0.5808045E+01  0.7130649E-02 -0.9953590E-02 -0.9956833E-02  0.1155113E+00
   04  0.5812329E+01  0.7070015E-02 -0.9832249E-02 -0.9834369E-02  0.1154506E+00
   04  0.5816613E+01  0.7005880E-02 -0.9703453E-02 -0.9704424E-02  0.1153865E+00
   04  0.5820183E+01  0.6949926E-02 -0.9592344E-02 -0.9592369E-02  0.1153305E+00
   04  0.5823753E+01  0.6891996E-02 -0.9476624E-02 -0.9475780E-02  0.1152726E+00
   04  0.5827324E+01  0.6832362E-02 -0.9356883E-02 -0.9355255E-02  0.1152130E+00
   04  0.5832679E+01  0.6740162E-02 -0.9164320E-02 -0.9161679E-02  0.1151208E+00
   04  0.5838034E+01  0.6645451E-02 -0.8966483E-02 -0.8963057E-02  0.1150261E+00
   04  0.5842318E+01  0.6568664E-02 -0.8806835E-02 -0.8802413E-02  0.1149493E+00
   04  0.5846603E+01  0.6491595E-02 -0.8644520E-02 -0.8639308E-02  0.1148722E+00
   04  0.5850887E+01  0.6414604E-02 -0.8481577E-02 -0.8476093E-02  0.1147952E+00
   04  0.5855171E+01  0.6338278E-02 -0.8319984E-02 -0.8314350E-02  0.1147189E+00
   04  0.5859455E+01  0.6262188E-02 -0.8160817E-02 -0.8155127E-02  0.1146428E+00
   04  0.5863025E+01  0.6199464E-02 -0.8030804E-02 -0.8024905E-02  0.1145801E+00
   04  0.5866596E+01  0.6137389E-02 -0.7901307E-02 -0.7895333E-02  0.1145180E+00
   04  0.5870166E+01  0.6076370E-02 -0.7773566E-02 -0.7767827E-02  0.1144570E+00
   04  0.5873736E+01  0.6017141E-02 -0.7650400E-02 -0.7644677E-02  0.1143978E+00
   04  0.5877306E+01  0.5960630E-02 -0.7535603E-02 -0.7530277E-02  0.1143412E+00
   04  0.5880876E+01  0.5907561E-02 -0.7417248E-02 -0.7412387E-02  0.1142882E+00
   04  0.5886231E+01  0.5866876E-02 -0.7269776E-02 -0.7266485E-02  0.1142475E+00
   04  0.5891587E+01  0.5834705E-02 -0.7121400E-02 -0.7117224E-02  0.1142153E+00
   04  0.5896942E+01  0.5765371E-02 -0.6976165E-02 -0.7006931E-02  0.1141460E+00
   04  0.5902297E+01  0.5706092E-02 -0.6819033E-02 -0.6843635E-02  0.1140867E+00
   04  0.5907653E+01  0.5671671E-02 -0.6646622E-02 -0.6664353E-02  0.1140523E+00
   04  0.5913008E+01  0.5843132E-02 -0.6247567E-02 -0.6251890E-02  0.1142238E+00
   04  0.5918363E+01  0.6280167E-02 -0.5494846E-02 -0.5497365E-02  0.1146608E+00
   04  0.5923718E+01  0.7080176E-02 -0.4591715E-02 -0.4591197E-02  0.1154608E+00
   04  0.5930075E+01  0.8050119E-02 -0.3250985E-02 -0.3233925E-02  0.1164307E+00
   04  0.5936432E+01  0.9178528E-02 -0.1720322E-02 -0.1697514E-02  0.1175591E+00
   04  0.5942789E+01  0.1075645E-01  0.2146004E-03  0.2469861E-03  0.1191371E+00
   04  0.5949146E+01  0.1368389E-01  0.3495823E-02  0.3555161E-02  0.1220645E+00
   04  0.5955502E+01  0.1787580E-01  0.8094881E-02  0.8181364E-02  0.1262564E+00
   04  0.5961859E+01  0.2350057E-01  0.1403670E-01  0.1416147E-01  0.1318812E+00
   04  0.5968216E+01  0.2984758E-01  0.2070627E-01  0.2083493E-01  0.1382282E+00
   04  0.5974573E+01  0.3726172E-01  0.2832327E-01  0.2863223E-01  0.1456423E+00
   04  0.5980930E+01  0.4541285E-01  0.3641656E-01  0.3669303E-01  0.1537935E+00
   04  0.5987286E+01  0.5408437E-01  0.4450126E-01  0.4479925E-01  0.1624650E+00
   04  0.5993643E+01  0.6370706E-01  0.5305411E-01  0.5344059E-01  0.1720877E+00
   04  0.6000000E+01  0.7411340E-01  0.6177645E-01  0.6239823E-01  0.1824940E+00
   04  0.6007140E+01  0.8562068E-01  0.7142153E-01  0.7252916E-01  0.1940013E+00
   04  0.6014281E+01  0.9827422E-01  0.8154920E-01  0.8296659E-01  0.2066548E+00
   04  0.6021421E+01  0.1117446E+00  0.9170279E-01  0.9352065E-01  0.2201252E+00
   04  0.6028561E+01  0.1259440E+00  0.1015671E+00  0.1039461E+00  0.2343246E+00
   04  0.6035701E+01  0.1405546E+00  0.1108597E+00  0.1139172E+00  0.2489352E+00
   04  0.6042842E+01  0.1552484E+00  0.1192309E+00  0.1229625E+00  0.2636290E+00
   04  0.6049982E+01  0.1674403E+00  0.1253359E+00  0.1297146E+00  0.2758209E+00
   04  0.6057122E+01  0.1792103E+00  0.1301763E+00  0.1353628E+00  0.2875909E+00
   04  0.6064263E+01  0.1905485E+00  0.1337138E+00  0.1397257E+00  0.2989292E+00
   04  0.6071403E+01  0.2006500E+00  0.1352099E+00  0.1420045E+00  0.3090306E+00
   04  0.6078543E+01  0.2090112E+00  0.1345047E+00  0.1419009E+00  0.3173918E+00
   04  0.6085683E+01  0.2163711E+00  0.1322554E+00  0.1402637E+00  0.3247517E+00
   04  0.6092824E+01  0.2229727E+00  0.1291384E+00  0.1376569E+00  0.3313533E+00
   04  0.6099964E+01  0.2290203E+00  0.1251759E+00  0.1340925E+00  0.3374009E+00
   04  0.6107104E+01  0.2355469E+00  0.1206835E+00  0.1299621E+00  0.3439276E+00
   04  0.6114244E+01  0.2413254E+00  0.1151869E+00  0.1246625E+00  0.3497060E+00
   04  0.6121385E+01  0.2463470E+00  0.1087245E+00  0.1182399E+00  0.3547277E+00
   04  0.6128525E+01  0.2507365E+00  0.1014723E+00  0.1108925E+00  0.3591172E+00
   04  0.6135665E+01  0.2546128E+00  0.9358564E-01  0.1027976E+00  0.3629934E+00
   04  0.6142805E+01  0.2580760E+00  0.8519280E-01  0.9410783E-01  0.3664566E+00
   04  0.6149946E+01  0.2611202E+00  0.7636813E-01  0.8499120E-01  0.3695008E+00
   04  0.6157086E+01  0.2635781E+00  0.6695821E-01  0.7519269E-01  0.3719587E+00
   04  0.6164226E+01  0.2654759E+00  0.5705708E-01  0.6481674E-01  0.3738566E+00
   04  0.6171366E+01  0.2668309E+00  0.4675126E-01  0.5396120E-01  0.3752116E+00
   04  0.6178506E+01  0.2676566E+00  0.3612669E-01  0.4272806E-01  0.3760372E+00
   04  0.6185646E+01  0.2683506E+00  0.2555236E-01  0.3153739E-01  0.3767312E+00
   04  0.6192787E+01  0.2689435E+00  0.1507199E-01  0.2040033E-01  0.3773241E+00
   04  0.6199927E+01  0.2694424E+00  0.4838505E-02  0.9382367E-02  0.3778230E+00
   04  0.6207067E+01  0.2698008E+00 -0.5227736E-02 -0.1280686E-02  0.3781814E+00
   04  0.6214207E+01  0.2699719E+00 -0.1518881E-01 -0.1165916E-01  0.3783526E+00
   04  0.6221347E+01  0.2699183E+00 -0.2498664E-01 -0.2167540E-01  0.3782989E+00
   04  0.6228487E+01  0.2696193E+00 -0.3455743E-01 -0.3147013E-01  0.3779999E+00
   04  0.6235627E+01  0.2690101E+00 -0.4383389E-01 -0.4097022E-01  0.3773907E+00
   04  0.6242768E+01  0.2679860E+00 -0.5263554E-01 -0.5012516E-01  0.3763666E+00
   04  0.6249908E+01  0.2664565E+00 -0.6089896E-01 -0.5875620E-01  0.3748371E+00
   04  0.6257048E+01  0.2644240E+00 -0.6859177E-01 -0.6679101E-01  0.3728046E+00
   04  0.6263405E+01  0.2621974E+00 -0.7493321E-01 -0.7341023E-01  0.3705780E+00
   04  0.6269762E+01  0.2596143E+00 -0.8079465E-01 -0.7951433E-01  0.3679949E+00
   04  0.6276119E+01  0.2566870E+00 -0.8616288E-01 -0.8508526E-01  0.3650676E+00
   04  0.6282476E+01  0.2534132E+00 -0.9100767E-01 -0.9011048E-01  0.3617938E+00
   04  0.6288834E+01  0.2498190E+00 -0.9535669E-01 -0.9460300E-01  0.3581997E+00
   04  0.6295191E+01  0.2459371E+00 -0.9922214E-01 -0.9856511E-01  0.3543177E+00
   04  0.6301548E+01  0.2418085E+00 -0.1026091E+00 -0.1019946E+00  0.3501891E+00
   04  0.6307905E+01  0.2374686E+00 -0.1055165E+00 -0.1049026E+00  0.3458492E+00
   04  0.6314262E+01  0.2328354E+00 -0.1078702E+00 -0.1072233E+00  0.3412160E+00
   04  0.6320619E+01  0.2281671E+00 -0.1098282E+00 -0.1091315E+00  0.3365477E+00
   04  0.6326976E+01  0.2231764E+00 -0.1114092E+00 -0.1106030E+00  0.3315570E+00
   04  0.6333333E+01  0.2180157E+00 -0.1126167E+00 -0.1118535E+00  0.3263963E+00
   04  0.6340473E+01  0.2120676E+00 -0.1136613E+00 -0.1129876E+00  0.3204482E+00
   04  0.6347613E+01  0.2055834E+00 -0.1142234E+00 -0.1135508E+00  0.3139640E+00
   04  0.6354753E+01  0.1986008E+00 -0.1141027E+00 -0.1133905E+00  0.3069815E+00
   04  0.6361893E+01  0.1915285E+00 -0.1135727E+00 -0.1126616E+00  0.2999091E+00
   04  0.6369033E+01  0.1843192E+00 -0.1124682E+00 -0.1113471E+00  0.2926998E+00
   04  0.6376173E+01  0.1769839E+00 -0.1107322E+00 -0.1094504E+00  0.2853646E+00
   04  0.6383313E+01  0.1695390E+00 -0.1083698E+00 -0.1069797E+00  0.2779196E+00
   04  0.6390453E+01  0.1627342E+00 -0.1057248E+00 -0.1039874E+00  0.2711148E+00
   04  0.6397593E+01  0.1560269E+00 -0.1022035E+00 -0.1004256E+00  0.2644075E+00
   04  0.6404733E+01  0.1491192E+00 -0.9792656E-01 -0.9614203E-01  0.2574998E+00
   04  0.6411873E+01  0.1422050E+00 -0.9295479E-01 -0.9114040E-01  0.2505856E+00
   04  0.6419013E+01  0.1353731E+00 -0.8732832E-01 -0.8544848E-01  0.2437537E+00
   04  0.6426153E+01  0.1287261E+00 -0.8110397E-01 -0.7913325E-01  0.2371068E+00
   04  0.6433293E+01  0.1223776E+00 -0.7435388E-01 -0.7226244E-01  0.2307582E+00
   04  0.6440432E+01  0.1164030E+00 -0.6713148E-01 -0.6489106E-01  0.2247836E+00
   04  0.6447572E+01  0.1109349E+00 -0.5960500E-01 -0.5718679E-01  0.2193155E+00
   04  0.6454712E+01  0.1060844E+00 -0.5186657E-01 -0.4926780E-01  0.2144650E+00
   04  0.6461852E+01  0.1020246E+00 -0.4421968E-01 -0.4131286E-01  0.2104052E+00
   04  0.6468992E+01  0.9891002E-01 -0.3710454E-01 -0.3396422E-01  0.2072906E+00
   04  0.6476132E+01  0.9659457E-01 -0.3091379E-01 -0.2768572E-01  0.2049752E+00
   04  0.6483272E+01  0.9494458E-01 -0.2580710E-01 -0.2252192E-01  0.2033252E+00
   04  0.6490411E+01  0.9380654E-01 -0.2140879E-01 -0.1806228E-01  0.2021872E+00
   04  0.6497551E+01  0.9305100E-01 -0.1744414E-01 -0.1401697E-01  0.2014316E+00
   04  0.6504691E+01  0.9263786E-01 -0.1381116E-01 -0.1029620E-01  0.2010185E+00
   04  0.6511831E+01  0.9264752E-01 -0.1045784E-01 -0.6897072E-02  0.2010281E+00
   04  0.6518971E+01  0.9301502E-01 -0.7356538E-02 -0.3785398E-02  0.2013956E+00
   04  0.6526110E+01  0.9370935E-01 -0.4505920E-02 -0.9089020E-03  0.2020900E+00
   04  0.6533250E+01  0.9461376E-01 -0.1888464E-02  0.1694434E-02  0.2029944E+00
   04  0.6540390E+01  0.9565154E-01  0.4820320E-03  0.4017170E-02  0.2040322E+00
   04  0.6547530E+01  0.9697450E-01  0.2559421E-02  0.6021425E-02  0.2053551E+00
   04  0.6554669E+01  0.9840822E-01  0.4329849E-02  0.7857849E-02  0.2067888E+00
   04  0.6561809E+01  0.1000525E+00  0.5887192E-02  0.9505526E-02  0.2084331E+00
   04  0.6568949E+01  0.1018187E+00  0.7226809E-02  0.1084532E-01  0.2101993E+00
   04  0.6576089E+01  0.1035614E+00  0.8230929E-02  0.1175808E-01  0.2119420E+00
   04  0.6583229E+01  0.1052455E+00  0.8815683E-02  0.1226359E-01  0.2136261E+00
   04  0.6590368E+01  0.1069226E+00  0.9115515E-02  0.1244225E-01  0.2153032E+00
   04  0.6596727E+01  0.1083704E+00  0.9191885E-02  0.1235926E-01  0.2167511E+00
   04  0.6603085E+01  0.1097702E+00  0.8959928E-02  0.1198341E-01  0.2181508E+00
   04  0.6609443E+01  0.1110642E+00  0.8423550E-02  0.1132013E-01  0.2194448E+00
   04  0.6615801E+01  0.1122355E+00  0.7604700E-02  0.1038442E-01  0.2206162E+00
   04  0.6622159E+01  0.1132726E+00  0.6519165E-02  0.9191844E-02  0.2216532E+00
   04  0.6628517E+01  0.1141693E+00  0.5182466E-02  0.7758084E-02  0.2225499E+00
   04  0.6634876E+01  0.1149331E+00  0.3602542E-02  0.6087638E-02  0.2233137E+00
   04  0.6641234E+01  0.1155604E+00  0.1814770E-02  0.4200942E-02  0.2239410E+00
   04  0.6647592E+01  0.1160282E+00 -0.1562357E-03  0.2122899E-02  0.2244088E+00
   04  0.6653950E+01  0.1162612E+00 -0.2252090E-02 -0.9265776E-04  0.2246418E+00
   04  0.6660308E+01  0.1162042E+00 -0.4397433E-02 -0.2375986E-02  0.2245848E+00
   04  0.6666667E+01  0.1158796E+00 -0.6583129E-02 -0.4675389E-02  0.2242602E+00
   04  0.6673806E+01  0.1152645E+00 -0.9059404E-02 -0.7271383E-02  0.2236451E+00
   04  0.6680945E+01  0.1144036E+00 -0.1150448E-01 -0.9834665E-02  0.2227842E+00
   04  0.6688085E+01  0.1133091E+00 -0.1390603E-01 -0.1236427E-01  0.2216897E+00
   04  0.6695224E+01  0.1119971E+00 -0.1624556E-01 -0.1483312E-01  0.2203778E+00
   04  0.6702364E+01  0.1104699E+00 -0.1850152E-01 -0.1721131E-01  0.2188505E+00
   04  0.6709503E+01  0.1087343E+00 -0.2065622E-01 -0.1947877E-01  0.2171149E+00
   04  0.6716642E+01  0.1068020E+00 -0.2269127E-01 -0.2162073E-01  0.2151826E+00
   04  0.6723782E+01  0.1046837E+00 -0.2459407E-01 -0.2362484E-01  0.2130643E+00
   04  0.6730921E+01  0.1023937E+00 -0.2634523E-01 -0.2548799E-01  0.2107743E+00
   04  0.6738060E+01  0.9983146E-01 -0.2777264E-01 -0.2716399E-01  0.2082121E+00
   04  0.6745200E+01  0.9701855E-01 -0.2906338E-01 -0.2866125E-01  0.2053992E+00
   04  0.6752339E+01  0.9386803E-01 -0.3011517E-01 -0.2981690E-01  0.2022486E+00
   04  0.6759479E+01  0.9096085E-01 -0.3117298E-01 -0.3107685E-01  0.1993415E+00
   04  0.6766618E+01  0.8793802E-01 -0.3207052E-01 -0.3216837E-01  0.1963186E+00
   04  0.6773757E+01  0.8478824E-01 -0.3279054E-01 -0.3307180E-01  0.1931689E+00
   04  0.6780897E+01  0.8150197E-01 -0.3334999E-01 -0.3373231E-01  0.1898826E+00
   04  0.6788036E+01  0.7809780E-01 -0.3373766E-01 -0.3414061E-01  0.1864784E+00
   04  0.6795176E+01  0.7456449E-01 -0.3389376E-01 -0.3428989E-01  0.1829451E+00
   04  0.6802315E+01  0.7088311E-01 -0.3369578E-01 -0.3410192E-01  0.1792637E+00
   04  0.6809454E+01  0.6705577E-01 -0.3311927E-01 -0.3354795E-01  0.1754364E+00
   04  0.6816593E+01  0.6309251E-01 -0.3212954E-01 -0.3263533E-01  0.1714731E+00
   04  0.6823733E+01  0.5908736E-01 -0.3081394E-01 -0.3139549E-01  0.1674680E+00
   04  0.6830872E+01  0.5511787E-01 -0.2929506E-01 -0.2995707E-01  0.1634985E+00
   04  0.6838011E+01  0.5122161E-01 -0.2774946E-01 -0.2846824E-01  0.1596022E+00
   04  0.6845151E+01  0.4742061E-01 -0.2631423E-01 -0.2705299E-01  0.1558012E+00
   04  0.6852290E+01  0.4371297E-01 -0.2504248E-01 -0.2576623E-01  0.1520936E+00
   04  0.6859429E+01  0.4008925E-01 -0.2388666E-01 -0.2457126E-01  0.1484699E+00
   04  0.6866569E+01  0.3653151E-01 -0.2276869E-01 -0.2340094E-01  0.1449121E+00
   04  0.6873708E+01  0.3301760E-01 -0.2162112E-01 -0.2219097E-01  0.1413982E+00
   04  0.6880847E+01  0.2950484E-01 -0.2038157E-01 -0.2089235E-01  0.1378855E+00
   04  0.6887986E+01  0.2661256E-01 -0.1916538E-01 -0.1962348E-01  0.1349932E+00
   04  0.6895126E+01  0.2382488E-01 -0.1787121E-01 -0.1826363E-01  0.1322055E+00
   04  0.6902265E+01  0.2115471E-01 -0.1649465E-01 -0.1681997E-01  0.1295353E+00
   04  0.6909404E+01  0.1858583E-01 -0.1501947E-01 -0.1527726E-01  0.1269665E+00
   04  0.6916544E+01  0.1607657E-01 -0.1336174E-01 -0.1358557E-01  0.1244572E+00
   04  0.6923683E+01  0.1371341E-01 -0.1120059E-01 -0.1172568E-01  0.1220940E+00
   04  0.6930043E+01  0.1187031E-01 -0.9660723E-02 -0.1000454E-01  0.1202509E+00
   04  0.6936402E+01  0.1030809E-01 -0.8029228E-02 -0.8169201E-02  0.1186887E+00
   04  0.6942762E+01  0.9064827E-02 -0.6530165E-02 -0.6670818E-02  0.1174454E+00
   04  0.6949122E+01  0.8114300E-02 -0.5219744E-02 -0.5323212E-02  0.1164949E+00
   04  0.6955482E+01  0.7457675E-02 -0.4288809E-02 -0.4347196E-02  0.1158383E+00
   04  0.6961841E+01  0.7003693E-02 -0.3749586E-02 -0.3766966E-02  0.1153843E+00
   04  0.6968201E+01  0.6660502E-02 -0.3417860E-02 -0.3407003E-02  0.1150411E+00
   04  0.6974561E+01  0.6386208E-02 -0.3185701E-02 -0.3150697E-02  0.1147668E+00
   04  0.6980921E+01  0.6162769E-02 -0.3000585E-02 -0.2951440E-02  0.1145434E+00
   04  0.6987280E+01  0.5988312E-02 -0.2852100E-02 -0.2791242E-02  0.1143689E+00
   04  0.6993640E+01  0.5857494E-02 -0.2727871E-02 -0.2656683E-02  0.1142381E+00
   04  0.7000000E+01  0.5773265E-02 -0.2623656E-02 -0.2541294E-02  0.1141539E+00
   04  0.7007139E+01  0.5733570E-02 -0.2519987E-02 -0.2426480E-02  0.1141142E+00
   04  0.7014278E+01  0.5741421E-02 -0.2423785E-02 -0.2319812E-02  0.1141220E+00
   04  0.7021416E+01  0.5793786E-02 -0.2328858E-02 -0.2215377E-02  0.1141744E+00
   04  0.7028555E+01  0.5888731E-02 -0.2230334E-02 -0.2108264E-02  0.1142693E+00
   04  0.7035694E+01  0.6024313E-02 -0.2123193E-02 -0.1993614E-02  0.1144049E+00
   04  0.7042833E+01  0.6200229E-02 -0.2003808E-02 -0.1870613E-02  0.1145808E+00
   04  0.7049971E+01  0.6416391E-02 -0.1869274E-02 -0.1739912E-02  0.1147970E+00
   04  0.7057110E+01  0.6672684E-02 -0.1722517E-02 -0.1598011E-02  0.1150533E+00
   04  0.7064249E+01  0.6966159E-02 -0.1562400E-02 -0.1442713E-02  0.1153468E+00
   04  0.7071388E+01  0.7295670E-02 -0.1386991E-02 -0.1269102E-02  0.1156763E+00
   04  0.7078527E+01  0.7681140E-02 -0.1214760E-02 -0.1084880E-02  0.1160618E+00
   04  0.7085665E+01  0.8129270E-02 -0.1045401E-02 -0.8986803E-03  0.1165099E+00
   04  0.7092804E+01  0.8618120E-02 -0.8474431E-03 -0.6962199E-03  0.1169987E+00
   04  0.7099943E+01  0.9150971E-02 -0.6249621E-03 -0.4677529E-03  0.1175316E+00
   04  0.7107082E+01  0.9718414E-02 -0.3621065E-03 -0.2097545E-03  0.1180990E+00
   04  0.7114220E+01  0.1032137E-01 -0.5635135E-04  0.7871720E-04  0.1187020E+00
   04  0.7121359E+01  0.1097712E-01  0.3053635E-03  0.4342086E-03  0.1193577E+00
   04  0.7128498E+01  0.1187326E-01  0.8355477E-03  0.9346682E-03  0.1202539E+00
   04  0.7135637E+01  0.1302294E-01  0.1531987E-02  0.1598200E-02  0.1214036E+00
   04  0.7142775E+01  0.1449705E-01  0.2327072E-02  0.2354796E-02  0.1228777E+00
   04  0.7149914E+01  0.1625858E-01  0.3195894E-02  0.3170971E-02  0.1246392E+00
   04  0.7157052E+01  0.1822464E-01  0.4098651E-02  0.4076075E-02  0.1266053E+00
   04  0.7164191E+01  0.2036214E-01  0.5101839E-02  0.4950715E-02  0.1287428E+00
   04  0.7171329E+01  0.2263843E-01  0.6166982E-02  0.5885483E-02  0.1310190E+00
   04  0.7178468E+01  0.2505222E-01  0.7271359E-02  0.6868688E-02  0.1334328E+00
   04  0.7185606E+01  0.2759037E-01  0.8401959E-02  0.7861110E-02  0.1359710E+00
   04  0.7192745E+01  0.3020331E-01  0.9558244E-02  0.8866356E-02  0.1385839E+00
   04  0.7199883E+01  0.3276562E-01  0.1067406E-01  0.9903997E-02  0.1411462E+00
   04  0.7207022E+01  0.3533559E-01  0.1188065E-01  0.1086099E-01  0.1437162E+00
   04  0.7214160E+01  0.3790450E-01  0.1318098E-01  0.1178297E-01  0.1462851E+00
   04  0.7221299E+01  0.4053443E-01  0.1438142E-01  0.1259243E-01  0.1489151E+00
   04  0.7228438E+01  0.4319854E-01  0.1540143E-01  0.1331252E-01  0.1515792E+00
   04  0.7235576E+01  0.4592837E-01  0.1627432E-01  0.1391392E-01  0.1543090E+00
   04  0.7242715E+01  0.4865827E-01  0.1706483E-01  0.1441606E-01  0.1570389E+00
   04  0.7249853E+01  0.5138657E-01  0.1780702E-01  0.1482234E-01  0.1597672E+00
   04  0.7256992E+01  0.5415018E-01  0.1850529E-01  0.1520572E-01  0.1625308E+00
   04  0.7263354E+01  0.5666073E-01  0.1911523E-01  0.1549003E-01  0.1650413E+00
   04  0.7269715E+01  0.5924285E-01  0.1978838E-01  0.1574976E-01  0.1676235E+00
   04  0.7276077E+01  0.6184968E-01  0.2054459E-01  0.1600402E-01  0.1702303E+00
   04  0.7282439E+01  0.6448818E-01  0.2136307E-01  0.1630154E-01  0.1728688E+00
   04  0.7288801E+01  0.6723872E-01  0.2227977E-01  0.1667311E-01  0.1756193E+00
   04  0.7295163E+01  0.7010885E-01  0.2333712E-01  0.1714711E-01  0.1784895E+00
   04  0.7301524E+01  0.7314262E-01  0.2453205E-01  0.1767937E-01  0.1815232E+00
   04  0.7307886E+01  0.7629804E-01  0.2592666E-01  0.1837256E-01  0.1846787E+00
   04  0.7314248E+01  0.7964621E-01  0.2738357E-01  0.1918736E-01  0.1880268E+00
   04  0.7320610E+01  0.8319994E-01  0.2896643E-01  0.2014174E-01  0.1915806E+00
   04  0.7326972E+01  0.8698539E-01  0.3069935E-01  0.2123087E-01  0.1953660E+00
   04  0.7333333E+01  0.9100754E-01  0.3259568E-01  0.2245475E-01  0.1993882E+00
   04  0.7340470E+01  0.9580479E-01  0.3495466E-01  0.2400778E-01  0.2041854E+00
   04  0.7347607E+01  0.1009265E+00  0.3752275E-01  0.2568063E-01  0.2093071E+00
   04  0.7354744E+01  0.1063642E+00  0.4026382E-01  0.2787195E-01  0.2147448E+00
   04  0.7361881E+01  0.1122184E+00  0.4314016E-01  0.2968395E-01  0.2205990E+00
   04  0.7369018E+01  0.1183309E+00  0.4612342E-01  0.3202350E-01  0.2267115E+00
   04  0.7376155E+01  0.1247593E+00  0.4918485E-01  0.3435262E-01  0.2331399E+00
   04  0.7383292E+01  0.1313472E+00  0.5221828E-01  0.3686931E-01  0.2397278E+00
   04  0.7390429E+01  0.1381865E+00  0.5526433E-01  0.3932763E-01  0.2465671E+00
   04  0.7397566E+01  0.1450683E+00  0.5839326E-01  0.4161362E-01  0.2534489E+00
   04  0.7404702E+01  0.1520691E+00  0.6126211E-01  0.4366984E-01  0.2604497E+00
   04  0.7411839E+01  0.1591695E+00  0.6377741E-01  0.4549543E-01  0.2675501E+00
   04  0.7418976E+01  0.1662418E+00  0.6601484E-01  0.4702039E-01  0.2746224E+00
   04  0.7426113E+01  0.1732231E+00  0.6791959E-01  0.4812038E-01  0.2816038E+00
   04  0.7433250E+01  0.1800768E+00  0.6942711E-01  0.4895839E-01  0.2884574E+00
   04  0.7440387E+01  0.1866346E+00  0.7044165E-01  0.4932738E-01  0.2950152E+00
   04  0.7447524E+01  0.1928353E+00  0.7098089E-01  0.4935958E-01  0.3012159E+00
   04  0.7454661E+01  0.1987419E+00  0.7097082E-01  0.4907958E-01  0.3071225E+00
   04  0.7461798E+01  0.2041388E+00  0.7040981E-01  0.4831191E-01  0.3125194E+00
   04  0.7468934E+01  0.2089104E+00  0.6915571E-01  0.4709351E-01  0.3172910E+00
   04  0.7476070E+01  0.2131395E+00  0.6739269E-01  0.4554792E-01  0.3215201E+00
   04  0.7483206E+01  0.2168673E+00  0.6526619E-01  0.4357875E-01  0.3252479E+00
   04  0.7490341E+01  0.2201100E+00  0.6286332E-01  0.4131303E-01  0.3284906E+00
   04  0.7497477E+01  0.2230317E+00  0.6022014E-01  0.3884399E-01  0.3314123E+00
   04  0.7504613E+01  0.2256521E+00  0.5734857E-01  0.3617375E-01  0.3340327E+00
   04  0.7511749E+01  0.2279594E+00  0.5418554E-01  0.3332997E-01  0.3363400E+00
   04  0.7518885E+01  0.2299445E+00  0.5074223E-01  0.3025219E-01  0.3383251E+00
   04  0.7526021E+01  0.2316019E+00  0.4707543E-01  0.2703105E-01  0.3399825E+00
   04  0.7533157E+01  0.2330436E+00  0.4315925E-01  0.2362524E-01  0.3414243E+00
   04  0.7540293E+01  0.2342010E+00  0.3902118E-01  0.2000444E-01  0.3425816E+00
   04  0.7547429E+01  0.2351938E+00  0.3445485E-01  0.1615100E-01  0.3435744E+00
   04  0.7554565E+01  0.2358011E+00  0.2966943E-01  0.1215855E-01  0.3441817E+00
   04  0.7561701E+01  0.2360430E+00  0.2468632E-01  0.8091782E-02  0.3444236E+00
   04  0.7568837E+01  0.2359251E+00  0.1952380E-01  0.3971367E-02  0.3443057E+00
   04  0.7575973E+01  0.2353982E+00  0.1419831E-01 -0.2449263E-03  0.3437788E+00
   04  0.7583108E+01  0.2344664E+00  0.8736145E-02 -0.4533896E-02  0.3428470E+00
   04  0.7590244E+01  0.2331387E+00  0.3444405E-02 -0.8869344E-02  0.3415194E+00
   04  0.7596613E+01  0.2317014E+00 -0.1298121E-02 -0.1274952E-01  0.3400820E+00
   04  0.7602981E+01  0.2300387E+00 -0.6059323E-02 -0.1663115E-01  0.3384194E+00
   04  0.7609350E+01  0.2281571E+00 -0.1082658E-01 -0.2050042E-01  0.3365377E+00
   04  0.7615718E+01  0.2260617E+00 -0.1558569E-01 -0.2434596E-01  0.3344423E+00
   04  0.7622087E+01  0.2237933E+00 -0.2030220E-01 -0.2811363E-01  0.3321739E+00
   04  0.7628456E+01  0.2213641E+00 -0.2496273E-01 -0.3178075E-01  0.3297447E+00
   04  0.7634824E+01  0.2187824E+00 -0.2954621E-01 -0.3535665E-01  0.3271630E+00
   04  0.7641193E+01  0.2160334E+00 -0.3404774E-01 -0.3881736E-01  0.3244140E+00
   04  0.7647561E+01  0.2131120E+00 -0.3846410E-01 -0.4215176E-01  0.3214926E+00
   04  0.7653930E+01  0.2100148E+00 -0.4278394E-01 -0.4535300E-01  0.3183954E+00
   04  0.7660298E+01  0.2067318E+00 -0.4698135E-01 -0.4841302E-01  0.3151124E+00
   04  0.7666667E+01  0.2032473E+00 -0.5102588E-01 -0.5133232E-01  0.3116280E+00
   04  0.7673798E+01  0.1989943E+00 -0.5538205E-01 -0.5444705E-01  0.3073749E+00
   04  0.7680929E+01  0.1942795E+00 -0.5963740E-01 -0.5736449E-01  0.3026601E+00
   04  0.7688060E+01  0.1890546E+00 -0.6358612E-01 -0.6018898E-01  0.2974352E+00
   04  0.7695191E+01  0.1834159E+00 -0.6729981E-01 -0.6296125E-01  0.2917965E+00
   04  0.7702322E+01  0.1773883E+00 -0.7078357E-01 -0.6553414E-01  0.2857689E+00
   04  0.7709453E+01  0.1709666E+00 -0.7397199E-01 -0.6788485E-01  0.2793473E+00
   04  0.7716583E+01  0.1641559E+00 -0.7680386E-01 -0.6998121E-01  0.2725365E+00
   04  0.7723714E+01  0.1569915E+00 -0.7930207E-01 -0.7178106E-01  0.2653722E+00
   04  0.7730845E+01  0.1495538E+00 -0.8144789E-01 -0.7323889E-01  0.2579345E+00
   04  0.7737976E+01  0.1418594E+00 -0.8327040E-01 -0.7433404E-01  0.2502400E+00
   04  0.7745107E+01  0.1339639E+00 -0.8474568E-01 -0.7515011E-01  0.2423445E+00
   04  0.7752238E+01  0.1260039E+00 -0.8603762E-01 -0.7574285E-01  0.2343846E+00
   04  0.7759369E+01  0.1182040E+00 -0.8532023E-01 -0.7656979E-01  0.2265846E+00
   04  0.7766500E+01  0.1106083E+00 -0.8438096E-01 -0.7552714E-01  0.2189889E+00
   04  0.7773631E+01  0.1029528E+00 -0.8295108E-01 -0.7402856E-01  0.2113334E+00
   04  0.7780762E+01  0.9528218E-01 -0.8100570E-01 -0.7202479E-01  0.2036628E+00
   04  0.7787893E+01  0.8763018E-01 -0.7849123E-01 -0.6951361E-01  0.1960108E+00
   04  0.7795024E+01  0.8010770E-01 -0.7526383E-01 -0.6653526E-01  0.1884883E+00
   04  0.7802153E+01  0.7269231E-01 -0.7138452E-01 -0.6297337E-01  0.1810729E+00
   04  0.7809283E+01  0.6536885E-01 -0.6697673E-01 -0.5876519E-01  0.1737495E+00
   04  0.7816412E+01  0.5823842E-01 -0.6226633E-01 -0.5423671E-01  0.1666190E+00
   04  0.7823541E+01  0.5137558E-01 -0.5747358E-01 -0.4968351E-01  0.1597562E+00
   04  0.7830670E+01  0.4498100E-01 -0.5254352E-01 -0.4557899E-01  0.1533616E+00
   04  0.7837799E+01  0.3912656E-01 -0.4775414E-01 -0.4120111E-01  0.1475072E+00
   04  0.7844928E+01  0.3374754E-01 -0.4283773E-01 -0.3676400E-01  0.1421282E+00
   04  0.7852058E+01  0.2886285E-01 -0.3790745E-01 -0.3244297E-01  0.1372435E+00
   04  0.7859187E+01  0.2445837E-01 -0.3314280E-01 -0.2835269E-01  0.1328390E+00
   04  0.7866316E+01  0.2053584E-01 -0.2865659E-01 -0.2456384E-01  0.1289165E+00
   04  0.7873445E+01  0.1710119E-01 -0.2448889E-01 -0.2104682E-01  0.1254818E+00
   04  0.7880574E+01  0.1396534E-01 -0.2068268E-01 -0.1768043E-01  0.1223460E+00
   04  0.7887703E+01  0.1119982E-01 -0.1707290E-01 -0.1463529E-01  0.1195804E+00
   04  0.7894833E+01  0.9080166E-02 -0.1394049E-01 -0.1204846E-01  0.1174608E+00
   04  0.7901962E+01  0.7461917E-02 -0.1128541E-01 -0.9856854E-02  0.1158425E+00
   04  0.7909091E+01  0.6260842E-02 -0.9158095E-02 -0.8074246E-02  0.1146415E+00
   04  0.7916220E+01  0.5383853E-02 -0.7554551E-02 -0.6700993E-02  0.1137645E+00
   04  0.7923349E+01  0.4726279E-02 -0.6339583E-02 -0.5685122E-02  0.1131069E+00
   04  0.7929737E+01  0.4280508E-02 -0.5532156E-02 -0.5004032E-02  0.1126611E+00
   04  0.7936124E+01  0.3857558E-02 -0.4815609E-02 -0.4391756E-02  0.1122382E+00
   04  0.7942512E+01  0.3485939E-02 -0.4211566E-02 -0.3865547E-02  0.1118666E+00
   04  0.7948900E+01  0.3148253E-02 -0.3701279E-02 -0.3436507E-02  0.1115289E+00
   04  0.7955287E+01  0.2878221E-02 -0.3290094E-02 -0.3072625E-02  0.1112588E+00
   04  0.7961675E+01  0.2683864E-02 -0.2962381E-02 -0.2777116E-02  0.1110645E+00
   04  0.7968062E+01  0.2545629E-02 -0.2706317E-02 -0.2540260E-02  0.1109262E+00
   04  0.7974450E+01  0.2445188E-02 -0.2509379E-02 -0.2355139E-02  0.1108258E+00
   04  0.7980837E+01  0.2366712E-02 -0.2358160E-02 -0.2212362E-02  0.1107473E+00
   04  0.7987225E+01  0.2297809E-02 -0.2235502E-02 -0.2096745E-02  0.1106784E+00
   04  0.7993612E+01  0.2245688E-02 -0.2138205E-02 -0.1999078E-02  0.1106263E+00
