# gauge_id=     2 location=(  0.8687600000E+02  0.1000000000E-02 ) num_var=  4
# level, time, q[  1  2  3], eta, aux[]
   01  0.0000000E+00  0.5970000E+01  0.0000000E+00  0.0000000E+00  0.0000000E+00
   01  0.1600000E-01  0.5970000E+01 -0.4111984E-19 -0.8477044E-16  0.0000000E+00
   01  0.1329653E+00  0.5970000E+01 -0.1653199E-16 -0.6783235E-15  0.0000000E+00
   01  0.2476540E+00  0.5970000E+01 -0.1400772E-15 -0.1011965E-14  0.0000000E+00
   01  0.3333333E+00  0.5970000E+01 -0.2308758E-15 -0.1170242E-14  0.0000000E+00
   01  0.4522257E+00  0.5970000E+01 -0.5084445E-15 -0.1300795E-14  0.0000000E+00
   01  0.5724150E+00  0.5970000E+01 -0.7783097E-15 -0.1361944E-14  0.0000000E+00
   01  0.6666667E+00  0.5970000E+01 -0.8941411E-15 -0.1405116E-14  0.0000000E+00
   01  0.7903854E+00  0.5970000E+01 -0.1125680E-14 -0.1391004E-14  0.0000000E+00
   01  0.9158532E+00  0.5970000E+01 -0.1263055E-14 -0.1435988E-15  0.0000000E+00
   01  0.1000000E+01  0.5970000E+01 -0.1220811E-14  0.2999561E-15  0.0000000E+00
   01  0.1128722E+01  0.5970000E+01 -0.1385423E-14  0.6730401E-15  0.0000000E+00
   01  0.1257366E+01  0.5970000E+01 -0.1456025E-14  0.9700007E-15  0.0000000E+00
   01  0.1333333E+01  0.5970000E+01 -0.1394055E-14  0.1142565E-14  0.0000000E+00
   01  0.1461954E+01  0.5970000E+01 -0.1540421E-14  0.1250502E-14  0.0000000E+00
   01  0.1590570E+01  0.5970000E+01 -0.1610737E-14  0.1308523E-14  0.0000000E+00
   01  0.1666667E+01  0.5970000E+01 -0.1275593E-14  0.1332185E-14  0.0000000E+00
   01  0.1795194E+01  0.5970000E+01 -0.8201255E-15  0.9534352E-15  0.0000000E+00
   01  0.1923729E+01  0.5970000E+01 -0.1015468E-14  0.7301566E-15  0.0000000E+00
   01  0.2000000E+01  0.5970000E+01  0.5764640E-13 -0.3588391E-14  0.6217249E-14
   01  0.2128607E+01  0.5970000E+01  0.7747225E-10 -0.2237906E-11  0.8229861E-11
   01  0.2257190E+01  0.5970000E+01  0.4459630E-08 -0.1794912E-09  0.4810730E-09
   01  0.2333333E+01  0.5970000E+01  0.3584723E-07 -0.2602980E-08  0.4096211E-08
   01  0.2461836E+01  0.5970000E+01  0.3377426E-06 -0.1761197E-07  0.3910453E-07
   01  0.2590356E+01  0.5970000E+01  0.2813747E-05 -0.1866560E-06  0.3253845E-06
   01  0.2666667E+01  0.5970001E+01  0.8986038E-05 -0.5205283E-06  0.1060183E-05
   01  0.2795247E+01  0.5970003E+01  0.2581958E-04 -0.4169791E-05  0.3453923E-05
   02  0.2923808E+01  0.4503289E+01  0.8742514E-04 -0.4483840E-04  0.9427912E-05
   02  0.2961904E+01  0.4503291E+01  0.9566146E-04 -0.4575527E-04  0.1057364E-04
   02  0.3000000E+01  0.4503293E+01  0.1141846E-03 -0.4640140E-04  0.1333958E-04
   02  0.3042839E+01  0.4503300E+01  0.1601420E-03 -0.4726392E-04  0.1957326E-04
   02  0.3085678E+01  0.4503333E+01  0.4504013E-03 -0.4591370E-04  0.5317708E-04
   02  0.3128516E+01  0.4503378E+01  0.8251242E-03 -0.4242846E-04  0.9840479E-04
   02  0.3171360E+01  0.4503432E+01  0.1260683E-02 -0.3756956E-04  0.1524916E-03
   02  0.3214204E+01  0.4503566E+01  0.2415991E-02 -0.3099112E-04  0.2864657E-03
   03  0.3257048E+01  0.4520918E+01  0.1087470E-02 -0.8658108E-04  0.1578330E-03
   03  0.3276119E+01  0.4520925E+01  0.1134270E-02 -0.8385805E-04  0.1649713E-03
   03  0.3295190E+01  0.4520944E+01  0.1259190E-02 -0.8143020E-04  0.1839375E-03
   03  0.3314262E+01  0.4520977E+01  0.1477035E-02 -0.7906595E-04  0.2172599E-03
   03  0.3333333E+01  0.4521028E+01  0.1800950E-02 -0.7648830E-04  0.2675021E-03
   03  0.3354761E+01  0.4521113E+01  0.2354129E-02 -0.7297191E-04  0.3527516E-03
   03  0.3376188E+01  0.4521239E+01  0.3171861E-02 -0.6797014E-04  0.4787608E-03
   03  0.3397615E+01  0.4521429E+01  0.4413823E-02 -0.6040003E-04  0.6693066E-03
   03  0.3419043E+01  0.4521730E+01  0.6394116E-02 -0.4815528E-04  0.9702505E-03
   04  0.3440470E+01  0.4525361E+01  0.9688778E-02 -0.2692612E-04  0.1465716E-02
   04  0.3447612E+01  0.4525516E+01  0.1063650E-01 -0.1513668E-04  0.1620568E-02
   04  0.3454755E+01  0.4525640E+01  0.1137473E-01 -0.6815598E-06  0.1745165E-02
   04  0.3461897E+01  0.4525771E+01  0.1215458E-01  0.1561914E-04  0.1875614E-02
   04  0.3469039E+01  0.4525987E+01  0.1352186E-01  0.3300185E-04  0.2092048E-02
   04  0.3476181E+01  0.4526393E+01  0.1617543E-01  0.5137843E-04  0.2498215E-02
   04  0.3483322E+01  0.4527012E+01  0.2025117E-01  0.7219917E-04  0.3116950E-02
   04  0.3490464E+01  0.4527804E+01  0.2546951E-01  0.9741453E-04  0.3909199E-02
   04  0.3497606E+01  0.4528696E+01  0.3131945E-01  0.1284310E-03  0.4800732E-02
   04  0.3504748E+01  0.4529600E+01  0.3722060E-01  0.1652800E-03  0.5705168E-02
   04  0.3511889E+01  0.4530493E+01  0.4301657E-01  0.2070777E-03  0.6598289E-02
   04  0.3519031E+01  0.4531415E+01  0.4898364E-01  0.2535784E-03  0.7520095E-02
   04  0.3526173E+01  0.4532446E+01  0.5566650E-01  0.3065821E-03  0.8551211E-02
   04  0.3533314E+01  0.4533663E+01  0.6357413E-01  0.3700698E-03  0.9768092E-02
   04  0.3540456E+01  0.4535099E+01  0.7291742E-01  0.4489535E-03  0.1120377E-01
   04  0.3547598E+01  0.4536734E+01  0.8355450E-01  0.5474158E-03  0.1283893E-01
   04  0.3554740E+01  0.4538525E+01  0.9518395E-01  0.6680911E-03  0.1462973E-01
   04  0.3561881E+01  0.4540450E+01  0.1076624E+00  0.8126719E-03  0.1655472E-01
   04  0.3569023E+01  0.4542544E+01  0.1212325E+00  0.9835347E-03  0.1864898E-01
   04  0.3576165E+01  0.4544897E+01  0.1364994E+00  0.1185417E-02  0.2100167E-01
   04  0.3583307E+01  0.4547612E+01  0.1541662E+00  0.1426318E-02  0.2371739E-01
   04  0.3590448E+01  0.4550763E+01  0.1747066E+00  0.1717441E-02  0.2686788E-01
   04  0.3596800E+01  0.4553941E+01  0.1954291E+00  0.2029386E-02  0.3004604E-01
   04  0.3603151E+01  0.4557455E+01  0.2183506E+00  0.2402482E-02  0.3355995E-01
   04  0.3609503E+01  0.4561301E+01  0.2434490E+00  0.2848059E-02  0.3740641E-01
   04  0.3615854E+01  0.4565529E+01  0.2710591E+00  0.3378160E-02  0.4163390E-01
   04  0.3622206E+01  0.4570260E+01  0.3020251E+00  0.4005944E-02  0.4636521E-01
   04  0.3628557E+01  0.4575692E+01  0.3376963E+00  0.4746373E-02  0.5179688E-01
   04  0.3634909E+01  0.4582073E+01  0.3797807E+00  0.5617069E-02  0.5817759E-01
   04  0.3641261E+01  0.4589671E+01  0.4301315E+00  0.6639122E-02  0.6577636E-01
   04  0.3647612E+01  0.4598749E+01  0.4905600E+00  0.7837622E-02  0.7485407E-01
   04  0.3653964E+01  0.4609545E+01  0.5627504E+00  0.9241745E-02  0.8564988E-01
   04  0.3660315E+01  0.4622282E+01  0.6483099E+00  0.1088443E-01  0.9838697E-01
   04  0.3666667E+01  0.4637190E+01  0.7489346E+00  0.1280191E-01  0.1132949E+00
   04  0.3673807E+01  0.4656884E+01  0.8827609E+00  0.1533663E-01  0.1329895E+00
   04  0.3680947E+01  0.4680126E+01  0.1041758E+01  0.1832851E-01  0.1562306E+00
   04  0.3688088E+01  0.4707477E+01  0.1230348E+01  0.2184263E-01  0.1835818E+00
   04  0.3695228E+01  0.4739565E+01  0.1453606E+01  0.2594843E-01  0.2156704E+00
   04  0.3702368E+01  0.4776996E+01  0.1716682E+01  0.3071631E-01  0.2531009E+00
   04  0.3709508E+01  0.4820235E+01  0.2023989E+01  0.3620988E-01  0.2963397E+00
   04  0.3716649E+01  0.4869497E+01  0.2378354E+01  0.4247371E-01  0.3456017E+00
   04  0.3723789E+01  0.4924660E+01  0.2780295E+01  0.4951882E-01  0.4007654E+00
   04  0.3730929E+01  0.4985221E+01  0.3227510E+01  0.5730987E-01  0.4613256E+00
   04  0.3738070E+01  0.5050275E+01  0.3714511E+01  0.6575810E-01  0.5263795E+00
   04  0.3745210E+01  0.5118541E+01  0.4232514E+01  0.7472238E-01  0.5946459E+00
   04  0.3752350E+01  0.5188425E+01  0.4769674E+01  0.8401870E-01  0.6645303E+00
   04  0.3759491E+01  0.5258147E+01  0.5311851E+01  0.9343594E-01  0.7342524E+00
   04  0.3766631E+01  0.5325924E+01  0.5844046E+01  0.1027541E+00  0.8020288E+00
   04  0.3773771E+01  0.5390164E+01  0.6352092E+01  0.1117587E+00  0.8662687E+00
   04  0.3780912E+01  0.5449620E+01  0.6824150E+01  0.1202480E+00  0.9257251E+00
   04  0.3788052E+01  0.5503457E+01  0.7251507E+01  0.1280355E+00  0.9795620E+00
   04  0.3795192E+01  0.5551243E+01  0.7628844E+01  0.1349686E+00  0.1027348E+01
   04  0.3802333E+01  0.5592906E+01  0.7954109E+01  0.1409667E+00  0.1069011E+01
   04  0.3809474E+01  0.5628662E+01  0.8228005E+01  0.1460811E+00  0.1104767E+01
   04  0.3816614E+01  0.5658931E+01  0.8453366E+01  0.1504957E+00  0.1135036E+01
   04  0.3823755E+01  0.5684123E+01  0.8633168E+01  0.1543411E+00  0.1160228E+01
   04  0.3830896E+01  0.5704472E+01  0.8769060E+01  0.1575639E+00  0.1180577E+01
   04  0.3838037E+01  0.5719646E+01  0.8857727E+01  0.1596050E+00  0.1195751E+01
   04  0.3842797E+01  0.5727001E+01  0.8891431E+01  0.1601326E+00  0.1203106E+01
   04  0.3847558E+01  0.5732483E+01  0.8908065E+01  0.1599668E+00  0.1208588E+01
   04  0.3852318E+01  0.5736409E+01  0.8910515E+01  0.1591374E+00  0.1212514E+01
   04  0.3857079E+01  0.5739389E+01  0.8904327E+01  0.1578803E+00  0.1215494E+01
   04  0.3861839E+01  0.5741876E+01  0.8893596E+01  0.1564733E+00  0.1217981E+01
   04  0.3866600E+01  0.5744111E+01  0.8880528E+01  0.1549529E+00  0.1220216E+01
   04  0.3871360E+01  0.5746205E+01  0.8866158E+01  0.1533078E+00  0.1222310E+01
   04  0.3876121E+01  0.5748176E+01  0.8850635E+01  0.1514895E+00  0.1224281E+01
   04  0.3880882E+01  0.5750032E+01  0.8834030E+01  0.1494407E+00  0.1226137E+01
   04  0.3886237E+01  0.5751955E+01  0.8813829E+01  0.1467884E+00  0.1228060E+01
   04  0.3891593E+01  0.5753672E+01  0.8791766E+01  0.1435557E+00  0.1229777E+01
   04  0.3896948E+01  0.5755163E+01  0.8767656E+01  0.1398261E+00  0.1231268E+01
   04  0.3902304E+01  0.5756438E+01  0.8741602E+01  0.1356365E+00  0.1232543E+01
   04  0.3907659E+01  0.5757534E+01  0.8713940E+01  0.1310122E+00  0.1233639E+01
   04  0.3913015E+01  0.5758451E+01  0.8684706E+01  0.1260024E+00  0.1234556E+01
   04  0.3918371E+01  0.5759190E+01  0.8653877E+01  0.1206044E+00  0.1235295E+01
   04  0.3923726E+01  0.5759737E+01  0.8621339E+01  0.1148606E+00  0.1235842E+01
   04  0.3930082E+01  0.5760107E+01  0.8580259E+01  0.1076338E+00  0.1236212E+01
   04  0.3936438E+01  0.5760139E+01  0.8536180E+01  0.1000104E+00  0.1236244E+01
   04  0.3942795E+01  0.5759786E+01  0.8488697E+01  0.9203490E-01  0.1235891E+01
   04  0.3949151E+01  0.5758995E+01  0.8437358E+01  0.8375223E-01  0.1235100E+01
   04  0.3955507E+01  0.5757711E+01  0.8381667E+01  0.7519413E-01  0.1233816E+01
   04  0.3961863E+01  0.5755870E+01  0.8321085E+01  0.6641108E-01  0.1231975E+01
   04  0.3968219E+01  0.5753407E+01  0.8255052E+01  0.5745864E-01  0.1229512E+01
   04  0.3974575E+01  0.5750255E+01  0.8183005E+01  0.4840281E-01  0.1226360E+01
   04  0.3980932E+01  0.5746353E+01  0.8104417E+01  0.3932130E-01  0.1222458E+01
   04  0.3987288E+01  0.5741640E+01  0.8018827E+01  0.3029829E-01  0.1217745E+01
   04  0.3993644E+01  0.5736072E+01  0.7925875E+01  0.2141872E-01  0.1212177E+01
   04  0.4000000E+01  0.5729612E+01  0.7825321E+01  0.1276330E-01  0.1205717E+01
   04  0.4007142E+01  0.5721264E+01  0.7703082E+01  0.3403945E-02  0.1197369E+01
   04  0.4014284E+01  0.5711751E+01  0.7571141E+01 -0.5494829E-02  0.1187856E+01
   04  0.4021426E+01  0.5701083E+01  0.7429727E+01 -0.1385892E-01  0.1177188E+01
   04  0.4028568E+01  0.5689289E+01  0.7279253E+01 -0.2166978E-01  0.1165394E+01
   04  0.4035710E+01  0.5676416E+01  0.7120257E+01 -0.2895820E-01  0.1152521E+01
   04  0.4042852E+01  0.5662518E+01  0.6953350E+01 -0.3572809E-01  0.1138623E+01
   04  0.4049994E+01  0.5647655E+01  0.6779197E+01 -0.4197062E-01  0.1123760E+01
   04  0.4057136E+01  0.5631899E+01  0.6598512E+01 -0.4769376E-01  0.1108004E+01
   04  0.4064278E+01  0.5615330E+01  0.6412039E+01 -0.5289396E-01  0.1091435E+01
   04  0.4071420E+01  0.5598033E+01  0.6220529E+01 -0.5754434E-01  0.1074138E+01
   04  0.4078562E+01  0.5580094E+01  0.6024715E+01 -0.6158901E-01  0.1056199E+01
   04  0.4085704E+01  0.5561598E+01  0.5825294E+01 -0.6496370E-01  0.1037703E+01
   04  0.4092846E+01  0.5542612E+01  0.5622857E+01 -0.6760103E-01  0.1018717E+01
   04  0.4099988E+01  0.5523187E+01  0.5417843E+01 -0.6939837E-01  0.9992923E+00
   04  0.4107130E+01  0.5503342E+01  0.5210469E+01 -0.7038803E-01  0.9794471E+00
   04  0.4114272E+01  0.5483068E+01  0.5000770E+01 -0.7072462E-01  0.9591732E+00
   04  0.4121414E+01  0.5462338E+01  0.4788699E+01 -0.7067020E-01  0.9384425E+00
   04  0.4128556E+01  0.5441125E+01  0.4574223E+01 -0.7046686E-01  0.9172301E+00
   04  0.4135697E+01  0.5419405E+01  0.4357345E+01 -0.7027461E-01  0.8955098E+00
   04  0.4142839E+01  0.5397154E+01  0.4138053E+01 -0.7019428E-01  0.8732593E+00
   04  0.4149980E+01  0.5374348E+01  0.3916353E+01 -0.7032269E-01  0.8504530E+00
   04  0.4157121E+01  0.5350970E+01  0.3692324E+01 -0.7071334E-01  0.8270755E+00
   04  0.4164263E+01  0.5327018E+01  0.3466117E+01 -0.7138251E-01  0.8031226E+00
   04  0.4171404E+01  0.5302496E+01  0.3237929E+01 -0.7232109E-01  0.7786013E+00
   04  0.4178546E+01  0.5277413E+01  0.3007979E+01 -0.7360420E-01  0.7535177E+00
   04  0.4185687E+01  0.5251782E+01  0.2776514E+01 -0.7528880E-01  0.7278869E+00
   04  0.4192828E+01  0.5225626E+01  0.2543834E+01 -0.7738966E-01  0.7017314E+00
   04  0.4199970E+01  0.5198980E+01  0.2310273E+01 -0.7985697E-01  0.6750850E+00
   04  0.4207111E+01  0.5171884E+01  0.2076171E+01 -0.8258693E-01  0.6479887E+00
   04  0.4214252E+01  0.5144377E+01  0.1841849E+01 -0.8548099E-01  0.6204816E+00
   04  0.4221394E+01  0.5116496E+01  0.1607599E+01 -0.8843978E-01  0.5926014E+00
   04  0.4228535E+01  0.5088279E+01  0.1373693E+01 -0.9137196E-01  0.5643836E+00
   04  0.4235677E+01  0.5059757E+01  0.1140387E+01 -0.9420197E-01  0.5358623E+00
   04  0.4242818E+01  0.5030965E+01  0.9079284E+00 -0.9687071E-01  0.5070700E+00
   04  0.4249959E+01  0.5001934E+01  0.6765779E+00 -0.9933529E-01  0.4780392E+00
   04  0.4257101E+01  0.4972698E+01  0.4466024E+00 -0.1015680E+00  0.4488028E+00
   04  0.4263453E+01  0.4946544E+01  0.2435720E+00 -0.1033450E+00  0.4226491E+00
   04  0.4269806E+01  0.4920281E+01  0.4205116E-01 -0.1049105E+00  0.3963858E+00
   04  0.4276159E+01  0.4893935E+01 -0.1577298E+00 -0.1062531E+00  0.3700398E+00
   04  0.4282512E+01  0.4867537E+01 -0.3555766E+00 -0.1073682E+00  0.3436416E+00
   04  0.4288864E+01  0.4841117E+01 -0.5512632E+00 -0.1082523E+00  0.3172218E+00
   04  0.4295217E+01  0.4814710E+01 -0.7445596E+00 -0.1088745E+00  0.2908152E+00
   04  0.4301570E+01  0.4788348E+01 -0.9352689E+00 -0.1092503E+00  0.2644526E+00
   04  0.4307922E+01  0.4762063E+01 -0.1123196E+01 -0.1093860E+00  0.2381679E+00
   04  0.4314275E+01  0.4735889E+01 -0.1308153E+01 -0.1092828E+00  0.2119942E+00
   04  0.4320628E+01  0.4709855E+01 -0.1489973E+01 -0.1089684E+00  0.1859596E+00
   04  0.4326981E+01  0.4683993E+01 -0.1668510E+01 -0.1084199E+00  0.1600978E+00
   04  0.4333333E+01  0.4658330E+01 -0.1843626E+01 -0.1076586E+00  0.1344348E+00
   04  0.4340474E+01  0.4629755E+01 -0.2036411E+01 -0.1065297E+00  0.1058603E+00
   04  0.4347614E+01  0.4601498E+01 -0.2224593E+01 -0.1050908E+00  0.7760253E-01
   04  0.4354755E+01  0.4573580E+01 -0.2408069E+01 -0.1033466E+00  0.4968508E-01
   04  0.4361895E+01  0.4546024E+01 -0.2586765E+01 -0.1012809E+00  0.2212934E-01
   04  0.4369036E+01  0.4518851E+01 -0.2760625E+01 -0.9887139E-01 -0.5044269E-02
   04  0.4376176E+01  0.4492078E+01 -0.2929614E+01 -0.9610269E-01 -0.3181657E-01
   04  0.4383317E+01  0.4465727E+01 -0.3093683E+01 -0.9294710E-01 -0.5816801E-01
   04  0.4390457E+01  0.4439814E+01 -0.3252778E+01 -0.8931331E-01 -0.8408126E-01
   04  0.4397598E+01  0.4414386E+01 -0.3406997E+01 -0.8513725E-01 -0.1095086E+00
   04  0.4404738E+01  0.4389470E+01 -0.3556217E+01 -0.8049356E-01 -0.1344249E+00
   04  0.4411879E+01  0.4365099E+01 -0.3700284E+01 -0.7542030E-01 -0.1587963E+00
   04  0.4419019E+01  0.4341335E+01 -0.3839219E+01 -0.6988615E-01 -0.1825599E+00
   04  0.4426160E+01  0.4318238E+01 -0.3972967E+01 -0.6392716E-01 -0.2056575E+00
   04  0.4433300E+01  0.4295863E+01 -0.4101442E+01 -0.5761873E-01 -0.2280323E+00
   04  0.4440441E+01  0.4274264E+01 -0.4224541E+01 -0.5108466E-01 -0.2496314E+00
   04  0.4447581E+01  0.4253485E+01 -0.4342128E+01 -0.4447456E-01 -0.2704098E+00
   04  0.4454722E+01  0.4233565E+01 -0.4454093E+01 -0.3791672E-01 -0.2903302E+00
   04  0.4461862E+01  0.4214536E+01 -0.4560409E+01 -0.3152247E-01 -0.3093592E+00
   04  0.4469003E+01  0.4196423E+01 -0.4661135E+01 -0.2541654E-01 -0.3274725E+00
   04  0.4476144E+01  0.4179235E+01 -0.4756376E+01 -0.1972624E-01 -0.3446596E+00
   04  0.4483285E+01  0.4162967E+01 -0.4846316E+01 -0.1458163E-01 -0.3609281E+00
   04  0.4490426E+01  0.4147597E+01 -0.4931197E+01 -0.1010003E-01 -0.3762981E+00
   04  0.4497567E+01  0.4133089E+01 -0.5011346E+01 -0.6366581E-02 -0.3908064E+00
   04  0.4504708E+01  0.4119395E+01 -0.5087121E+01 -0.3458679E-02 -0.4045004E+00
   04  0.4511849E+01  0.4106459E+01 -0.5158861E+01 -0.1405961E-02 -0.4174356E+00
   04  0.4518990E+01  0.4094240E+01 -0.5226939E+01 -0.1888988E-03 -0.4296547E+00
   04  0.4526131E+01  0.4082688E+01 -0.5291741E+01  0.2904621E-03 -0.4412071E+00
   04  0.4533272E+01  0.4071747E+01 -0.5353497E+01  0.2164155E-04 -0.4521479E+00
   04  0.4540413E+01  0.4061366E+01 -0.5412307E+01 -0.7863759E-03 -0.4625290E+00
   04  0.4547554E+01  0.4051478E+01 -0.5468182E+01 -0.2277148E-02 -0.4724171E+00
   04  0.4554695E+01  0.4042064E+01 -0.5521109E+01 -0.4393663E-02 -0.4818310E+00
   04  0.4561836E+01  0.4033125E+01 -0.5571043E+01 -0.6968552E-02 -0.4907703E+00
   04  0.4568977E+01  0.4024666E+01 -0.5617889E+01 -0.9984560E-02 -0.4992290E+00
   04  0.4576118E+01  0.4016645E+01 -0.5660947E+01 -0.1338567E-01 -0.5072499E+00
   04  0.4583259E+01  0.4009096E+01 -0.5699937E+01 -0.1714734E-01 -0.5147991E+00
   04  0.4590400E+01  0.4002095E+01 -0.5734694E+01 -0.2132831E-01 -0.5218004E+00
   04  0.4596755E+01  0.3996371E+01 -0.5762089E+01 -0.2525991E-01 -0.5275244E+00
   04  0.4603111E+01  0.3991207E+01 -0.5785700E+01 -0.2915583E-01 -0.5326877E+00
   04  0.4609466E+01  0.3986651E+01 -0.5805148E+01 -0.3288830E-01 -0.5372438E+00
   04  0.4615822E+01  0.3982705E+01 -0.5820298E+01 -0.3636837E-01 -0.5411902E+00
   04  0.4622178E+01  0.3979335E+01 -0.5831138E+01 -0.3956276E-01 -0.5445599E+00
   04  0.4628533E+01  0.3976496E+01 -0.5837884E+01 -0.4252830E-01 -0.5473986E+00
   04  0.4634889E+01  0.3974139E+01 -0.5841013E+01 -0.4526875E-01 -0.5497561E+00
   04  0.4641244E+01  0.3972238E+01 -0.5841009E+01 -0.4775943E-01 -0.5516574E+00
   04  0.4647600E+01  0.3970718E+01 -0.5838461E+01 -0.5006609E-01 -0.5531772E+00
   04  0.4653955E+01  0.3969456E+01 -0.5834175E+01 -0.5226126E-01 -0.5544388E+00
   04  0.4660311E+01  0.3968364E+01 -0.5828748E+01 -0.5438353E-01 -0.5555308E+00
   04  0.4666667E+01  0.3967388E+01 -0.5822570E+01 -0.5643877E-01 -0.5565065E+00
   04  0.4673808E+01  0.3966426E+01 -0.5814932E+01 -0.5859155E-01 -0.5574685E+00
   04  0.4680950E+01  0.3965641E+01 -0.5806515E+01 -0.6046483E-01 -0.5582536E+00
   04  0.4688091E+01  0.3965113E+01 -0.5797031E+01 -0.6183870E-01 -0.5587816E+00
   04  0.4695232E+01  0.3965099E+01 -0.5785153E+01 -0.6241758E-01 -0.5587959E+00
   04  0.4702374E+01  0.3965799E+01 -0.5769926E+01 -0.6218008E-01 -0.5580961E+00
   04  0.4709515E+01  0.3967396E+01 -0.5750540E+01 -0.6097636E-01 -0.5564992E+00
   04  0.4716657E+01  0.3970050E+01 -0.5726174E+01 -0.5881443E-01 -0.5538446E+00
   04  0.4723798E+01  0.3973919E+01 -0.5696087E+01 -0.5569646E-01 -0.5499756E+00
   04  0.4730940E+01  0.3979158E+01 -0.5659706E+01 -0.5149109E-01 -0.5447366E+00
   04  0.4738081E+01  0.3985902E+01 -0.5616510E+01 -0.4626042E-01 -0.5379933E+00
   04  0.4745223E+01  0.3994199E+01 -0.5566267E+01 -0.4028259E-01 -0.5296958E+00
   04  0.4752364E+01  0.4003964E+01 -0.5509546E+01 -0.3374719E-01 -0.5199313E+00
   04  0.4759505E+01  0.4015276E+01 -0.5446106E+01 -0.2669966E-01 -0.5086193E+00
   04  0.4766647E+01  0.4028297E+01 -0.5375923E+01 -0.1909446E-01 -0.4955978E+00
   04  0.4773788E+01  0.4043169E+01 -0.5298693E+01 -0.1079441E-01 -0.4807257E+00
   04  0.4780930E+01  0.4059980E+01 -0.5213693E+01 -0.1585736E-02 -0.4639153E+00
   04  0.4788071E+01  0.4078795E+01 -0.5120043E+01  0.8636950E-02 -0.4451005E+00
   04  0.4795213E+01  0.4099688E+01 -0.5017339E+01  0.1960392E-01 -0.4242070E+00
   04  0.4802354E+01  0.4122758E+01 -0.4906124E+01  0.3104017E-01 -0.4011372E+00
   04  0.4809495E+01  0.4148128E+01 -0.4788160E+01  0.4257806E-01 -0.3757673E+00
   04  0.4816636E+01  0.4175790E+01 -0.4665492E+01  0.5398746E-01 -0.3481046E+00
   04  0.4823776E+01  0.4205563E+01 -0.4540243E+01  0.6519903E-01 -0.3183323E+00
   04  0.4830917E+01  0.4237054E+01 -0.4414373E+01  0.7600624E-01 -0.2868406E+00
   04  0.4838058E+01  0.4269744E+01 -0.4290031E+01  0.8611697E-01 -0.2541509E+00
   04  0.4845199E+01  0.4303036E+01 -0.4169592E+01  0.9526284E-01 -0.2208590E+00
   04  0.4852340E+01  0.4336305E+01 -0.4055465E+01  0.1032071E+00 -0.1875895E+00
   04  0.4859481E+01  0.4368939E+01 -0.3949905E+01  0.1098242E+00 -0.1549561E+00
   04  0.4866622E+01  0.4400396E+01 -0.3854805E+01  0.1149876E+00 -0.1234986E+00
   04  0.4873763E+01  0.4430226E+01 -0.3771498E+01  0.1186968E+00 -0.9366873E-01
   04  0.4880904E+01  0.4458100E+01 -0.3700711E+01  0.1209767E+00 -0.6579473E-01
   04  0.4888045E+01  0.4483811E+01 -0.3642519E+01  0.1219537E+00 -0.4008393E-01
   04  0.4895186E+01  0.4507261E+01 -0.3596342E+01  0.1218541E+00 -0.1663441E-01
   04  0.4902327E+01  0.4528456E+01 -0.3561195E+01  0.1209647E+00  0.4560841E-02
   04  0.4909468E+01  0.4547503E+01 -0.3535839E+01  0.1195328E+00  0.2360823E-01
   04  0.4916609E+01  0.4564574E+01 -0.3518934E+01  0.1178408E+00  0.4067870E-01
   04  0.4923750E+01  0.4579880E+01 -0.3509207E+01  0.1161577E+00  0.5598458E-01
   04  0.4930104E+01  0.4592224E+01 -0.3505861E+01  0.1150027E+00  0.6832881E-01
   04  0.4936458E+01  0.4603562E+01 -0.3506746E+01  0.1143096E+00  0.7966654E-01
   04  0.4942812E+01  0.4614073E+01 -0.3511415E+01  0.1141813E+00  0.9017804E-01
   04  0.4949167E+01  0.4623937E+01 -0.3519568E+01  0.1146964E+00  0.1000419E+00
   04  0.4955521E+01  0.4633324E+01 -0.3531045E+01  0.1158872E+00  0.1094295E+00
   04  0.4961875E+01  0.4642400E+01 -0.3545795E+01  0.1177048E+00  0.1185047E+00
   04  0.4968229E+01  0.4651291E+01 -0.3563785E+01  0.1200829E+00  0.1273960E+00
   04  0.4974583E+01  0.4660094E+01 -0.3584932E+01  0.1228601E+00  0.1361994E+00
   04  0.4980937E+01  0.4668870E+01 -0.3609052E+01  0.1258425E+00  0.1449755E+00
   04  0.4984115E+01  0.4673254E+01 -0.3622280E+01  0.1273539E+00  0.1493593E+00
   04  0.4987292E+01  0.4677650E+01 -0.3636216E+01  0.1288575E+00  0.1537547E+00
   04  0.4990469E+01  0.4682069E+01 -0.3650913E+01  0.1303293E+00  0.1581737E+00
   04  0.4993646E+01  0.4686524E+01 -0.3666425E+01  0.1317404E+00  0.1626288E+00
   04  0.4996823E+01  0.4691024E+01 -0.3682796E+01  0.1330789E+00  0.1671288E+00
   04  0.5000000E+01  0.4695574E+01 -0.3700055E+01  0.1343372E+00  0.1716790E+00
   04  0.5005356E+01  0.4703339E+01 -0.3730896E+01  0.1362925E+00  0.1794440E+00
   04  0.5010711E+01  0.4711218E+01 -0.3764082E+01  0.1380152E+00  0.1873226E+00
   04  0.5016067E+01  0.4719158E+01 -0.3799300E+01  0.1395786E+00  0.1952628E+00
   04  0.5021422E+01  0.4727045E+01 -0.3835983E+01  0.1411898E+00  0.2031496E+00
   04  0.5026778E+01  0.4734768E+01 -0.3873446E+01  0.1427960E+00  0.2108728E+00
   04  0.5032133E+01  0.4742220E+01 -0.3911005E+01  0.1442831E+00  0.2183253E+00
   04  0.5037489E+01  0.4749305E+01 -0.3948049E+01  0.1456101E+00  0.2254099E+00
   04  0.5042844E+01  0.4755956E+01 -0.3984088E+01  0.1467674E+00  0.2320609E+00
   04  0.5049985E+01  0.4764051E+01 -0.4030335E+01  0.1482015E+00  0.2401558E+00
   04  0.5057125E+01  0.4771198E+01 -0.4074976E+01  0.1495421E+00  0.2473032E+00
   04  0.5064266E+01  0.4777450E+01 -0.4118812E+01  0.1509115E+00  0.2535554E+00
   04  0.5071407E+01  0.4782985E+01 -0.4162786E+01  0.1522141E+00  0.2590898E+00
   04  0.5078547E+01  0.4788067E+01 -0.4207854E+01  0.1535560E+00  0.2641719E+00
   04  0.5085688E+01  0.4792922E+01 -0.4254941E+01  0.1547467E+00  0.2690274E+00
   04  0.5092829E+01  0.4797728E+01 -0.4304486E+01  0.1555066E+00  0.2738331E+00
   04  0.5099969E+01  0.4802512E+01 -0.4356476E+01  0.1554578E+00  0.2786171E+00
   04  0.5107110E+01  0.4807187E+01 -0.4410380E+01  0.1543778E+00  0.2832922E+00
   04  0.5109490E+01  0.4808698E+01 -0.4428678E+01  0.1538147E+00  0.2848031E+00
   04  0.5111871E+01  0.4810176E+01 -0.4446952E+01  0.1531101E+00  0.2862812E+00
   04  0.5114251E+01  0.4811618E+01 -0.4465122E+01  0.1522658E+00  0.2877227E+00
   04  0.5116631E+01  0.4813017E+01 -0.4483119E+01  0.1512768E+00  0.2891221E+00
   04  0.5119011E+01  0.4814371E+01 -0.4500881E+01  0.1501564E+00  0.2904755E+00
   04  0.5121392E+01  0.4815676E+01 -0.4518357E+01  0.1489332E+00  0.2917809E+00
   04  0.5123772E+01  0.4816933E+01 -0.4535516E+01  0.1476364E+00  0.2930376E+00
   04  0.5126152E+01  0.4818142E+01 -0.4552342E+01  0.1462973E+00  0.2942469E+00
   04  0.5128532E+01  0.4819307E+01 -0.4568843E+01  0.1449536E+00  0.2954116E+00
   04  0.5135673E+01  0.4822654E+01 -0.4616915E+01  0.1411234E+00  0.2987590E+00
   04  0.5142814E+01  0.4825848E+01 -0.4663409E+01  0.1381226E+00  0.3019534E+00
   04  0.5149955E+01  0.4829179E+01 -0.4710102E+01  0.1368079E+00  0.3052845E+00
   04  0.5157096E+01  0.4832930E+01 -0.4758685E+01  0.1374838E+00  0.3090351E+00
   04  0.5164237E+01  0.4837320E+01 -0.4810337E+01  0.1400046E+00  0.3134245E+00
   04  0.5171378E+01  0.4842361E+01 -0.4864771E+01  0.1438004E+00  0.3184656E+00
   04  0.5174948E+01  0.4845134E+01 -0.4893086E+01  0.1460190E+00  0.3212393E+00
   04  0.5178519E+01  0.4847854E+01 -0.4920245E+01  0.1483761E+00  0.3239588E+00
   04  0.5182089E+01  0.4850423E+01 -0.4945500E+01  0.1508597E+00  0.3265284E+00
   04  0.5185660E+01  0.4852728E+01 -0.4967889E+01  0.1533700E+00  0.3288333E+00
   04  0.5189230E+01  0.4854722E+01 -0.4986950E+01  0.1558537E+00  0.3308270E+00
   04  0.5192800E+01  0.4856390E+01 -0.5002542E+01  0.1583275E+00  0.3324949E+00
   04  0.5196371E+01  0.4857762E+01 -0.5014767E+01  0.1606346E+00  0.3338669E+00
   04  0.5199941E+01  0.4858864E+01 -0.5023783E+01  0.1625615E+00  0.3349694E+00
   04  0.5203512E+01  0.4859734E+01 -0.5029814E+01  0.1641437E+00  0.3358394E+00
   04  0.5207082E+01  0.4860440E+01 -0.5033375E+01  0.1653537E+00  0.3365449E+00
   04  0.5210653E+01  0.4860991E+01 -0.5034564E+01  0.1661230E+00  0.3370956E+00
   04  0.5214223E+01  0.4861295E+01 -0.5032770E+01  0.1663713E+00  0.3374002E+00
   04  0.5219579E+01  0.4861369E+01 -0.5025272E+01  0.1658170E+00  0.3374736E+00
   04  0.5224935E+01  0.4860952E+01 -0.5011867E+01  0.1641119E+00  0.3370570E+00
   04  0.5230290E+01  0.4860016E+01 -0.4992810E+01  0.1614556E+00  0.3361210E+00
   04  0.5235646E+01  0.4858585E+01 -0.4968686E+01  0.1581286E+00  0.3346897E+00
   04  0.5241002E+01  0.4856818E+01 -0.4940858E+01  0.1542624E+00  0.3329230E+00
   04  0.5246357E+01  0.4855029E+01 -0.4911808E+01  0.1503444E+00  0.3311339E+00
   04  0.5247696E+01  0.4854636E+01 -0.4904752E+01  0.1493935E+00  0.3307410E+00
   04  0.5249035E+01  0.4854277E+01 -0.4897900E+01  0.1484702E+00  0.3303825E+00
   04  0.5250374E+01  0.4853956E+01 -0.4891273E+01  0.1475771E+00  0.3300609E+00
   04  0.5251713E+01  0.4853673E+01 -0.4884889E+01  0.1467170E+00  0.3297782E+00
   04  0.5253052E+01  0.4853431E+01 -0.4878763E+01  0.1458924E+00  0.3295356E+00
   04  0.5254391E+01  0.4853230E+01 -0.4872911E+01  0.1451055E+00  0.3293347E+00
   04  0.5255730E+01  0.4853072E+01 -0.4867346E+01  0.1443589E+00  0.3291766E+00
   04  0.5257069E+01  0.4852957E+01 -0.4862076E+01  0.1436555E+00  0.3290620E+00
   04  0.5263424E+01  0.4852897E+01 -0.4840659E+01  0.1410436E+00  0.3290019E+00
   04  0.5269779E+01  0.4853684E+01 -0.4825318E+01  0.1393627E+00  0.3297889E+00
   04  0.5276135E+01  0.4855057E+01 -0.4814773E+01  0.1389425E+00  0.3311617E+00
   04  0.5282490E+01  0.4856782E+01 -0.4807954E+01  0.1398933E+00  0.3328869E+00
   04  0.5288846E+01  0.4858558E+01 -0.4802718E+01  0.1421016E+00  0.3346630E+00
   04  0.5295201E+01  0.4860245E+01 -0.4797955E+01  0.1451322E+00  0.3363503E+00
   04  0.5301556E+01  0.4861797E+01 -0.4793166E+01  0.1484895E+00  0.3379020E+00
   04  0.5307912E+01  0.4863185E+01 -0.4787876E+01  0.1517949E+00  0.3392896E+00
   04  0.5314267E+01  0.4864404E+01 -0.4782009E+01  0.1549529E+00  0.3405087E+00
   04  0.5320623E+01  0.4865452E+01 -0.4775556E+01  0.1580732E+00  0.3415573E+00
   04  0.5326978E+01  0.4866328E+01 -0.4768435E+01  0.1613577E+00  0.3424330E+00
   04  0.5333333E+01  0.4867004E+01 -0.4760365E+01  0.1649959E+00  0.3431088E+00
   04  0.5340474E+01  0.4867428E+01 -0.4749156E+01  0.1696775E+00  0.3435326E+00
   04  0.5347615E+01  0.4867255E+01 -0.4733382E+01  0.1748902E+00  0.3433604E+00
   04  0.5354756E+01  0.4866112E+01 -0.4709711E+01  0.1802983E+00  0.3422171E+00
   04  0.5361897E+01  0.4863744E+01 -0.4675864E+01  0.1856509E+00  0.3398493E+00
   04  0.5369038E+01  0.4859966E+01 -0.4630107E+01  0.1907586E+00  0.3360706E+00
   04  0.5376179E+01  0.4854710E+01 -0.4571705E+01  0.1954862E+00  0.3308151E+00
   04  0.5383320E+01  0.4848201E+01 -0.4502263E+01  0.1998049E+00  0.3243064E+00
   04  0.5390460E+01  0.4840551E+01 -0.4422490E+01  0.2036978E+00  0.3166558E+00
   04  0.5397601E+01  0.4831874E+01 -0.4333193E+01  0.2069376E+00  0.3079793E+00
   04  0.5404742E+01  0.4822307E+01 -0.4235181E+01  0.2088329E+00  0.2984116E+00
   04  0.5411883E+01  0.4811936E+01 -0.4129199E+01  0.2091915E+00  0.2880413E+00
   04  0.5419024E+01  0.4800834E+01 -0.4016223E+01  0.2081807E+00  0.2769389E+00
   04  0.5426165E+01  0.4789120E+01 -0.3897583E+01  0.2061096E+00  0.2652247E+00
   04  0.5433306E+01  0.4776945E+01 -0.3774840E+01  0.2033633E+00  0.2530500E+00
   04  0.5440447E+01  0.4764513E+01 -0.3649603E+01  0.2004353E+00  0.2406183E+00
   04  0.5447588E+01  0.4752060E+01 -0.3523382E+01  0.1977877E+00  0.2281650E+00
   04  0.5454728E+01  0.4739818E+01 -0.3397322E+01  0.1958451E+00  0.2159228E+00
   04  0.5461869E+01  0.4727931E+01 -0.3271808E+01  0.1947226E+00  0.2040355E+00
   04  0.5469010E+01  0.4716407E+01 -0.3146345E+01  0.1941046E+00  0.1925120E+00
   04  0.5476151E+01  0.4705181E+01 -0.3019782E+01  0.1936938E+00  0.1812861E+00
   04  0.5483291E+01  0.4694117E+01 -0.2890682E+01  0.1930861E+00  0.1702220E+00
   04  0.5490432E+01  0.4683037E+01 -0.2757697E+01  0.1918979E+00  0.1591421E+00
   04  0.5497573E+01  0.4671731E+01 -0.2619797E+01  0.1899754E+00  0.1478364E+00
   04  0.5504713E+01  0.4660004E+01 -0.2476405E+01  0.1872537E+00  0.1361091E+00
   04  0.5511854E+01  0.4647664E+01 -0.2327314E+01  0.1838487E+00  0.1237692E+00
   04  0.5518995E+01  0.4634534E+01 -0.2172603E+01  0.1800072E+00  0.1106394E+00
   04  0.5526135E+01  0.4620455E+01 -0.2012530E+01  0.1760519E+00  0.9656007E-01
   04  0.5531491E+01  0.4609199E+01 -0.1889048E+01  0.1731900E+00  0.8530433E-01
   04  0.5536846E+01  0.4597287E+01 -0.1762959E+01  0.1705589E+00  0.7339196E-01
   04  0.5542202E+01  0.4584698E+01 -0.1634530E+01  0.1682048E+00  0.6080278E-01
   04  0.5547557E+01  0.4571433E+01 -0.1504085E+01  0.1661265E+00  0.4753779E-01
   04  0.5552913E+01  0.4557506E+01 -0.1371985E+01  0.1643369E+00  0.3361117E-01
   04  0.5558268E+01  0.4542952E+01 -0.1238601E+01  0.1627859E+00  0.1905744E-01
   04  0.5563624E+01  0.4527792E+01 -0.1104283E+01  0.1616020E+00  0.3896976E-02
   04  0.5568979E+01  0.4512051E+01 -0.9693403E+00  0.1609001E+00 -0.1184445E-01
   04  0.5574334E+01  0.4495767E+01 -0.8340482E+00  0.1606831E+00 -0.2812809E-01
   04  0.5579690E+01  0.4478991E+01 -0.6986147E+00  0.1608529E+00 -0.4490358E-01
   04  0.5585045E+01  0.4461768E+01 -0.5631722E+00  0.1612102E+00 -0.6212680E-01
   04  0.5590401E+01  0.4444138E+01 -0.4277846E+00  0.1614639E+00 -0.7975680E-01
   04  0.5596756E+01  0.4422748E+01 -0.2673963E+00  0.1613606E+00 -0.1011474E+00
   04  0.5603112E+01  0.4400917E+01 -0.1072019E+00  0.1606933E+00 -0.1229779E+00
   04  0.5609467E+01  0.4378709E+01  0.5275178E-01  0.1595001E+00 -0.1451862E+00
   04  0.5615823E+01  0.4356189E+01  0.2123975E+00  0.1578303E+00 -0.1677063E+00
   04  0.5622178E+01  0.4333445E+01  0.3715840E+00  0.1558953E+00 -0.1904503E+00
   04  0.5628534E+01  0.4310570E+01  0.5300809E+00  0.1539598E+00 -0.2133253E+00
   04  0.5634889E+01  0.4287640E+01  0.6875801E+00  0.1521356E+00 -0.2362547E+00
   04  0.5641245E+01  0.4264720E+01  0.8436981E+00  0.1502807E+00 -0.2591747E+00
   04  0.5647600E+01  0.4241879E+01  0.9979936E+00  0.1482693E+00 -0.2820156E+00
   04  0.5653956E+01  0.4219210E+01  0.1149918E+01  0.1460370E+00 -0.3046852E+00
   04  0.5660311E+01  0.4196809E+01  0.1298972E+01  0.1435509E+00 -0.3270861E+00
   04  0.5666667E+01  0.4174773E+01  0.1444682E+01  0.1407849E+00 -0.3491217E+00
   04  0.5673807E+01  0.4150578E+01  0.1603672E+01  0.1372728E+00 -0.3733170E+00
   04  0.5680947E+01  0.4127094E+01  0.1757370E+01  0.1332730E+00 -0.3968006E+00
   04  0.5688088E+01  0.4104431E+01  0.1905340E+01  0.1287282E+00 -0.4194641E+00
   04  0.5695228E+01  0.4082675E+01  0.2047247E+01  0.1236047E+00 -0.4412202E+00
   04  0.5702368E+01  0.4061894E+01  0.2182848E+01  0.1178788E+00 -0.4620013E+00
   04  0.5709508E+01  0.4042133E+01  0.2311981E+01  0.1115509E+00 -0.4817620E+00
   04  0.5716649E+01  0.4023415E+01  0.2434557E+01  0.1046635E+00 -0.5004796E+00
   04  0.5723789E+01  0.4005745E+01  0.2550554E+01  0.9727766E-01 -0.5181499E+00
   04  0.5730929E+01  0.3989112E+01  0.2659993E+01  0.8946247E-01 -0.5347832E+00
   04  0.5738070E+01  0.3973492E+01  0.2762926E+01  0.8128965E-01 -0.5504025E+00
   04  0.5745210E+01  0.3958855E+01  0.2859429E+01  0.7283034E-01 -0.5650403E+00
   04  0.5752350E+01  0.3945159E+01  0.2949597E+01  0.6416880E-01 -0.5787357E+00
   04  0.5759491E+01  0.3932366E+01  0.3033547E+01  0.5538096E-01 -0.5915291E+00
   04  0.5766631E+01  0.3920409E+01  0.3111426E+01  0.4671063E-01 -0.6034865E+00
   04  0.5773771E+01  0.3909238E+01  0.3183407E+01  0.3833014E-01 -0.6146575E+00
   04  0.5780911E+01  0.3898839E+01  0.3249676E+01  0.3025158E-01 -0.6250560E+00
   04  0.5788052E+01  0.3889211E+01  0.3310478E+01  0.2242443E-01 -0.6346838E+00
   04  0.5795192E+01  0.3880363E+01  0.3366081E+01  0.1481130E-01 -0.6435316E+00
   04  0.5799476E+01  0.3875433E+01  0.3397189E+01  0.1031705E-01 -0.6484624E+00
   04  0.5803761E+01  0.3870792E+01  0.3426601E+01  0.5879807E-02 -0.6531032E+00
   04  0.5808045E+01  0.3866438E+01  0.3454378E+01  0.1550467E-02 -0.6574565E+00
   04  0.5812329E+01  0.3862371E+01  0.3480574E+01 -0.2607548E-02 -0.6615244E+00
   04  0.5816613E+01  0.3858586E+01  0.3505232E+01 -0.6522477E-02 -0.6653094E+00
   04  0.5820183E+01  0.3855640E+01  0.3524682E+01 -0.9564110E-02 -0.6682554E+00
   04  0.5823753E+01  0.3852869E+01  0.3543200E+01 -0.1236681E-01 -0.6710256E+00
   04  0.5827324E+01  0.3850282E+01  0.3560764E+01 -0.1490305E-01 -0.6736129E+00
   04  0.5832679E+01  0.3846754E+01  0.3585242E+01 -0.1817231E-01 -0.6771413E+00
   04  0.5838034E+01  0.3843642E+01  0.3607587E+01 -0.2077933E-01 -0.6802528E+00
   04  0.5842318E+01  0.3841449E+01  0.3623974E+01 -0.2239310E-01 -0.6824458E+00
   04  0.5846603E+01  0.3839518E+01  0.3639051E+01 -0.2363492E-01 -0.6843768E+00
   04  0.5850887E+01  0.3837842E+01  0.3652881E+01 -0.2456275E-01 -0.6860526E+00
   04  0.5855171E+01  0.3836409E+01  0.3665524E+01 -0.2522242E-01 -0.6874860E+00
   04  0.5859455E+01  0.3835199E+01  0.3677073E+01 -0.2566408E-01 -0.6886964E+00
   04  0.5863025E+01  0.3834348E+01  0.3685921E+01 -0.2590191E-01 -0.6895473E+00
   04  0.5866596E+01  0.3833624E+01  0.3694135E+01 -0.2605610E-01 -0.6902706E+00
   04  0.5870166E+01  0.3833023E+01  0.3701734E+01 -0.2615366E-01 -0.6908718E+00
   04  0.5873736E+01  0.3832532E+01  0.3708772E+01 -0.2622353E-01 -0.6913631E+00
   04  0.5877306E+01  0.3832128E+01  0.3715360E+01 -0.2629258E-01 -0.6917667E+00
   04  0.5880876E+01  0.3831794E+01  0.3721590E+01 -0.2638557E-01 -0.6921007E+00
   04  0.5886231E+01  0.3831386E+01  0.3730451E+01 -0.2662418E-01 -0.6925094E+00
   04  0.5891587E+01  0.3831059E+01  0.3738868E+01 -0.2703540E-01 -0.6928355E+00
   04  0.5896942E+01  0.3830784E+01  0.3747000E+01 -0.2767632E-01 -0.6931110E+00
   04  0.5902297E+01  0.3830542E+01  0.3754941E+01 -0.2858957E-01 -0.6933534E+00
   04  0.5907653E+01  0.3830323E+01  0.3762757E+01 -0.2980844E-01 -0.6935717E+00
   04  0.5913008E+01  0.3830126E+01  0.3770498E+01 -0.3134964E-01 -0.6937694E+00
   04  0.5918363E+01  0.3829971E+01  0.3778082E+01 -0.3321141E-01 -0.6939241E+00
   04  0.5923718E+01  0.3829896E+01  0.3785356E+01 -0.3538809E-01 -0.6939987E+00
   04  0.5930075E+01  0.3829949E+01  0.3793456E+01 -0.3836159E-01 -0.6939464E+00
   04  0.5936432E+01  0.3830189E+01  0.3800861E+01 -0.4172618E-01 -0.6937060E+00
   04  0.5942789E+01  0.3830652E+01  0.3807458E+01 -0.4544141E-01 -0.6932426E+00
   04  0.5949146E+01  0.3831369E+01  0.3813144E+01 -0.4945848E-01 -0.6925260E+00
   04  0.5955502E+01  0.3832365E+01  0.3817827E+01 -0.5372720E-01 -0.6915303E+00
   04  0.5961859E+01  0.3833640E+01  0.3821537E+01 -0.5819799E-01 -0.6902554E+00
   04  0.5968216E+01  0.3835192E+01  0.3824290E+01 -0.6282426E-01 -0.6887032E+00
   04  0.5974573E+01  0.3837023E+01  0.3826054E+01 -0.6756347E-01 -0.6868724E+00
   04  0.5980930E+01  0.3839129E+01  0.3826797E+01 -0.7237763E-01 -0.6847655E+00
   04  0.5987286E+01  0.3841507E+01  0.3826490E+01 -0.7723410E-01 -0.6823877E+00
   04  0.5993643E+01  0.3844150E+01  0.3825092E+01 -0.8210631E-01 -0.6797449E+00
   04  0.6000000E+01  0.3847051E+01  0.3822565E+01 -0.8697403E-01 -0.6768442E+00
   04  0.6007140E+01  0.3850610E+01  0.3818354E+01 -0.9242078E-01 -0.6732850E+00
   04  0.6014281E+01  0.3854480E+01  0.3812628E+01 -0.9783969E-01 -0.6694151E+00
   04  0.6021421E+01  0.3858658E+01  0.3805356E+01 -0.1032396E+00 -0.6652369E+00
   04  0.6028561E+01  0.3863147E+01  0.3796514E+01 -0.1086469E+00 -0.6607482E+00
   04  0.6035701E+01  0.3867953E+01  0.3786088E+01 -0.1141068E+00 -0.6559417E+00
   04  0.6042842E+01  0.3873089E+01  0.3774067E+01 -0.1196813E+00 -0.6508055E+00
   04  0.6049982E+01  0.3878570E+01  0.3760436E+01 -0.1254434E+00 -0.6453253E+00
   04  0.6057122E+01  0.3884409E+01  0.3745167E+01 -0.1314678E+00 -0.6394862E+00
   04  0.6064263E+01  0.3890620E+01  0.3728214E+01 -0.1378210E+00 -0.6332748E+00
   04  0.6071403E+01  0.3897214E+01  0.3709510E+01 -0.1445504E+00 -0.6266815E+00
   04  0.6078543E+01  0.3904194E+01  0.3688966E+01 -0.1516777E+00 -0.6197012E+00
   04  0.6085683E+01  0.3911561E+01  0.3666484E+01 -0.1591944E+00 -0.6123343E+00
   04  0.6092824E+01  0.3919309E+01  0.3641961E+01 -0.1670629E+00 -0.6045864E+00
   04  0.6099964E+01  0.3927427E+01  0.3615306E+01 -0.1752181E+00 -0.5964681E+00
   04  0.6107104E+01  0.3935900E+01  0.3586450E+01 -0.1835726E+00 -0.5879946E+00
   04  0.6114244E+01  0.3944710E+01  0.3555352E+01 -0.1920203E+00 -0.5791852E+00
   04  0.6121385E+01  0.3953832E+01  0.3522014E+01 -0.2004408E+00 -0.5700634E+00
   04  0.6128525E+01  0.3963239E+01  0.3486475E+01 -0.2087037E+00 -0.5606561E+00
   04  0.6135665E+01  0.3972901E+01  0.3448816E+01 -0.2166716E+00 -0.5509937E+00
   04  0.6142805E+01  0.3982787E+01  0.3409150E+01 -0.2242059E+00 -0.5411085E+00
   04  0.6149946E+01  0.3992860E+01  0.3367619E+01 -0.2311701E+00 -0.5310346E+00
   04  0.6157086E+01  0.4003088E+01  0.3324376E+01 -0.2374362E+00 -0.5208068E+00
   04  0.6164226E+01  0.4013435E+01  0.3279577E+01 -0.2428894E+00 -0.5104597E+00
   04  0.6171366E+01  0.4023868E+01  0.3233365E+01 -0.2474342E+00 -0.5000270E+00
   04  0.6178506E+01  0.4034354E+01  0.3185861E+01 -0.2509997E+00 -0.4895406E+00
   04  0.6185646E+01  0.4044867E+01  0.3137170E+01 -0.2535461E+00 -0.4790284E+00
   04  0.6192787E+01  0.4055382E+01  0.3087384E+01 -0.2550707E+00 -0.4685129E+00
   04  0.6199927E+01  0.4065887E+01  0.3036601E+01 -0.2556135E+00 -0.4580083E+00
   04  0.6207067E+01  0.4076377E+01  0.2984948E+01 -0.2552612E+00 -0.4475183E+00
   04  0.6214207E+01  0.4086860E+01  0.2932596E+01 -0.2541472E+00 -0.4370347E+00
   04  0.6221347E+01  0.4097357E+01  0.2879769E+01 -0.2524463E+00 -0.4265378E+00
   04  0.6228487E+01  0.4107896E+01  0.2826733E+01 -0.2503636E+00 -0.4159990E+00
   04  0.6235627E+01  0.4118509E+01  0.2773775E+01 -0.2481180E+00 -0.4053858E+00
   04  0.6242768E+01  0.4129227E+01  0.2721161E+01 -0.2459218E+00 -0.3946682E+00
   04  0.6249908E+01  0.4140069E+01  0.2669085E+01 -0.2439594E+00 -0.3838257E+00
   04  0.6257048E+01  0.4151043E+01  0.2617625E+01 -0.2423752E+00 -0.3728522E+00
   04  0.6263405E+01  0.4160916E+01  0.2572220E+01 -0.2413635E+00 -0.3629794E+00
   04  0.6269762E+01  0.4170863E+01  0.2527097E+01 -0.2407699E+00 -0.3530323E+00
   04  0.6276119E+01  0.4180856E+01  0.2482022E+01 -0.2405926E+00 -0.3430391E+00
   04  0.6282476E+01  0.4190864E+01  0.2436719E+01 -0.2407792E+00 -0.3330306E+00
   04  0.6288834E+01  0.4200858E+01  0.2390903E+01 -0.2412360E+00 -0.3230372E+00
   04  0.6295191E+01  0.4210807E+01  0.2344309E+01 -0.2418567E+00 -0.3130882E+00
   04  0.6301548E+01  0.4220688E+01  0.2296718E+01 -0.2425252E+00 -0.3032074E+00
   04  0.6307905E+01  0.4230481E+01  0.2247969E+01 -0.2431577E+00 -0.2934137E+00
   04  0.6314262E+01  0.4240186E+01  0.2197969E+01 -0.2436384E+00 -0.2837085E+00
   04  0.6320619E+01  0.4249813E+01  0.2146700E+01 -0.2438626E+00 -0.2740824E+00
   04  0.6326976E+01  0.4259375E+01  0.2094233E+01 -0.2437648E+00 -0.2645196E+00
   04  0.6333333E+01  0.4268888E+01  0.2040707E+01 -0.2433552E+00 -0.2550067E+00
   04  0.6340473E+01  0.4279524E+01  0.1979650E+01 -0.2426139E+00 -0.2443711E+00
   04  0.6347613E+01  0.4290119E+01  0.1917822E+01 -0.2416992E+00 -0.2337763E+00
   04  0.6354753E+01  0.4300708E+01  0.1855509E+01 -0.2406310E+00 -0.2231872E+00
   04  0.6361893E+01  0.4311347E+01  0.1792944E+01 -0.2392555E+00 -0.2125477E+00
   04  0.6369033E+01  0.4322073E+01  0.1730308E+01 -0.2374263E+00 -0.2018215E+00
   04  0.6376173E+01  0.4332900E+01  0.1667782E+01 -0.2350349E+00 -0.1909946E+00
   04  0.6383313E+01  0.4343809E+01  0.1605452E+01 -0.2320407E+00 -0.1800860E+00
   04  0.6390453E+01  0.4354758E+01  0.1543388E+01 -0.2285047E+00 -0.1691367E+00
   04  0.6397593E+01  0.4365690E+01  0.1481560E+01 -0.2246160E+00 -0.1582055E+00
   04  0.6404733E+01  0.4376575E+01  0.1419951E+01 -0.2207214E+00 -0.1473201E+00
   04  0.6411873E+01  0.4387383E+01  0.1358508E+01 -0.2171328E+00 -0.1365117E+00
   04  0.6419013E+01  0.4398082E+01  0.1297170E+01 -0.2140904E+00 -0.1258126E+00
   04  0.6426153E+01  0.4408643E+01  0.1235899E+01 -0.2117382E+00 -0.1152524E+00
   04  0.6433293E+01  0.4419035E+01  0.1174666E+01 -0.2101076E+00 -0.1048595E+00
   04  0.6440432E+01  0.4429249E+01  0.1113464E+01 -0.2091950E+00 -0.9464567E-01
   04  0.6447572E+01  0.4439284E+01  0.1052300E+01 -0.2089568E+00 -0.8461093E-01
   04  0.6454712E+01  0.4449147E+01  0.9911663E+00 -0.2093241E+00 -0.7474807E-01
   04  0.6461852E+01  0.4458852E+01  0.9300539E+00 -0.2102098E+00 -0.6504311E-01
   04  0.6468992E+01  0.4468416E+01  0.8689573E+00 -0.2115187E+00 -0.5547912E-01
   04  0.6476132E+01  0.4477857E+01  0.8078779E+00 -0.2131517E+00 -0.4603778E-01
   04  0.6483272E+01  0.4487194E+01  0.7468371E+00 -0.2150111E+00 -0.3670128E-01
   04  0.6490411E+01  0.4496442E+01  0.6858826E+00 -0.2170059E+00 -0.2745271E-01
   04  0.6497551E+01  0.4505619E+01  0.6250958E+00 -0.2190567E+00 -0.1827608E-01
   04  0.6504691E+01  0.4514739E+01  0.5645947E+00 -0.2210973E+00 -0.9156469E-02
   04  0.6511831E+01  0.4523814E+01  0.5045297E+00 -0.2230763E+00 -0.8073184E-04
   04  0.6518971E+01  0.4532856E+01  0.4450740E+00 -0.2249571E+00  0.8961289E-02
   04  0.6526110E+01  0.4541870E+01  0.3864066E+00 -0.2267185E+00  0.1797479E-01
   04  0.6533250E+01  0.4550853E+01  0.3286940E+00 -0.2283579E+00  0.2695829E-01
   04  0.6540390E+01  0.4559797E+01  0.2720708E+00 -0.2298938E+00  0.3590225E-01
   04  0.6547530E+01  0.4568681E+01  0.2166266E+00 -0.2313532E+00  0.4478641E-01
   04  0.6554669E+01  0.4577474E+01  0.1624014E+00 -0.2327631E+00  0.5357888E-01
   04  0.6561809E+01  0.4586128E+01  0.1093906E+00 -0.2341139E+00  0.6223273E-01
   04  0.6568949E+01  0.4594580E+01  0.5755627E-01 -0.2353270E+00  0.7068454E-01
   04  0.6576089E+01  0.4602758E+01  0.6840894E-02 -0.2362840E+00  0.7886289E-01
   04  0.6583229E+01  0.4610589E+01 -0.4282022E-01 -0.2368469E+00  0.8669430E-01
   04  0.6590368E+01  0.4617943E+01 -0.9150773E-01 -0.2364284E+00  0.9404842E-01
   04  0.6596727E+01  0.4624028E+01 -0.1341427E+00 -0.2350190E+00  0.1001333E+00
   04  0.6603085E+01  0.4629661E+01 -0.1760705E+00 -0.2326866E+00  0.1057657E+00
   04  0.6609443E+01  0.4634864E+01 -0.2172808E+00 -0.2296812E+00  0.1109689E+00
   04  0.6615801E+01  0.4639666E+01 -0.2577483E+00 -0.2262313E+00  0.1157707E+00
   04  0.6622159E+01  0.4644103E+01 -0.2974169E+00 -0.2225808E+00  0.1202079E+00
   04  0.6628517E+01  0.4648215E+01 -0.3362262E+00 -0.2189503E+00  0.1243199E+00
   04  0.6634876E+01  0.4652019E+01 -0.3741429E+00 -0.2153575E+00  0.1281243E+00
   04  0.6641234E+01  0.4655508E+01 -0.4111266E+00 -0.2116541E+00  0.1316133E+00
   04  0.6647592E+01  0.4658646E+01 -0.4471185E+00 -0.2074975E+00  0.1347507E+00
   04  0.6653950E+01  0.4661394E+01 -0.4819724E+00 -0.2026288E+00  0.1374993E+00
   04  0.6660308E+01  0.4663706E+01 -0.5154573E+00 -0.1968635E+00  0.1398110E+00
   04  0.6666667E+01  0.4665522E+01 -0.5472892E+00 -0.1900997E+00  0.1416270E+00
   04  0.6673806E+01  0.4666883E+01 -0.5805280E+00 -0.1812953E+00  0.1429883E+00
   04  0.6680945E+01  0.4667487E+01 -0.6107142E+00 -0.1713735E+00  0.1435921E+00
   04  0.6688085E+01  0.4667303E+01 -0.6372046E+00 -0.1607374E+00  0.1434080E+00
   04  0.6695224E+01  0.4666374E+01 -0.6598207E+00 -0.1497933E+00  0.1424786E+00
   04  0.6702364E+01  0.4664789E+01 -0.6788432E+00 -0.1387364E+00  0.1408938E+00
   04  0.6709503E+01  0.4662669E+01 -0.6947304E+00 -0.1276428E+00  0.1387741E+00
   04  0.6716642E+01  0.4660131E+01 -0.7079530E+00 -0.1165560E+00  0.1362358E+00
   04  0.6723782E+01  0.4657268E+01 -0.7188774E+00 -0.1055161E+00  0.1333729E+00
   04  0.6730921E+01  0.4654211E+01 -0.7281011E+00 -0.9454319E-01  0.1303155E+00
   04  0.6738060E+01  0.4650992E+01 -0.7360673E+00 -0.8427429E-01  0.1270974E+00
   04  0.6745200E+01  0.4647621E+01 -0.7430761E+00 -0.7530559E-01  0.1237259E+00
   04  0.6752339E+01  0.4644076E+01 -0.7490780E+00 -0.6801334E-01  0.1201805E+00
   04  0.6759479E+01  0.4640357E+01 -0.7540821E+00 -0.6255634E-01  0.1164624E+00
   04  0.6766618E+01  0.4636521E+01 -0.7582401E+00 -0.5880380E-01  0.1126260E+00
   04  0.6773757E+01  0.4632640E+01 -0.7617108E+00 -0.5643601E-01  0.1087452E+00
   04  0.6780897E+01  0.4628784E+01 -0.7646432E+00 -0.5510317E-01  0.1048890E+00
   04  0.6788036E+01  0.4625043E+01 -0.7671613E+00 -0.5424038E-01  0.1011482E+00
   04  0.6795176E+01  0.4621495E+01 -0.7693423E+00 -0.5329316E-01  0.9760038E-01
   04  0.6802315E+01  0.4618231E+01 -0.7712103E+00 -0.5158327E-01  0.9433563E-01
   04  0.6809454E+01  0.4615270E+01 -0.7727442E+00 -0.4887089E-01  0.9137538E-01
   04  0.6816593E+01  0.4612604E+01 -0.7738893E+00 -0.4511291E-01  0.8870941E-01
   04  0.6823733E+01  0.4610182E+01 -0.7745803E+00 -0.4053734E-01  0.8628737E-01
   04  0.6830872E+01  0.4607948E+01 -0.7747632E+00 -0.3540579E-01  0.8405297E-01
   04  0.6838011E+01  0.4605806E+01 -0.7743964E+00 -0.3024997E-01  0.8191070E-01
   04  0.6845151E+01  0.4603722E+01 -0.7734026E+00 -0.2513812E-01  0.7982693E-01
   04  0.6852290E+01  0.4601672E+01 -0.7717439E+00 -0.2003107E-01  0.7777693E-01
   04  0.6859429E+01  0.4599624E+01 -0.7694395E+00 -0.1488725E-01  0.7572949E-01
   04  0.6866569E+01  0.4597532E+01 -0.7665683E+00 -0.9698893E-02  0.7363687E-01
   04  0.6873708E+01  0.4595327E+01 -0.7632705E+00 -0.4542638E-02  0.7143199E-01
   04  0.6880847E+01  0.4592924E+01 -0.7596914E+00  0.3719883E-03  0.6902885E-01
   04  0.6887986E+01  0.4590263E+01 -0.7559104E+00  0.5021883E-02  0.6636811E-01
   04  0.6895126E+01  0.4587321E+01 -0.7519640E+00  0.9610114E-02  0.6342628E-01
   04  0.6902265E+01  0.4584085E+01 -0.7478785E+00  0.1433344E-01  0.6019030E-01
   04  0.6909404E+01  0.4580549E+01 -0.7437079E+00  0.1935384E-01  0.5665417E-01
   04  0.6916544E+01  0.4576695E+01 -0.7395787E+00  0.2462550E-01  0.5279991E-01
   04  0.6923683E+01  0.4572502E+01 -0.7356145E+00  0.2992968E-01  0.4860739E-01
   04  0.6930043E+01  0.4568481E+01 -0.7322649E+00  0.3451556E-01  0.4458625E-01
   04  0.6936402E+01  0.4564209E+01 -0.7291019E+00  0.3881336E-01  0.4031381E-01
   04  0.6942762E+01  0.4559730E+01 -0.7260510E+00  0.4278522E-01  0.3583521E-01
   04  0.6949122E+01  0.4555105E+01 -0.7229940E+00  0.4643903E-01  0.3121028E-01
   04  0.6955482E+01  0.4550405E+01 -0.7198177E+00  0.4983458E-01  0.2650998E-01
   04  0.6961841E+01  0.4545693E+01 -0.7164373E+00  0.5297323E-01  0.2179772E-01
   04  0.6968201E+01  0.4541026E+01 -0.7128082E+00  0.5584642E-01  0.1713068E-01
   04  0.6974561E+01  0.4536450E+01 -0.7089264E+00  0.5843578E-01  0.1255519E-01
   04  0.6980921E+01  0.4532001E+01 -0.7048310E+00  0.6071791E-01  0.8105644E-02
   04  0.6987280E+01  0.4527699E+01 -0.7006015E+00  0.6266838E-01  0.3804045E-02
   04  0.6993640E+01  0.4523555E+01 -0.6963486E+00  0.6426622E-01 -0.3395669E-03
   04  0.7000000E+01  0.4519570E+01 -0.6922044E+00  0.6549068E-01 -0.4324576E-02
   04  0.7007139E+01  0.4515280E+01 -0.6879102E+00  0.6641036E-01 -0.8614812E-02
   04  0.7014278E+01  0.4511178E+01 -0.6841877E+00  0.6681487E-01 -0.1271679E-01
   04  0.7021416E+01  0.4507251E+01 -0.6812468E+00  0.6672914E-01 -0.1664369E-01
   04  0.7028555E+01  0.4503479E+01 -0.6792214E+00  0.6626737E-01 -0.2041588E-01
   04  0.7035694E+01  0.4499842E+01 -0.6781492E+00  0.6558987E-01 -0.2405286E-01
   04  0.7042833E+01  0.4496321E+01 -0.6779523E+00  0.6484557E-01 -0.2757427E-01
   04  0.7049971E+01  0.4492907E+01 -0.6784676E+00  0.6420976E-01 -0.3098833E-01
   04  0.7057110E+01  0.4489605E+01 -0.6794549E+00  0.6385069E-01 -0.3429015E-01
   04  0.7064249E+01  0.4486427E+01 -0.6806552E+00  0.6384474E-01 -0.3746787E-01
   04  0.7071388E+01  0.4483386E+01 -0.6818256E+00  0.6419669E-01 -0.4050926E-01
   04  0.7078527E+01  0.4480485E+01 -0.6827854E+00  0.6480839E-01 -0.4341015E-01
   04  0.7085665E+01  0.4477731E+01 -0.6834064E+00  0.6559621E-01 -0.4616437E-01
   04  0.7092804E+01  0.4475133E+01 -0.6836266E+00  0.6652860E-01 -0.4876199E-01
   04  0.7099943E+01  0.4472697E+01 -0.6834485E+00  0.6757674E-01 -0.5119795E-01
   04  0.7107082E+01  0.4470419E+01 -0.6829219E+00  0.6871375E-01 -0.5347583E-01
   04  0.7114220E+01  0.4468290E+01 -0.6821345E+00  0.6990267E-01 -0.5560519E-01
   04  0.7121359E+01  0.4466296E+01 -0.6811893E+00  0.7109508E-01 -0.5759857E-01
   04  0.7128498E+01  0.4464428E+01 -0.6801693E+00  0.7223371E-01 -0.5946702E-01
   04  0.7135637E+01  0.4462681E+01 -0.6791049E+00  0.7325944E-01 -0.6121356E-01
   04  0.7142775E+01  0.4461066E+01 -0.6779478E+00  0.7412294E-01 -0.6282926E-01
   04  0.7149914E+01  0.4459599E+01 -0.6766180E+00  0.7476937E-01 -0.6429572E-01
   04  0.7157052E+01  0.4458320E+01 -0.6748994E+00  0.7510838E-01 -0.6557469E-01
   04  0.7164191E+01  0.4457254E+01 -0.6726765E+00  0.7511368E-01 -0.6664115E-01
   04  0.7171329E+01  0.4456400E+01 -0.6699571E+00  0.7482633E-01 -0.6749473E-01
   04  0.7178468E+01  0.4455742E+01 -0.6668640E+00  0.7430057E-01 -0.6815273E-01
   04  0.7185606E+01  0.4455254E+01 -0.6635684E+00  0.7362127E-01 -0.6864084E-01
   04  0.7192745E+01  0.4454904E+01 -0.6603581E+00  0.7285544E-01 -0.6899144E-01
   04  0.7199883E+01  0.4454676E+01 -0.6573341E+00  0.7202898E-01 -0.6921856E-01
   04  0.7207022E+01  0.4454568E+01 -0.6545608E+00  0.7114868E-01 -0.6932696E-01
   04  0.7214160E+01  0.4454576E+01 -0.6520035E+00  0.7022994E-01 -0.6931949E-01
   04  0.7221299E+01  0.4454686E+01 -0.6495757E+00  0.6922802E-01 -0.6920893E-01
   04  0.7228438E+01  0.4454883E+01 -0.6472135E+00  0.6810921E-01 -0.6901192E-01
   04  0.7235576E+01  0.4455147E+01 -0.6448900E+00  0.6687743E-01 -0.6874774E-01
   04  0.7242715E+01  0.4455464E+01 -0.6425529E+00  0.6550118E-01 -0.6843062E-01
   04  0.7249853E+01  0.4455834E+01 -0.6401118E+00  0.6394609E-01 -0.6806108E-01
   04  0.7256992E+01  0.4456261E+01 -0.6374537E+00  0.6218918E-01 -0.6763419E-01
   04  0.7263354E+01  0.4456697E+01 -0.6347993E+00  0.6042094E-01 -0.6719786E-01
   04  0.7269715E+01  0.4457193E+01 -0.6317858E+00  0.5841459E-01 -0.6670247E-01
   04  0.7276077E+01  0.4457755E+01 -0.6283700E+00  0.5613331E-01 -0.6614039E-01
   04  0.7282439E+01  0.4458390E+01 -0.6245493E+00  0.5354744E-01 -0.6550546E-01
   04  0.7288801E+01  0.4459098E+01 -0.6203282E+00  0.5064395E-01 -0.6479678E-01
   04  0.7295163E+01  0.4459880E+01 -0.6157227E+00  0.4742132E-01 -0.6401504E-01
   04  0.7301524E+01  0.4460733E+01 -0.6107489E+00  0.4388396E-01 -0.6316183E-01
   04  0.7307886E+01  0.4461658E+01 -0.6054268E+00  0.4004381E-01 -0.6223655E-01
   04  0.7314248E+01  0.4462658E+01 -0.5997523E+00  0.3591456E-01 -0.6123747E-01
   04  0.7320610E+01  0.4463736E+01 -0.5937095E+00  0.3150873E-01 -0.6015922E-01
   04  0.7326972E+01  0.4464901E+01 -0.5872634E+00  0.2685497E-01 -0.5899403E-01
   04  0.7333333E+01  0.4466163E+01 -0.5803652E+00  0.2197721E-01 -0.5773227E-01
   04  0.7340470E+01  0.4467706E+01 -0.5720216E+00  0.1627621E-01 -0.5618897E-01
   04  0.7347607E+01  0.4469392E+01 -0.5629594E+00  0.1039692E-01 -0.5450347E-01
   04  0.7354744E+01  0.4471225E+01 -0.5531329E+00  0.4399581E-02 -0.5267050E-01
   04  0.7361881E+01  0.4473201E+01 -0.5425218E+00 -0.1649331E-02 -0.5069412E-01
   04  0.7369018E+01  0.4475309E+01 -0.5311569E+00 -0.7670206E-02 -0.4858570E-01
   04  0.7376155E+01  0.4477531E+01 -0.5191161E+00 -0.1357274E-01 -0.4636437E-01
   04  0.7383292E+01  0.4479840E+01 -0.5065034E+00 -0.1926694E-01 -0.4405501E-01
   04  0.7390429E+01  0.4482211E+01 -0.4934241E+00 -0.2467505E-01 -0.4168447E-01
   04  0.7397566E+01  0.4484619E+01 -0.4799713E+00 -0.2973848E-01 -0.3927629E-01
   04  0.7404702E+01  0.4487044E+01 -0.4662170E+00 -0.3438918E-01 -0.3685107E-01
   04  0.7411839E+01  0.4489470E+01 -0.4521911E+00 -0.3854522E-01 -0.3442508E-01
   04  0.7418976E+01  0.4491896E+01 -0.4378900E+00 -0.4219663E-01 -0.3199939E-01
   04  0.7426113E+01  0.4494331E+01 -0.4232938E+00 -0.4537819E-01 -0.2956390E-01
   04  0.7433250E+01  0.4496788E+01 -0.4083616E+00 -0.4811703E-01 -0.2710656E-01
   04  0.7440387E+01  0.4499285E+01 -0.3930423E+00 -0.5046725E-01 -0.2461039E-01
   04  0.7447524E+01  0.4501833E+01 -0.3772860E+00 -0.5249002E-01 -0.2206159E-01
   04  0.7454661E+01  0.4504446E+01 -0.3610584E+00 -0.5422578E-01 -0.1944944E-01
   04  0.7461798E+01  0.4507127E+01 -0.3443500E+00 -0.5570477E-01 -0.1676805E-01
   04  0.7468934E+01  0.4509881E+01 -0.3271843E+00 -0.5692163E-01 -0.1401446E-01
   04  0.7476070E+01  0.4512700E+01 -0.3096042E+00 -0.5791813E-01 -0.1119507E-01
   04  0.7483206E+01  0.4515576E+01 -0.2916757E+00 -0.5872037E-01 -0.8319152E-02
   04  0.7490341E+01  0.4518493E+01 -0.2734769E+00 -0.5932331E-01 -0.5401659E-02
   04  0.7497477E+01  0.4521428E+01 -0.2550748E+00 -0.5967673E-01 -0.2466933E-02
   04  0.7504613E+01  0.4524348E+01 -0.2365243E+00 -0.5965586E-01  0.4530850E-03
   04  0.7511749E+01  0.4527231E+01 -0.2178377E+00 -0.5920040E-01  0.3336484E-02
   04  0.7518885E+01  0.4530056E+01 -0.1989716E+00 -0.5820536E-01  0.6161268E-02
   04  0.7526021E+01  0.4532801E+01 -0.1798803E+00 -0.5652612E-01  0.8905599E-02
   04  0.7533157E+01  0.4535445E+01 -0.1605072E+00 -0.5403919E-01  0.1154955E-01
   04  0.7540293E+01  0.4537952E+01 -0.1407190E+00 -0.5063222E-01  0.1405660E-01
   04  0.7547429E+01  0.4540300E+01 -0.1204799E+00 -0.4617469E-01  0.1640452E-01
   04  0.7554565E+01  0.4542466E+01 -0.9972039E-01 -0.4060579E-01  0.1857082E-01
   04  0.7561701E+01  0.4544440E+01 -0.7838156E-01 -0.3395231E-01  0.2054467E-01
   04  0.7568837E+01  0.4546215E+01 -0.5646121E-01 -0.2624639E-01  0.2231989E-01
   04  0.7575973E+01  0.4547786E+01 -0.3394785E-01 -0.1753633E-01  0.2389117E-01
   04  0.7583108E+01  0.4549150E+01 -0.1085743E-01 -0.7910282E-02  0.2525534E-01
   04  0.7590244E+01  0.4550309E+01  0.1276725E-01  0.2520786E-02  0.2641355E-01
   04  0.7596613E+01  0.4551172E+01  0.3423973E-01  0.1240953E-01  0.2727722E-01
   04  0.7602981E+01  0.4551882E+01  0.5601558E-01  0.2273937E-01  0.2798692E-01
   04  0.7609350E+01  0.4552446E+01  0.7802009E-01  0.3341084E-01  0.2855125E-01
   04  0.7615718E+01  0.4552875E+01  0.1001724E+00  0.4432808E-01  0.2898022E-01
   04  0.7622087E+01  0.4553179E+01  0.1223849E+00  0.5539636E-01  0.2928352E-01
   04  0.7628456E+01  0.4553365E+01  0.1445644E+00  0.6652839E-01  0.2947031E-01
   04  0.7634824E+01  0.4553444E+01  0.1666163E+00  0.7765067E-01  0.2954910E-01
   04  0.7641193E+01  0.4553423E+01  0.1884480E+00  0.8870852E-01  0.2952782E-01
   04  0.7647561E+01  0.4553308E+01  0.2099725E+00  0.9966628E-01  0.2941346E-01
   04  0.7653930E+01  0.4553107E+01  0.2311108E+00  0.1105082E+00  0.2921214E-01
   04  0.7660298E+01  0.4552824E+01  0.2517918E+00  0.1212318E+00  0.2892864E-01
   04  0.7666667E+01  0.4552462E+01  0.2719554E+00  0.1318452E+00  0.2856652E-01
   04  0.7673798E+01  0.4551966E+01  0.2938603E+00  0.1436150E+00  0.2807147E-01
   04  0.7680929E+01  0.4551380E+01  0.3150154E+00  0.1552846E+00  0.2748500E-01
   04  0.7688060E+01  0.4550706E+01  0.3353977E+00  0.1668695E+00  0.2681145E-01
   04  0.7695191E+01  0.4549952E+01  0.3550022E+00  0.1783764E+00  0.2605701E-01
   04  0.7702322E+01  0.4549125E+01  0.3738365E+00  0.1897985E+00  0.2523030E-01
   04  0.7709453E+01  0.4548237E+01  0.3919201E+00  0.2011113E+00  0.2434176E-01
   04  0.7716583E+01  0.4547298E+01  0.4092859E+00  0.2122744E+00  0.2340303E-01
   04  0.7723714E+01  0.4546322E+01  0.4259768E+00  0.2232365E+00  0.2242652E-01
   04  0.7730845E+01  0.4545320E+01  0.4420413E+00  0.2339430E+00  0.2142525E-01
   04  0.7737976E+01  0.4544308E+01  0.4575266E+00  0.2443428E+00  0.2041270E-01
   04  0.7745107E+01  0.4543297E+01  0.4724759E+00  0.2543935E+00  0.1940233E-01
   04  0.7752238E+01  0.4542302E+01  0.4869294E+00  0.2640637E+00  0.1840685E-01
   04  0.7759369E+01  0.4541333E+01  0.5009263E+00  0.2733324E+00  0.1743778E-01
   04  0.7766500E+01  0.4540400E+01  0.5145080E+00  0.2821871E+00  0.1650510E-01
   04  0.7773631E+01  0.4539512E+01  0.5277222E+00  0.2906223E+00  0.1561723E-01
   04  0.7780762E+01  0.4538676E+01  0.5406239E+00  0.2986387E+00  0.1478116E-01
   04  0.7787893E+01  0.4537898E+01  0.5532767E+00  0.3062412E+00  0.1400273E-01
   04  0.7795024E+01  0.4537182E+01  0.5657526E+00  0.3134379E+00  0.1328701E-01
   04  0.7802153E+01  0.4536534E+01  0.5781271E+00  0.3202356E+00  0.1263887E-01
   04  0.7809283E+01  0.4535958E+01  0.5904872E+00  0.3266439E+00  0.1206271E-01
   04  0.7816412E+01  0.4535458E+01  0.6029197E+00  0.3326672E+00  0.1156322E-01
   04  0.7823541E+01  0.4535040E+01  0.6155115E+00  0.3383057E+00  0.1114506E-01
   04  0.7830670E+01  0.4534708E+01  0.6283448E+00  0.3435547E+00  0.1081261E-01
   04  0.7837799E+01  0.4534464E+01  0.6414904E+00  0.3484052E+00  0.1056937E-01
   04  0.7844928E+01  0.4534312E+01  0.6550001E+00  0.3528482E+00  0.1041682E-01
   04  0.7852058E+01  0.4534248E+01  0.6689004E+00  0.3568797E+00  0.1035322E-01
   04  0.7859187E+01  0.4534269E+01  0.6831892E+00  0.3604981E+00  0.1037371E-01
   04  0.7866316E+01  0.4534365E+01  0.6978371E+00  0.3637093E+00  0.1046994E-01
   04  0.7873445E+01  0.4534544E+01  0.7127729E+00  0.3663999E+00  0.1064877E-01
   04  0.7880574E+01  0.4534809E+01  0.7279092E+00  0.3684666E+00  0.1091448E-01
   04  0.7887703E+01  0.4535145E+01  0.7431500E+00  0.3699503E+00  0.1125026E-01
   04  0.7894833E+01  0.4535527E+01  0.7583910E+00  0.3709454E+00  0.1163200E-01
   04  0.7901962E+01  0.4535921E+01  0.7735438E+00  0.3716291E+00  0.1202564E-01
   04  0.7909091E+01  0.4536303E+01  0.7885174E+00  0.3721161E+00  0.1240846E-01
   04  0.7916220E+01  0.4536673E+01  0.8032226E+00  0.3724017E+00  0.1277793E-01
   04  0.7923349E+01  0.4537033E+01  0.8175732E+00  0.3724503E+00  0.1313758E-01
   04  0.7929737E+01  0.4537350E+01  0.8300653E+00  0.3722577E+00  0.1345482E-01
   04  0.7936124E+01  0.4537662E+01  0.8421655E+00  0.3718298E+00  0.1376655E-01
   04  0.7942512E+01  0.4537962E+01  0.8538336E+00  0.3711830E+00  0.1406722E-01
   04  0.7948900E+01  0.4538245E+01  0.8650288E+00  0.3703313E+00  0.1435045E-01
   04  0.7955287E+01  0.4538505E+01  0.8757125E+00  0.3692836E+00  0.1460978E-01
   04  0.7961675E+01  0.4538733E+01  0.8858512E+00  0.3680501E+00  0.1483826E-01
   04  0.7968062E+01  0.4538925E+01  0.8954193E+00  0.3666423E+00  0.1502983E-01
   04  0.7974450E+01  0.4539075E+01  0.9044021E+00  0.3650739E+00  0.1517982E-01
   04  0.7980837E+01  0.4539181E+01  0.9127996E+00  0.3633616E+00  0.1528578E-01
   04  0.7987225E+01  0.4539243E+01  0.9206264E+00  0.3615242E+00  0.1534770E-01
   04  0.7993612E+01  0.4539263E+01  0.9279106E+00  0.3595820E+00  0.1536788E-01
