# gauge_id=   108 location=(  0.6514291932E+02  0.6514291932E+02 ) num_var=  4
# level, time, q[  1  2  3], eta, aux[]
   01  0.0000000E+00  0.0000000E+00  0.0000000E+00  0.0000000E+00  0.7150000E+01
   01  0.1600000E-01  0.0000000E+00  0.0000000E+00  0.0000000E+00  0.7150000E+01
   01  0.1329653E+00  0.0000000E+00  0.0000000E+00  0.0000000E+00  0.7150000E+01
   01  0.2476540E+00  0.0000000E+00  0.0000000E+00  0.0000000E+00  0.7150000E+01
   01  0.3333333E+00  0.0000000E+00  0.0000000E+00  0.0000000E+00  0.7150000E+01
   01  0.4522257E+00  0.0000000E+00  0.0000000E+00  0.0000000E+00  0.7150000E+01
   01  0.5724150E+00  0.0000000E+00  0.0000000E+00  0.0000000E+00  0.7150000E+01
   01  0.6666667E+00  0.0000000E+00  0.0000000E+00  0.0000000E+00  0.7150000E+01
   01  0.7903854E+00  0.0000000E+00  0.0000000E+00  0.0000000E+00  0.7150000E+01
   01  0.9158532E+00  0.0000000E+00  0.0000000E+00  0.0000000E+00  0.7150000E+01
   01  0.1000000E+01  0.0000000E+00  0.0000000E+00  0.0000000E+00  0.7150000E+01
   01  0.1128722E+01  0.0000000E+00  0.0000000E+00  0.0000000E+00  0.7150000E+01
   01  0.1257366E+01  0.0000000E+00  0.0000000E+00  0.0000000E+00  0.7150000E+01
   01  0.1333333E+01  0.0000000E+00  0.0000000E+00  0.0000000E+00  0.7150000E+01
   01  0.1461954E+01  0.0000000E+00  0.0000000E+00  0.0000000E+00  0.7150000E+01
   01  0.1590570E+01  0.0000000E+00  0.0000000E+00  0.0000000E+00  0.7150000E+01
   01  0.1666667E+01  0.0000000E+00  0.0000000E+00  0.0000000E+00  0.7150000E+01
   01  0.1795194E+01  0.0000000E+00  0.0000000E+00  0.0000000E+00  0.7150000E+01
   02  0.1923729E+01  0.0000000E+00  0.0000000E+00  0.0000000E+00  0.4510000E+01
   02  0.1961864E+01  0.0000000E+00  0.0000000E+00  0.0000000E+00  0.4510000E+01
   02  0.2000000E+01  0.0000000E+00  0.0000000E+00  0.0000000E+00  0.4510000E+01
   02  0.2042869E+01  0.0000000E+00  0.0000000E+00  0.0000000E+00  0.4510000E+01
   02  0.2085738E+01  0.0000000E+00  0.0000000E+00  0.0000000E+00  0.4510000E+01
   02  0.2128607E+01  0.0000000E+00  0.0000000E+00  0.0000000E+00  0.4510000E+01
   02  0.2171468E+01  0.0000000E+00  0.0000000E+00  0.0000000E+00  0.4510000E+01
   02  0.2214329E+01  0.0000000E+00  0.0000000E+00  0.0000000E+00  0.4510000E+01
   02  0.2257190E+01  0.0000000E+00  0.0000000E+00  0.0000000E+00  0.4510000E+01
   02  0.2295261E+01  0.0000000E+00  0.0000000E+00  0.0000000E+00  0.4510000E+01
   02  0.2333333E+01  0.0000000E+00  0.0000000E+00  0.0000000E+00  0.4510000E+01
   02  0.2376168E+01  0.0000000E+00  0.0000000E+00  0.0000000E+00  0.4510000E+01
   02  0.2419002E+01  0.0000000E+00  0.0000000E+00  0.0000000E+00  0.4510000E+01
   02  0.2461836E+01  0.0000000E+00  0.0000000E+00  0.0000000E+00  0.4510000E+01
   02  0.2504676E+01  0.0000000E+00  0.0000000E+00  0.0000000E+00  0.4510000E+01
   02  0.2547516E+01  0.0000000E+00  0.0000000E+00  0.0000000E+00  0.4510000E+01
   02  0.2590356E+01  0.0000000E+00  0.0000000E+00  0.0000000E+00  0.4510000E+01
   02  0.2628511E+01  0.0000000E+00  0.0000000E+00  0.0000000E+00  0.4510000E+01
   02  0.2666667E+01  0.0000000E+00  0.0000000E+00  0.0000000E+00  0.4510000E+01
   02  0.2709527E+01  0.0000000E+00  0.0000000E+00  0.0000000E+00  0.4510000E+01
   02  0.2752387E+01  0.0000000E+00  0.0000000E+00  0.0000000E+00  0.4510000E+01
   02  0.2795247E+01  0.0000000E+00  0.0000000E+00  0.0000000E+00  0.4510000E+01
   02  0.2838101E+01  0.0000000E+00  0.0000000E+00  0.0000000E+00  0.4510000E+01
   02  0.2880955E+01  0.0000000E+00  0.0000000E+00  0.0000000E+00  0.4510000E+01
   02  0.2923808E+01  0.0000000E+00  0.0000000E+00  0.0000000E+00  0.4510000E+01
   02  0.2961904E+01  0.0000000E+00  0.0000000E+00  0.0000000E+00  0.4510000E+01
   02  0.3000000E+01  0.0000000E+00  0.0000000E+00  0.0000000E+00  0.4510000E+01
   02  0.3042839E+01  0.0000000E+00  0.0000000E+00  0.0000000E+00  0.4510000E+01
   02  0.3085678E+01  0.0000000E+00  0.0000000E+00  0.0000000E+00  0.4510000E+01
   02  0.3128516E+01  0.0000000E+00  0.0000000E+00  0.0000000E+00  0.4510000E+01
   03  0.3171360E+01  0.0000000E+00  0.0000000E+00  0.0000000E+00  0.5155000E+01
   03  0.3192782E+01  0.0000000E+00  0.0000000E+00  0.0000000E+00  0.5155000E+01
   03  0.3214204E+01  0.0000000E+00  0.0000000E+00  0.0000000E+00  0.5155000E+01
   03  0.3235626E+01  0.0000000E+00  0.0000000E+00  0.0000000E+00  0.5155000E+01
   03  0.3257048E+01  0.0000000E+00  0.0000000E+00  0.0000000E+00  0.5155000E+01
   03  0.3276119E+01  0.0000000E+00  0.0000000E+00  0.0000000E+00  0.5155000E+01
   03  0.3295190E+01  0.0000000E+00  0.0000000E+00  0.0000000E+00  0.5155000E+01
   03  0.3314262E+01  0.0000000E+00  0.0000000E+00  0.0000000E+00  0.5155000E+01
   03  0.3333333E+01  0.0000000E+00  0.0000000E+00  0.0000000E+00  0.5155000E+01
   03  0.3354761E+01  0.0000000E+00  0.0000000E+00  0.0000000E+00  0.5155000E+01
   03  0.3376188E+01  0.0000000E+00  0.0000000E+00  0.0000000E+00  0.5155000E+01
   03  0.3397615E+01  0.0000000E+00  0.0000000E+00  0.0000000E+00  0.5155000E+01
   03  0.3419043E+01  0.0000000E+00  0.0000000E+00  0.0000000E+00  0.5155000E+01
   03  0.3440470E+01  0.0000000E+00  0.0000000E+00  0.0000000E+00  0.5155000E+01
   03  0.3461897E+01  0.0000000E+00  0.0000000E+00  0.0000000E+00  0.5155000E+01
   03  0.3483322E+01  0.0000000E+00  0.0000000E+00  0.0000000E+00  0.5155000E+01
   03  0.3504748E+01  0.0000000E+00  0.0000000E+00  0.0000000E+00  0.5155000E+01
   03  0.3526173E+01  0.0000000E+00  0.0000000E+00  0.0000000E+00  0.5155000E+01
   03  0.3547598E+01  0.0000000E+00  0.0000000E+00  0.0000000E+00  0.5155000E+01
   03  0.3569023E+01  0.0000000E+00  0.0000000E+00  0.0000000E+00  0.5155000E+01
   04  0.3590448E+01  0.0000000E+00  0.0000000E+00  0.0000000E+00  0.4991250E+01
   04  0.3596800E+01  0.0000000E+00  0.0000000E+00  0.0000000E+00  0.4991250E+01
   04  0.3603151E+01  0.0000000E+00  0.0000000E+00  0.0000000E+00  0.4991250E+01
   04  0.3609503E+01  0.0000000E+00  0.0000000E+00  0.0000000E+00  0.4991250E+01
   04  0.3615854E+01  0.0000000E+00  0.0000000E+00  0.0000000E+00  0.4991250E+01
   04  0.3622206E+01  0.0000000E+00  0.0000000E+00  0.0000000E+00  0.4991250E+01
   04  0.3628557E+01  0.0000000E+00  0.0000000E+00  0.0000000E+00  0.4991250E+01
   04  0.3634909E+01  0.0000000E+00  0.0000000E+00  0.0000000E+00  0.4991250E+01
   04  0.3641261E+01  0.0000000E+00  0.0000000E+00  0.0000000E+00  0.4991250E+01
   04  0.3647612E+01  0.0000000E+00  0.0000000E+00  0.0000000E+00  0.4991250E+01
   04  0.3653964E+01  0.0000000E+00  0.0000000E+00  0.0000000E+00  0.4991250E+01
   04  0.3660315E+01  0.0000000E+00  0.0000000E+00  0.0000000E+00  0.4991250E+01
   04  0.3666667E+01  0.0000000E+00  0.0000000E+00  0.0000000E+00  0.4991250E+01
   04  0.3673807E+01  0.0000000E+00  0.0000000E+00  0.0000000E+00  0.4991250E+01
   04  0.3680947E+01  0.0000000E+00  0.0000000E+00  0.0000000E+00  0.4991250E+01
   04  0.3688088E+01  0.0000000E+00  0.0000000E+00  0.0000000E+00  0.4991250E+01
   04  0.3695228E+01  0.0000000E+00  0.0000000E+00  0.0000000E+00  0.4991250E+01
   04  0.3702368E+01  0.0000000E+00  0.0000000E+00  0.0000000E+00  0.4991250E+01
   04  0.3709508E+01  0.0000000E+00  0.0000000E+00  0.0000000E+00  0.4991250E+01
   04  0.3716649E+01  0.0000000E+00  0.0000000E+00  0.0000000E+00  0.4991250E+01
   04  0.3723789E+01  0.0000000E+00  0.0000000E+00  0.0000000E+00  0.4991250E+01
   04  0.3730929E+01  0.0000000E+00  0.0000000E+00  0.0000000E+00  0.4991250E+01
   04  0.3738070E+01  0.0000000E+00  0.0000000E+00  0.0000000E+00  0.4991250E+01
   04  0.3745210E+01  0.0000000E+00  0.0000000E+00  0.0000000E+00  0.4991250E+01
   04  0.3752350E+01  0.0000000E+00  0.0000000E+00  0.0000000E+00  0.4991250E+01
   04  0.3759491E+01  0.0000000E+00  0.0000000E+00  0.0000000E+00  0.4991250E+01
   04  0.3766631E+01  0.0000000E+00  0.0000000E+00  0.0000000E+00  0.4991250E+01
   04  0.3773771E+01  0.0000000E+00  0.0000000E+00  0.0000000E+00  0.4991250E+01
   04  0.3780912E+01  0.0000000E+00  0.0000000E+00  0.0000000E+00  0.4991250E+01
   04  0.3788052E+01  0.0000000E+00  0.0000000E+00  0.0000000E+00  0.4991250E+01
   04  0.3795192E+01  0.0000000E+00  0.0000000E+00  0.0000000E+00  0.4991250E+01
   04  0.3802333E+01  0.0000000E+00  0.0000000E+00  0.0000000E+00  0.4991250E+01
   04  0.3809474E+01  0.0000000E+00  0.0000000E+00  0.0000000E+00  0.4991250E+01
   04  0.3816614E+01  0.0000000E+00  0.0000000E+00  0.0000000E+00  0.4991250E+01
   04  0.3823755E+01  0.0000000E+00  0.0000000E+00  0.0000000E+00  0.4991250E+01
   04  0.3830896E+01  0.0000000E+00  0.0000000E+00  0.0000000E+00  0.4991250E+01
   04  0.3838037E+01  0.0000000E+00  0.0000000E+00  0.0000000E+00  0.4991250E+01
   04  0.3842797E+01  0.0000000E+00  0.0000000E+00  0.0000000E+00  0.4991250E+01
   04  0.3847558E+01  0.0000000E+00  0.0000000E+00  0.0000000E+00  0.4991250E+01
   04  0.3852318E+01  0.0000000E+00  0.0000000E+00  0.0000000E+00  0.4991250E+01
   04  0.3857079E+01  0.0000000E+00  0.0000000E+00  0.0000000E+00  0.4991250E+01
   04  0.3861839E+01  0.0000000E+00  0.0000000E+00  0.0000000E+00  0.4991250E+01
   04  0.3866600E+01  0.0000000E+00  0.0000000E+00  0.0000000E+00  0.4991250E+01
   04  0.3871360E+01  0.0000000E+00  0.0000000E+00  0.0000000E+00  0.4991250E+01
   04  0.3876121E+01  0.0000000E+00  0.0000000E+00  0.0000000E+00  0.4991250E+01
   04  0.3880882E+01  0.0000000E+00  0.0000000E+00  0.0000000E+00  0.4991250E+01
   04  0.3886237E+01  0.0000000E+00  0.0000000E+00  0.0000000E+00  0.4991250E+01
   04  0.3891593E+01  0.0000000E+00  0.0000000E+00  0.0000000E+00  0.4991250E+01
   04  0.3896948E+01  0.0000000E+00  0.0000000E+00  0.0000000E+00  0.4991250E+01
   04  0.3902304E+01  0.0000000E+00  0.0000000E+00  0.0000000E+00  0.4991250E+01
   04  0.3907659E+01  0.0000000E+00  0.0000000E+00  0.0000000E+00  0.4991250E+01
   04  0.3913015E+01  0.0000000E+00  0.0000000E+00  0.0000000E+00  0.4991250E+01
   04  0.3918371E+01  0.0000000E+00  0.0000000E+00  0.0000000E+00  0.4991250E+01
   04  0.3923726E+01  0.0000000E+00  0.0000000E+00  0.0000000E+00  0.4991250E+01
   04  0.3930082E+01  0.0000000E+00  0.0000000E+00  0.0000000E+00  0.4991250E+01
   04  0.3936438E+01  0.0000000E+00  0.0000000E+00  0.0000000E+00  0.4991250E+01
   04  0.3942795E+01  0.0000000E+00  0.0000000E+00  0.0000000E+00  0.4991250E+01
   04  0.3949151E+01  0.0000000E+00  0.0000000E+00  0.0000000E+00  0.4991250E+01
   04  0.3955507E+01  0.0000000E+00  0.0000000E+00  0.0000000E+00  0.4991250E+01
   04  0.3961863E+01  0.0000000E+00  0.0000000E+00  0.0000000E+00  0.4991250E+01
   04  0.3968219E+01  0.0000000E+00  0.0000000E+00  0.0000000E+00  0.4991250E+01
   04  0.3974575E+01  0.0000000E+00  0.0000000E+00  0.0000000E+00  0.4991250E+01
   04  0.3980932E+01  0.0000000E+00  0.0000000E+00  0.0000000E+00  0.4991250E+01
   04  0.3987288E+01  0.0000000E+00  0.0000000E+00  0.0000000E+00  0.4991250E+01
   04  0.3993644E+01  0.0000000E+00  0.0000000E+00  0.0000000E+00  0.4991250E+01
   04  0.4000000E+01  0.0000000E+00  0.0000000E+00  0.0000000E+00  0.4991250E+01
   04  0.4007142E+01  0.0000000E+00  0.0000000E+00  0.0000000E+00  0.4991250E+01
   04  0.4014284E+01  0.0000000E+00  0.0000000E+00  0.0000000E+00  0.4991250E+01
   04  0.4021426E+01  0.0000000E+00  0.0000000E+00  0.0000000E+00  0.4991250E+01
   04  0.4028568E+01  0.0000000E+00  0.0000000E+00  0.0000000E+00  0.4991250E+01
   04  0.4035710E+01  0.0000000E+00  0.0000000E+00  0.0000000E+00  0.4991250E+01
   04  0.4042852E+01  0.0000000E+00  0.0000000E+00  0.0000000E+00  0.4991250E+01
   04  0.4049994E+01  0.0000000E+00  0.0000000E+00  0.0000000E+00  0.4991250E+01
   04  0.4057136E+01  0.0000000E+00  0.0000000E+00  0.0000000E+00  0.4991250E+01
   04  0.4064278E+01  0.0000000E+00  0.0000000E+00  0.0000000E+00  0.4991250E+01
   04  0.4071420E+01  0.0000000E+00  0.0000000E+00  0.0000000E+00  0.4991250E+01
   04  0.4078562E+01  0.0000000E+00  0.0000000E+00  0.0000000E+00  0.4991250E+01
   04  0.4085704E+01  0.0000000E+00  0.0000000E+00  0.0000000E+00  0.4991250E+01
   04  0.4092846E+01  0.0000000E+00  0.0000000E+00  0.0000000E+00  0.4991250E+01
   04  0.4099988E+01  0.0000000E+00  0.0000000E+00  0.0000000E+00  0.4991250E+01
   04  0.4107130E+01  0.0000000E+00  0.0000000E+00  0.0000000E+00  0.4991250E+01
   04  0.4114272E+01  0.0000000E+00  0.0000000E+00  0.0000000E+00  0.4991250E+01
   04  0.4121414E+01  0.0000000E+00  0.0000000E+00  0.0000000E+00  0.4991250E+01
   04  0.4128556E+01  0.0000000E+00  0.0000000E+00  0.0000000E+00  0.4991250E+01
   04  0.4135697E+01  0.0000000E+00  0.0000000E+00  0.0000000E+00  0.4991250E+01
   04  0.4142839E+01  0.0000000E+00  0.0000000E+00  0.0000000E+00  0.4991250E+01
   04  0.4149980E+01  0.0000000E+00  0.0000000E+00  0.0000000E+00  0.4991250E+01
   04  0.4157121E+01  0.0000000E+00  0.0000000E+00  0.0000000E+00  0.4991250E+01
   04  0.4164263E+01  0.0000000E+00  0.0000000E+00  0.0000000E+00  0.4991250E+01
   04  0.4171404E+01  0.0000000E+00  0.0000000E+00  0.0000000E+00  0.4991250E+01
   04  0.4178546E+01  0.0000000E+00  0.0000000E+00  0.0000000E+00  0.4991250E+01
   04  0.4185687E+01  0.0000000E+00  0.0000000E+00  0.0000000E+00  0.4991250E+01
   04  0.4192828E+01  0.0000000E+00  0.0000000E+00  0.0000000E+00  0.4991250E+01
   04  0.4199970E+01  0.0000000E+00  0.0000000E+00  0.0000000E+00  0.4991250E+01
   04  0.4207111E+01  0.0000000E+00  0.0000000E+00  0.0000000E+00  0.4991250E+01
   04  0.4214252E+01  0.0000000E+00  0.0000000E+00  0.0000000E+00  0.4991250E+01
   04  0.4221394E+01  0.0000000E+00  0.0000000E+00  0.0000000E+00  0.4991250E+01
   04  0.4228535E+01  0.0000000E+00  0.0000000E+00  0.0000000E+00  0.4991250E+01
   04  0.4235677E+01  0.0000000E+00  0.0000000E+00  0.0000000E+00  0.4991250E+01
   04  0.4242818E+01  0.0000000E+00  0.0000000E+00  0.0000000E+00  0.4991250E+01
   04  0.4249959E+01  0.0000000E+00  0.0000000E+00  0.0000000E+00  0.4991250E+01
   04  0.4257101E+01  0.0000000E+00  0.0000000E+00  0.0000000E+00  0.4991250E+01
   04  0.4263453E+01  0.0000000E+00  0.0000000E+00  0.0000000E+00  0.4991250E+01
   04  0.4269806E+01  0.0000000E+00  0.0000000E+00  0.0000000E+00  0.4991250E+01
   04  0.4276159E+01  0.0000000E+00  0.0000000E+00  0.0000000E+00  0.4991250E+01
   04  0.4282512E+01  0.0000000E+00  0.0000000E+00  0.0000000E+00  0.4991250E+01
   04  0.4288864E+01  0.0000000E+00  0.0000000E+00  0.0000000E+00  0.4991250E+01
   04  0.4295217E+01  0.0000000E+00  0.0000000E+00  0.0000000E+00  0.4991250E+01
   04  0.4301570E+01  0.0000000E+00  0.0000000E+00  0.0000000E+00  0.4991250E+01
   04  0.4307922E+01  0.0000000E+00  0.0000000E+00  0.0000000E+00  0.4991250E+01
   04  0.4314275E+01  0.0000000E+00  0.0000000E+00  0.0000000E+00  0.4991250E+01
   04  0.4320628E+01  0.0000000E+00  0.0000000E+00  0.0000000E+00  0.4991250E+01
   04  0.4326981E+01  0.0000000E+00  0.0000000E+00  0.0000000E+00  0.4991250E+01
   04  0.4333333E+01  0.0000000E+00  0.0000000E+00  0.0000000E+00  0.4991250E+01
   04  0.4340474E+01  0.0000000E+00  0.0000000E+00  0.0000000E+00  0.4991250E+01
   04  0.4347614E+01  0.0000000E+00  0.0000000E+00  0.0000000E+00  0.4991250E+01
   04  0.4354755E+01  0.0000000E+00  0.0000000E+00  0.0000000E+00  0.4991250E+01
   04  0.4361895E+01  0.0000000E+00  0.0000000E+00  0.0000000E+00  0.4991250E+01
   04  0.4369036E+01  0.0000000E+00  0.0000000E+00  0.0000000E+00  0.4991250E+01
   04  0.4376176E+01  0.0000000E+00  0.0000000E+00  0.0000000E+00  0.4991250E+01
   04  0.4383317E+01  0.0000000E+00  0.0000000E+00  0.0000000E+00  0.4991250E+01
   04  0.4390457E+01  0.0000000E+00  0.0000000E+00  0.0000000E+00  0.4991250E+01
   04  0.4397598E+01  0.0000000E+00  0.0000000E+00  0.0000000E+00  0.4991250E+01
   04  0.4404738E+01  0.0000000E+00  0.0000000E+00  0.0000000E+00  0.4991250E+01
   04  0.4411879E+01  0.0000000E+00  0.0000000E+00  0.0000000E+00  0.4991250E+01
   04  0.4419019E+01  0.0000000E+00  0.0000000E+00  0.0000000E+00  0.4991250E+01
   04  0.4426160E+01  0.0000000E+00  0.0000000E+00  0.0000000E+00  0.4991250E+01
   04  0.4433300E+01  0.0000000E+00  0.0000000E+00  0.0000000E+00  0.4991250E+01
   04  0.4440441E+01  0.0000000E+00  0.0000000E+00  0.0000000E+00  0.4991250E+01
   04  0.4447581E+01  0.0000000E+00  0.0000000E+00  0.0000000E+00  0.4991250E+01
   04  0.4454722E+01  0.0000000E+00  0.0000000E+00  0.0000000E+00  0.4991250E+01
   04  0.4461862E+01  0.0000000E+00  0.0000000E+00  0.0000000E+00  0.4991250E+01
   04  0.4469003E+01  0.0000000E+00  0.0000000E+00  0.0000000E+00  0.4991250E+01
   04  0.4476144E+01  0.0000000E+00  0.0000000E+00  0.0000000E+00  0.4991250E+01
   04  0.4483285E+01  0.0000000E+00  0.0000000E+00  0.0000000E+00  0.4991250E+01
   04  0.4490426E+01  0.0000000E+00  0.0000000E+00  0.0000000E+00  0.4991250E+01
   04  0.4497567E+01  0.0000000E+00  0.0000000E+00  0.0000000E+00  0.4991250E+01
   04  0.4504708E+01  0.0000000E+00  0.0000000E+00  0.0000000E+00  0.4991250E+01
   04  0.4511849E+01  0.0000000E+00  0.0000000E+00  0.0000000E+00  0.4991250E+01
   04  0.4518990E+01  0.0000000E+00  0.0000000E+00  0.0000000E+00  0.4991250E+01
   04  0.4526131E+01  0.0000000E+00  0.0000000E+00  0.0000000E+00  0.4991250E+01
   04  0.4533272E+01  0.3150950E-01  0.1009775E+00  0.1004926E+00  0.4905958E+01
   04  0.4540413E+01  0.4565000E-01  0.1439295E+00  0.1432221E+00  0.4920099E+01
   04  0.4547554E+01  0.6151225E-01  0.1897537E+00  0.1887975E+00  0.4935961E+01
   04  0.4554695E+01  0.7631635E-01  0.2306862E+00  0.2295080E+00  0.4950765E+01
   04  0.4561836E+01  0.8949781E-01  0.2621594E+00  0.2608097E+00  0.4963946E+01
   04  0.4568977E+01  0.1006230E+00  0.2845341E+00  0.2830859E+00  0.4975072E+01
   04  0.4576118E+01  0.1101409E+00  0.2995269E+00  0.2980409E+00  0.4984590E+01
   04  0.4583259E+01  0.1185646E+00  0.3092953E+00  0.3078275E+00  0.4993013E+01
   04  0.4590400E+01  0.1259987E+00  0.3146423E+00  0.3132405E+00  0.5000447E+01
   04  0.4596755E+01  0.1319676E+00  0.3161578E+00  0.3148522E+00  0.5006416E+01
   04  0.4603111E+01  0.1372783E+00  0.3150205E+00  0.3138391E+00  0.5011727E+01
   04  0.4609466E+01  0.1424677E+00  0.3130768E+00  0.3120290E+00  0.5016916E+01
   04  0.4615822E+01  0.1476606E+00  0.3107461E+00  0.3098372E+00  0.5022109E+01
   04  0.4622178E+01  0.1528871E+00  0.3081254E+00  0.3073569E+00  0.5027336E+01
   04  0.4628533E+01  0.1581556E+00  0.3052146E+00  0.3046236E+00  0.5032604E+01
   04  0.4634889E+01  0.1634345E+00  0.3019788E+00  0.3015464E+00  0.5037883E+01
   04  0.4641244E+01  0.1690551E+00  0.2987036E+00  0.2984910E+00  0.5043504E+01
   04  0.4647600E+01  0.1751807E+00  0.2952928E+00  0.2951028E+00  0.5049629E+01
   04  0.4653955E+01  0.1812198E+00  0.2911645E+00  0.2909114E+00  0.5055668E+01
   04  0.4660311E+01  0.1867946E+00  0.2864601E+00  0.2857799E+00  0.5061243E+01
   04  0.4666667E+01  0.1913154E+00  0.2783953E+00  0.2776863E+00  0.5065764E+01
   04  0.4673808E+01  0.1940179E+00  0.2652912E+00  0.2646693E+00  0.5068466E+01
   04  0.4680950E+01  0.1957260E+00  0.2499135E+00  0.2493327E+00  0.5070175E+01
   04  0.4688091E+01  0.1956131E+00  0.2349583E+00  0.2343223E+00  0.5070062E+01
   04  0.4695232E+01  0.1960085E+00  0.2215423E+00  0.2207982E+00  0.5070457E+01
   04  0.4702374E+01  0.1988566E+00  0.2106724E+00  0.2095897E+00  0.5073305E+01
   04  0.4709515E+01  0.2012723E+00  0.1991555E+00  0.1974634E+00  0.5075721E+01
   04  0.4716657E+01  0.2048142E+00  0.1859853E+00  0.1835213E+00  0.5079263E+01
   04  0.4723798E+01  0.2076772E+00  0.1716741E+00  0.1682484E+00  0.5082126E+01
   04  0.4730940E+01  0.2091821E+00  0.1563008E+00  0.1518785E+00  0.5083631E+01
   04  0.4738081E+01  0.2102260E+00  0.1403286E+00  0.1349968E+00  0.5084675E+01
   04  0.4745223E+01  0.2108922E+00  0.1239144E+00  0.1177614E+00  0.5085341E+01
   04  0.4752364E+01  0.2112371E+00  0.1071619E+00  0.1003258E+00  0.5085686E+01
   04  0.4759505E+01  0.2112776E+00  0.9016297E-01  0.8280744E-01  0.5085726E+01
   04  0.4766647E+01  0.2110204E+00  0.7301537E-01  0.6530775E-01  0.5085469E+01
   04  0.4773788E+01  0.2104858E+00  0.5581875E-01  0.4792583E-01  0.5084934E+01
   04  0.4780930E+01  0.2096934E+00  0.3866991E-01  0.3073417E-01  0.5084142E+01
   04  0.4788071E+01  0.2086622E+00  0.2164359E-01  0.1379576E-01  0.5083111E+01
   04  0.4795213E+01  0.2074053E+00  0.4609811E-02 -0.2911543E-02  0.5081854E+01
   04  0.4802354E+01  0.2059222E+00 -0.1213737E-01 -0.1913748E-01  0.5080371E+01
   04  0.4809495E+01  0.2042160E+00 -0.2835697E-01 -0.3435352E-01  0.5078665E+01
   04  0.4816636E+01  0.2022811E+00 -0.4416698E-01 -0.4924630E-01  0.5076730E+01
   04  0.4823776E+01  0.2001358E+00 -0.5949913E-01 -0.6377390E-01  0.5074584E+01
   04  0.4830917E+01  0.1977893E+00 -0.7429898E-01 -0.7786430E-01  0.5072238E+01
   04  0.4838058E+01  0.1952431E+00 -0.8851230E-01 -0.9145281E-01  0.5069692E+01
   04  0.4845199E+01  0.1924945E+00 -0.1020869E+00 -0.1044791E+00  0.5066943E+01
   04  0.4852340E+01  0.1895429E+00 -0.1149748E+00 -0.1168767E+00  0.5063992E+01
   04  0.4859481E+01  0.1864037E+00 -0.1271570E+00 -0.1286195E+00  0.5060852E+01
   04  0.4866622E+01  0.1831268E+00 -0.1387226E+00 -0.1397499E+00  0.5057575E+01
   04  0.4873763E+01  0.1795048E+00 -0.1493213E+00 -0.1500502E+00  0.5053953E+01
   04  0.4880904E+01  0.1757549E+00 -0.1592095E+00 -0.1597621E+00  0.5050204E+01
   04  0.4888045E+01  0.1720707E+00 -0.1684290E+00 -0.1687422E+00  0.5046519E+01
   04  0.4895186E+01  0.1684961E+00 -0.1772741E+00 -0.1773629E+00  0.5042945E+01
   04  0.4902327E+01  0.1650512E+00 -0.1858736E+00 -0.1858136E+00  0.5039500E+01
   04  0.4909468E+01  0.1617492E+00 -0.1941880E+00 -0.1940640E+00  0.5036198E+01
   04  0.4916609E+01  0.1586329E+00 -0.2022683E+00 -0.2020971E+00  0.5033082E+01
   04  0.4923750E+01  0.1551147E+00 -0.2095743E+00 -0.2093313E+00  0.5029563E+01
   04  0.4930104E+01  0.1527167E+00 -0.2169969E+00 -0.2167661E+00  0.5027165E+01
   04  0.4936458E+01  0.1502919E+00 -0.2240284E+00 -0.2238417E+00  0.5024741E+01
   04  0.4942812E+01  0.1477721E+00 -0.2305811E+00 -0.2304472E+00  0.5022221E+01
   04  0.4949167E+01  0.1453227E+00 -0.2369784E+00 -0.2369311E+00  0.5019771E+01
   04  0.4955521E+01  0.1429678E+00 -0.2432930E+00 -0.2433626E+00  0.5017416E+01
   04  0.4961875E+01  0.1406140E+00 -0.2493156E+00 -0.2495389E+00  0.5015063E+01
   04  0.4968229E+01  0.1381392E+00 -0.2547812E+00 -0.2551479E+00  0.5012588E+01
   04  0.4974583E+01  0.1355130E+00 -0.2595619E+00 -0.2600689E+00  0.5009962E+01
   04  0.4980937E+01  0.1326501E+00 -0.2633589E+00 -0.2639940E+00  0.5007099E+01
   04  0.4984115E+01  0.1310894E+00 -0.2647261E+00 -0.2654192E+00  0.5005538E+01
   04  0.4987292E+01  0.1294315E+00 -0.2657253E+00 -0.2664703E+00  0.5003880E+01
   04  0.4990469E+01  0.1276676E+00 -0.2663249E+00 -0.2671154E+00  0.5002116E+01
   04  0.4993646E+01  0.1257901E+00 -0.2664960E+00 -0.2673249E+00  0.5000239E+01
   04  0.4996823E+01  0.1237922E+00 -0.2662125E+00 -0.2670723E+00  0.4998241E+01
   04  0.5000000E+01  0.1216691E+00 -0.2654516E+00 -0.2663346E+00  0.4996118E+01
   04  0.5005356E+01  0.1178290E+00 -0.2631944E+00 -0.2640984E+00  0.4992278E+01
   04  0.5010711E+01  0.1136176E+00 -0.2594847E+00 -0.2603881E+00  0.4988066E+01
   04  0.5016067E+01  0.1090334E+00 -0.2542834E+00 -0.2551656E+00  0.4983482E+01
   04  0.5021422E+01  0.1040850E+00 -0.2475829E+00 -0.2484254E+00  0.4978534E+01
   04  0.5026778E+01  0.9879171E-01 -0.2394088E+00 -0.2401963E+00  0.4973240E+01
   04  0.5032133E+01  0.9318895E-01 -0.2298290E+00 -0.2305461E+00  0.4967638E+01
   04  0.5037489E+01  0.8731187E-01 -0.2189080E+00 -0.2195571E+00  0.4961761E+01
   04  0.5042844E+01  0.8120485E-01 -0.2067312E+00 -0.2073370E+00  0.4955653E+01
   04  0.5049985E+01  0.7271775E-01 -0.1887581E+00 -0.1892598E+00  0.4947166E+01
   04  0.5057125E+01  0.6390004E-01 -0.1688996E+00 -0.1693153E+00  0.4938349E+01
   04  0.5064266E+01  0.5507097E-01 -0.1479427E+00 -0.1483250E+00  0.4929520E+01
   04  0.5071407E+01  0.4649942E-01 -0.1264079E+00 -0.1267557E+00  0.4920948E+01
   04  0.5078547E+01  0.3836858E-01 -0.1049160E+00 -0.1052538E+00  0.4912817E+01
   04  0.5085688E+01  0.3105152E-01 -0.8462359E-01 -0.8494655E-01  0.4905500E+01
   04  0.5092829E+01  0.2475554E-01 -0.6627244E-01 -0.6658774E-01  0.4899204E+01
   04  0.5099969E+01  0.1949132E-01 -0.5037620E-01 -0.5066885E-01  0.4893940E+01
   04  0.5107110E+01  0.1537090E-01 -0.3772080E-01 -0.3794909E-01  0.4889820E+01
   04  0.5109490E+01  0.1430632E-01 -0.3442500E-01 -0.3463307E-01  0.4888755E+01
   04  0.5111871E+01  0.1334886E-01 -0.3147153E-01 -0.3165959E-01  0.4887797E+01
   04  0.5114251E+01  0.1248692E-01 -0.2881794E-01 -0.2898910E-01  0.4886936E+01
   04  0.5116631E+01  0.1171034E-01 -0.2643312E-01 -0.2659105E-01  0.4886159E+01
   04  0.5119011E+01  0.1100988E-01 -0.2428848E-01 -0.2443592E-01  0.4885459E+01
   04  0.5121392E+01  0.1037714E-01 -0.2235845E-01 -0.2249881E-01  0.4884826E+01
   04  0.5123772E+01  0.9804179E-02 -0.2062008E-01 -0.2075720E-01  0.4884253E+01
   04  0.5126152E+01  0.9283427E-02 -0.1905140E-01 -0.1918901E-01  0.4883732E+01
   04  0.5128532E+01  0.8812581E-02 -0.1764694E-01 -0.1778699E-01  0.4883261E+01
   04  0.5135673E+01  0.7568647E-02 -0.1397513E-01 -0.1413292E-01  0.4882017E+01
   04  0.5142814E+01  0.6631810E-02 -0.1127243E-01 -0.1147662E-01  0.4881080E+01
   04  0.5149955E+01  0.5898122E-02 -0.9197125E-02 -0.9442266E-02  0.4880347E+01
   04  0.5157096E+01  0.5313683E-02 -0.7589453E-02 -0.7828945E-02  0.4879762E+01
   04  0.5164237E+01  0.4864913E-02 -0.6377114E-02 -0.6593641E-02  0.4879314E+01
   04  0.5171378E+01  0.4526120E-02 -0.5480858E-02 -0.5673800E-02  0.4878975E+01
   04  0.5174948E+01  0.4397059E-02 -0.5146297E-02 -0.5331038E-02  0.4878846E+01
   04  0.5178519E+01  0.4285226E-02 -0.4859549E-02 -0.5036781E-02  0.4878734E+01
   04  0.5182089E+01  0.4188709E-02 -0.4617422E-02 -0.4786842E-02  0.4878637E+01
   04  0.5185660E+01  0.4105104E-02 -0.4411305E-02 -0.4573261E-02  0.4878554E+01
   04  0.5189230E+01  0.4032400E-02 -0.4235207E-02 -0.4389124E-02  0.4878481E+01
   04  0.5192800E+01  0.3969027E-02 -0.4084238E-02 -0.4229618E-02  0.4878418E+01
   04  0.5196371E+01  0.3913736E-02 -0.3954375E-02 -0.4091054E-02  0.4878362E+01
   04  0.5199941E+01  0.3865496E-02 -0.3842359E-02 -0.3970403E-02  0.4878314E+01
   04  0.5203512E+01  0.3823480E-02 -0.3746646E-02 -0.3865415E-02  0.4878272E+01
   04  0.5207082E+01  0.3786892E-02 -0.3664024E-02 -0.3774546E-02  0.4878236E+01
   04  0.5210653E+01  0.3755033E-02 -0.3592378E-02 -0.3695005E-02  0.4878204E+01
   04  0.5214223E+01  0.3727355E-02 -0.3530245E-02 -0.3625326E-02  0.4878176E+01
   04  0.5219579E+01  0.3691397E-02 -0.3444738E-02 -0.3529013E-02  0.4878140E+01
   04  0.5224935E+01  0.3662781E-02 -0.3375875E-02 -0.3450177E-02  0.4878111E+01
   04  0.5230290E+01  0.3640335E-02 -0.3320700E-02 -0.3385844E-02  0.4878089E+01
   04  0.5235646E+01  0.3623028E-02 -0.3276743E-02 -0.3333526E-02  0.4878072E+01
   04  0.5241002E+01  0.3610022E-02 -0.3242059E-02 -0.3291255E-02  0.4878059E+01
   04  0.5246357E+01  0.3600584E-02 -0.3215017E-02 -0.3257370E-02  0.4878049E+01
   04  0.5247696E+01  0.3599009E-02 -0.3213067E-02 -0.3253882E-02  0.4878048E+01
   04  0.5249035E+01  0.3597587E-02 -0.3211333E-02 -0.3250652E-02  0.4878046E+01
   04  0.5250374E+01  0.3596311E-02 -0.3209800E-02 -0.3247666E-02  0.4878045E+01
   04  0.5251713E+01  0.3595171E-02 -0.3208457E-02 -0.3244911E-02  0.4878044E+01
   04  0.5253052E+01  0.3594160E-02 -0.3207291E-02 -0.3242376E-02  0.4878043E+01
   04  0.5254391E+01  0.3593270E-02 -0.3206290E-02 -0.3240051E-02  0.4878042E+01
   04  0.5255730E+01  0.3592492E-02 -0.3205441E-02 -0.3237918E-02  0.4878041E+01
   04  0.5257069E+01  0.3591819E-02 -0.3204734E-02 -0.3235964E-02  0.4878040E+01
   04  0.5263424E+01  0.3588631E-02 -0.3182727E-02 -0.3208255E-02  0.4878037E+01
   04  0.5269779E+01  0.3587243E-02 -0.3166233E-02 -0.3186955E-02  0.4878036E+01
   04  0.5276135E+01  0.3586860E-02 -0.3153632E-02 -0.3170343E-02  0.4878035E+01
   04  0.5282490E+01  0.3586739E-02 -0.3143480E-02 -0.3156882E-02  0.4878035E+01
   04  0.5288846E+01  0.3586190E-02 -0.3134538E-02 -0.3145226E-02  0.4878035E+01
   04  0.5295201E+01  0.3584605E-02 -0.3125744E-02 -0.3134247E-02  0.4878033E+01
   04  0.5301556E+01  0.3581510E-02 -0.3116170E-02 -0.3122990E-02  0.4878030E+01
   04  0.5307912E+01  0.3576520E-02 -0.3105053E-02 -0.3110646E-02  0.4878025E+01
   04  0.5314267E+01  0.3569321E-02 -0.3091790E-02 -0.3096543E-02  0.4878018E+01
   04  0.5320623E+01  0.3559663E-02 -0.3075899E-02 -0.3080146E-02  0.4878008E+01
   04  0.5326978E+01  0.3547355E-02 -0.3057036E-02 -0.3061033E-02  0.4877996E+01
   04  0.5333333E+01  0.3532280E-02 -0.3034945E-02 -0.3038898E-02  0.4877981E+01
   04  0.5340474E+01  0.3511982E-02 -0.3003023E-02 -0.3007095E-02  0.4877961E+01
   04  0.5347615E+01  0.3488123E-02 -0.2967359E-02 -0.2971725E-02  0.4877937E+01
   04  0.5354756E+01  0.3460783E-02 -0.2927884E-02 -0.2932677E-02  0.4877909E+01
   04  0.5361897E+01  0.3430125E-02 -0.2884666E-02 -0.2889977E-02  0.4877879E+01
   04  0.5369038E+01  0.3396367E-02 -0.2837889E-02 -0.2843793E-02  0.4877845E+01
   04  0.5376179E+01  0.3359788E-02 -0.2787845E-02 -0.2794402E-02  0.4877808E+01
   04  0.5383320E+01  0.3320702E-02 -0.2734936E-02 -0.2742126E-02  0.4877769E+01
   04  0.5390460E+01  0.3279460E-02 -0.2679613E-02 -0.2687356E-02  0.4877728E+01
   04  0.5397601E+01  0.3236442E-02 -0.2622337E-02 -0.2630542E-02  0.4877685E+01
   04  0.5404742E+01  0.3192029E-02 -0.2563589E-02 -0.2572167E-02  0.4877641E+01
   04  0.5411883E+01  0.3146609E-02 -0.2503860E-02 -0.2512711E-02  0.4877595E+01
   04  0.5419024E+01  0.3100552E-02 -0.2443629E-02 -0.2452648E-02  0.4877549E+01
   04  0.5426165E+01  0.3054199E-02 -0.2383365E-02 -0.2392423E-02  0.4877503E+01
   04  0.5433306E+01  0.3007877E-02 -0.2323493E-02 -0.2332458E-02  0.4877457E+01
   04  0.5440447E+01  0.2961884E-02 -0.2264387E-02 -0.2273144E-02  0.4877411E+01
   04  0.5447588E+01  0.2916487E-02 -0.2206382E-02 -0.2214831E-02  0.4877365E+01
   04  0.5454728E+01  0.2871918E-02 -0.2149765E-02 -0.2157821E-02  0.4877321E+01
   04  0.5461869E+01  0.2828374E-02 -0.2094776E-02 -0.2102370E-02  0.4877277E+01
   04  0.5469010E+01  0.2786018E-02 -0.2041612E-02 -0.2048690E-02  0.4877235E+01
   04  0.5476151E+01  0.2744976E-02 -0.1990414E-02 -0.1996939E-02  0.4877194E+01
   04  0.5483291E+01  0.2705345E-02 -0.1941287E-02 -0.1947235E-02  0.4877154E+01
   04  0.5490432E+01  0.2667191E-02 -0.1894295E-02 -0.1899654E-02  0.4877116E+01
   04  0.5497573E+01  0.2630553E-02 -0.1849466E-02 -0.1854238E-02  0.4877079E+01
   04  0.5504713E+01  0.2595447E-02 -0.1806797E-02 -0.1810992E-02  0.4877044E+01
   04  0.5511854E+01  0.2561865E-02 -0.1766258E-02 -0.1769897E-02  0.4877010E+01
   04  0.5518995E+01  0.2529785E-02 -0.1727797E-02 -0.1730906E-02  0.4876978E+01
   04  0.5526135E+01  0.2499168E-02 -0.1691344E-02 -0.1693955E-02  0.4876948E+01
   04  0.5531491E+01  0.2477337E-02 -0.1670086E-02 -0.1672346E-02  0.4876926E+01
   04  0.5536846E+01  0.2456253E-02 -0.1648986E-02 -0.1650916E-02  0.4876905E+01
   04  0.5542202E+01  0.2435886E-02 -0.1628152E-02 -0.1629773E-02  0.4876885E+01
   04  0.5547557E+01  0.2416210E-02 -0.1607673E-02 -0.1609007E-02  0.4876865E+01
   04  0.5552913E+01  0.2397008E-02 -0.1587374E-02 -0.1588444E-02  0.4876846E+01
   04  0.5558268E+01  0.2378401E-02 -0.1567482E-02 -0.1568311E-02  0.4876827E+01
   04  0.5563624E+01  0.2360467E-02 -0.1548153E-02 -0.1548762E-02  0.4876809E+01
   04  0.5568979E+01  0.2343269E-02 -0.1529512E-02 -0.1529922E-02  0.4876792E+01
   04  0.5574334E+01  0.2326824E-02 -0.1511617E-02 -0.1511850E-02  0.4876775E+01
   04  0.5579690E+01  0.2311089E-02 -0.1494453E-02 -0.1494527E-02  0.4876760E+01
   04  0.5585045E+01  0.2296006E-02 -0.1477977E-02 -0.1477910E-02  0.4876745E+01
   04  0.5590401E+01  0.2281517E-02 -0.1462143E-02 -0.1461953E-02  0.4876730E+01
   04  0.5596756E+01  0.2264898E-02 -0.1441041E-02 -0.1440728E-02  0.4876714E+01
   04  0.5603112E+01  0.2248916E-02 -0.1421337E-02 -0.1420923E-02  0.4876698E+01
   04  0.5609467E+01  0.2233258E-02 -0.1402535E-02 -0.1402039E-02  0.4876682E+01
   04  0.5615823E+01  0.2218009E-02 -0.1384639E-02 -0.1384081E-02  0.4876667E+01
   04  0.5622178E+01  0.2203165E-02 -0.1367567E-02 -0.1366963E-02  0.4876652E+01
   04  0.5628534E+01  0.2188674E-02 -0.1351201E-02 -0.1350564E-02  0.4876637E+01
   04  0.5634889E+01  0.2174471E-02 -0.1335421E-02 -0.1334766E-02  0.4876623E+01
   04  0.5641245E+01  0.2160477E-02 -0.1320103E-02 -0.1319440E-02  0.4876609E+01
   04  0.5647600E+01  0.2146606E-02 -0.1305125E-02 -0.1304463E-02  0.4876595E+01
   04  0.5653956E+01  0.2132646E-02 -0.1290233E-02 -0.1289564E-02  0.4876581E+01
   04  0.5660311E+01  0.2118582E-02 -0.1275382E-02 -0.1274730E-02  0.4876567E+01
   04  0.5666667E+01  0.2104450E-02 -0.1260605E-02 -0.1259986E-02  0.4876553E+01
   04  0.5673807E+01  0.2088441E-02 -0.1241581E-02 -0.1241013E-02  0.4876537E+01
   04  0.5680947E+01  0.2072327E-02 -0.1223267E-02 -0.1222757E-02  0.4876521E+01
   04  0.5688088E+01  0.2056078E-02 -0.1205457E-02 -0.1205007E-02  0.4876505E+01
   04  0.5695228E+01  0.2039651E-02 -0.1187980E-02 -0.1187586E-02  0.4876488E+01
   04  0.5702368E+01  0.2022799E-02 -0.1170463E-02 -0.1170120E-02  0.4876471E+01
   04  0.5709508E+01  0.2005725E-02 -0.1153058E-02 -0.1152757E-02  0.4876454E+01
   04  0.5716649E+01  0.1988489E-02 -0.1135776E-02 -0.1135507E-02  0.4876437E+01
   04  0.5723789E+01  0.1971135E-02 -0.1118614E-02 -0.1118371E-02  0.4876420E+01
   04  0.5730929E+01  0.1953684E-02 -0.1101561E-02 -0.1101338E-02  0.4876402E+01
   04  0.5738070E+01  0.1936140E-02 -0.1084596E-02 -0.1084388E-02  0.4876385E+01
   04  0.5745210E+01  0.1918313E-02 -0.1067491E-02 -0.1067294E-02  0.4876367E+01
   04  0.5752350E+01  0.1900414E-02 -0.1050456E-02 -0.1050269E-02  0.4876349E+01
   04  0.5759491E+01  0.1882518E-02 -0.1033556E-02 -0.1033377E-02  0.4876331E+01
   04  0.5766631E+01  0.1864681E-02 -0.1016835E-02 -0.1016663E-02  0.4876313E+01
   04  0.5773771E+01  0.1846940E-02 -0.1000321E-02 -0.1000155E-02  0.4876296E+01
   04  0.5780911E+01  0.1829123E-02 -0.9838186E-03 -0.9836578E-03  0.4876278E+01
   04  0.5788052E+01  0.1811449E-02 -0.9675530E-03 -0.9673974E-03  0.4876260E+01
   04  0.5795192E+01  0.1793987E-02 -0.9515851E-03 -0.9514354E-03  0.4876243E+01
   04  0.5799476E+01  0.1783723E-02 -0.9474803E-03 -0.9473350E-03  0.4876232E+01
   04  0.5803761E+01  0.1773546E-02 -0.9425420E-03 -0.9424014E-03  0.4876222E+01
   04  0.5808045E+01  0.1763418E-02 -0.9368896E-03 -0.9367538E-03  0.4876212E+01
   04  0.5812329E+01  0.1753352E-02 -0.9306712E-03 -0.9305406E-03  0.4876202E+01
   04  0.5816613E+01  0.1743357E-02 -0.9240069E-03 -0.9238817E-03  0.4876192E+01
   04  0.5820183E+01  0.1735106E-02 -0.9193187E-03 -0.9191984E-03  0.4876184E+01
   04  0.5823753E+01  0.1726913E-02 -0.9142695E-03 -0.9141542E-03  0.4876176E+01
   04  0.5827324E+01  0.1718785E-02 -0.9089276E-03 -0.9088174E-03  0.4876167E+01
   04  0.5832679E+01  0.1706620E-02 -0.8963803E-03 -0.8962808E-03  0.4876155E+01
   04  0.5838034E+01  0.1694596E-02 -0.8843703E-03 -0.8842815E-03  0.4876143E+01
   04  0.5842318E+01  0.1685121E-02 -0.8770971E-03 -0.8770003E-03  0.4876134E+01
   04  0.5846603E+01  0.1675755E-02 -0.8697298E-03 -0.8696180E-03  0.4876124E+01
   04  0.5850887E+01  0.1666509E-02 -0.8623156E-03 -0.8621850E-03  0.4876115E+01
   04  0.5855171E+01  0.1657389E-02 -0.8548924E-03 -0.8547456E-03  0.4876106E+01
   04  0.5859455E+01  0.1648370E-02 -0.8474607E-03 -0.8472956E-03  0.4876097E+01
   04  0.5863025E+01  0.1640947E-02 -0.8423925E-03 -0.8422107E-03  0.4876090E+01
   04  0.5866596E+01  0.1633598E-02 -0.8371613E-03 -0.8369740E-03  0.4876082E+01
   04  0.5870166E+01  0.1626330E-02 -0.8318152E-03 -0.8316323E-03  0.4876075E+01
   04  0.5873736E+01  0.1619154E-02 -0.8263952E-03 -0.8262236E-03  0.4876068E+01
   04  0.5877306E+01  0.1612071E-02 -0.8209328E-03 -0.8207762E-03  0.4876061E+01
   04  0.5880876E+01  0.1605084E-02 -0.8154516E-03 -0.8153126E-03  0.4876054E+01
   04  0.5886231E+01  0.1594689E-02 -0.8032198E-03 -0.8030996E-03  0.4876043E+01
   04  0.5891587E+01  0.1584492E-02 -0.7919713E-03 -0.7918664E-03  0.4876033E+01
   04  0.5896942E+01  0.1574491E-02 -0.7815072E-03 -0.7814339E-03  0.4876023E+01
   04  0.5902297E+01  0.1564700E-02 -0.7717109E-03 -0.7716728E-03  0.4876013E+01
   04  0.5907653E+01  0.1555120E-02 -0.7624760E-03 -0.7624747E-03  0.4876004E+01
   04  0.5913008E+01  0.1545705E-02 -0.7536730E-03 -0.7537079E-03  0.4875994E+01
   04  0.5918363E+01  0.1536469E-02 -0.7452629E-03 -0.7453183E-03  0.4875985E+01
   04  0.5923718E+01  0.1527405E-02 -0.7371765E-03 -0.7372613E-03  0.4875976E+01
   04  0.5930075E+01  0.1516857E-02 -0.7254809E-03 -0.7255998E-03  0.4875965E+01
   04  0.5936432E+01  0.1506587E-02 -0.7148916E-03 -0.7150445E-03  0.4875955E+01
   04  0.5942789E+01  0.1496512E-02 -0.7051021E-03 -0.7052681E-03  0.4875945E+01
   04  0.5949146E+01  0.1486677E-02 -0.6959864E-03 -0.6961549E-03  0.4875935E+01
   04  0.5955502E+01  0.1476989E-02 -0.6873240E-03 -0.6874883E-03  0.4875926E+01
   04  0.5961859E+01  0.1467511E-02 -0.6790963E-03 -0.6792475E-03  0.4875916E+01
   04  0.5968216E+01  0.1458137E-02 -0.6711744E-03 -0.6712147E-03  0.4875907E+01
   04  0.5974573E+01  0.1452578E-02 -0.6661778E-03 -0.6654847E-03  0.4875901E+01
   04  0.5980930E+01  0.1448395E-02 -0.6613954E-03 -0.6618322E-03  0.4875897E+01
   04  0.5987286E+01  0.1441460E-02 -0.6558234E-03 -0.6565871E-03  0.4875890E+01
   04  0.5993643E+01  0.1433530E-02 -0.6496507E-03 -0.6505886E-03  0.4875882E+01
   04  0.6000000E+01  0.1425309E-02 -0.6433371E-03 -0.6442196E-03  0.4875874E+01
   04  0.6007140E+01  0.1415894E-02 -0.6340575E-03 -0.6349217E-03  0.4875865E+01
   04  0.6014281E+01  0.1406207E-02 -0.6252409E-03 -0.6260602E-03  0.4875855E+01
   04  0.6021421E+01  0.1400143E-02 -0.6198114E-03 -0.6191718E-03  0.4875849E+01
   04  0.6028561E+01  0.1391730E-02 -0.6127553E-03 -0.6119034E-03  0.4875840E+01
   04  0.6035701E+01  0.1381585E-02 -0.6045406E-03 -0.6042354E-03  0.4875830E+01
   04  0.6042842E+01  0.1369333E-02 -0.6090248E-03 -0.6099067E-03  0.4875818E+01
   04  0.6049982E+01  0.1351127E-02 -0.5902760E-03 -0.5922193E-03  0.4875800E+01
   04  0.6057122E+01  0.1337333E-02 -0.5750137E-03 -0.5792121E-03  0.4875786E+01
   04  0.6064263E+01  0.1316587E-02 -0.5368079E-03 -0.5674872E-03  0.4875765E+01
   04  0.6071403E+01  0.1295528E-02 -0.5259691E-03 -0.5619602E-03  0.4875744E+01
   04  0.6078543E+01  0.1267970E-02 -0.5205786E-03 -0.5477439E-03  0.4875717E+01
   04  0.6085683E+01  0.1237791E-02 -0.5042409E-03 -0.4995829E-03  0.4875686E+01
   04  0.6092824E+01  0.1209990E-02 -0.4881765E-03 -0.4800896E-03  0.4875659E+01
   04  0.6099964E+01  0.1186084E-02 -0.4727239E-03 -0.4639177E-03  0.4875635E+01
   04  0.6107104E+01  0.1169660E-02 -0.4614682E-03 -0.4528034E-03  0.4875618E+01
   04  0.6114244E+01  0.1156165E-02 -0.4656768E-03 -0.4416151E-03  0.4875605E+01
   04  0.6121385E+01  0.1141944E-02 -0.4508610E-03 -0.4325259E-03  0.4875591E+01
   04  0.6128525E+01  0.1128808E-02 -0.4361974E-03 -0.4380254E-03  0.4875577E+01
   04  0.6135665E+01  0.1114865E-02 -0.2790157E-03 -0.2780683E-03  0.4875563E+01
   04  0.6142805E+01  0.1104936E-02 -0.2682634E-03 -0.2620973E-03  0.4875554E+01
   04  0.6149946E+01  0.1089300E-02 -0.2982885E-03 -0.2794314E-03  0.4875538E+01
   04  0.6157086E+01  0.1066743E-02 -0.3263111E-03 -0.2913966E-03  0.4875515E+01
   04  0.6164226E+01  0.1041614E-02 -0.2347537E-03 -0.2427262E-03  0.4875490E+01
   04  0.6171366E+01  0.1027241E-02 -0.7745027E-04 -0.5848557E-04  0.4875476E+01
   04  0.6178506E+01  0.1029521E-02 -0.6347877E-04 -0.8733230E-04  0.4875478E+01
   04  0.6185646E+01  0.1053807E-02 -0.8843861E-04 -0.1533559E-03  0.4875502E+01
   04  0.6192787E+01  0.1050803E-02 -0.1427550E-03 -0.2408998E-03  0.4875499E+01
   04  0.6199927E+01  0.1019555E-02 -0.1144039E-03 -0.1899598E-03  0.4875468E+01
   04  0.6207067E+01  0.1011299E-02 -0.1043033E-03 -0.1839436E-03  0.4875460E+01
   04  0.6214207E+01  0.1001818E-02 -0.9356817E-04 -0.1631098E-03  0.4875450E+01
   04  0.6221347E+01  0.9984379E-03 -0.3144440E-04 -0.4544026E-04  0.4875447E+01
   04  0.6228487E+01  0.1010479E-02 -0.6396263E-04 -0.4724846E-04  0.4875459E+01
   04  0.6235627E+01  0.1025171E-02 -0.9116509E-04 -0.9667889E-04  0.4875474E+01
   04  0.6242768E+01  0.1030988E-02 -0.1236743E-03 -0.1438259E-03  0.4875480E+01
   04  0.6249908E+01  0.1013514E-02 -0.1482616E-03 -0.1322335E-03  0.4875462E+01
   04  0.6257048E+01  0.1011947E-02 -0.7926986E-04 -0.7546739E-04  0.4875461E+01
   04  0.6263405E+01  0.1005327E-02 -0.3972845E-04 -0.3983822E-04  0.4875454E+01
   04  0.6269762E+01  0.1007230E-02 -0.9805819E-04 -0.1010643E-03  0.4875456E+01
   04  0.6276119E+01  0.9983779E-03 -0.6044350E-04 -0.5124491E-04  0.4875447E+01
   04  0.6282476E+01  0.1003882E-02 -0.1044035E-03 -0.8915915E-04  0.4875453E+01
   04  0.6288834E+01  0.1010746E-02 -0.1436544E-03 -0.1238368E-03  0.4875459E+01
   04  0.6295191E+01  0.1018470E-02 -0.1865069E-03 -0.1725075E-03  0.4875467E+01
   04  0.6301548E+01  0.1021687E-02 -0.2050440E-03 -0.1872639E-03  0.4875470E+01
   04  0.6307905E+01  0.1022673E-02 -0.2338484E-03 -0.1933185E-03  0.4875471E+01
   04  0.6314262E+01  0.1008266E-02 -0.1176824E-03 -0.1182840E-03  0.4875457E+01
   04  0.6320619E+01  0.9941456E-03 -0.3944446E-04 -0.3488733E-04  0.4875443E+01
   04  0.6326976E+01  0.9998707E-03 -0.5087946E-04 -0.3394737E-04  0.4875448E+01
   04  0.6333333E+01  0.9931967E-03 -0.7531695E-05 -0.3861079E-04  0.4875442E+01
   04  0.6340473E+01  0.1001753E-02 -0.6405132E-04 -0.1164896E-03  0.4875450E+01
   04  0.6347613E+01  0.1006289E-02 -0.3584191E-04 -0.7435189E-04  0.4875455E+01
   04  0.6354753E+01  0.1008454E-02 -0.3140179E-04 -0.1044925E-03  0.4875457E+01
   04  0.6361893E+01  0.1005975E-02 -0.2654678E-04 -0.1250110E-03  0.4875455E+01
   04  0.6369033E+01  0.1000241E-02 -0.2199350E-04 -0.1195806E-03  0.4875449E+01
   04  0.6376173E+01  0.9969436E-03 -0.5788240E-05 -0.5656044E-04  0.4875446E+01
   04  0.6383313E+01  0.9980734E-03 -0.3627452E-04 -0.3666733E-04  0.4875447E+01
   04  0.6390453E+01  0.1005525E-02 -0.6481926E-04 -0.6511379E-04  0.4875454E+01
   04  0.6397593E+01  0.1016626E-02 -0.9418224E-04 -0.9399489E-04  0.4875465E+01
   04  0.6404733E+01  0.1023179E-02 -0.1519414E-03 -0.1678283E-03  0.4875472E+01
   04  0.6411873E+01  0.9887996E-03 -0.1435732E-03 -0.1388645E-03  0.4875437E+01
   04  0.6419013E+01  0.1002020E-02 -0.1458492E-03 -0.1410991E-03  0.4875451E+01
   04  0.6426153E+01  0.1010761E-02 -0.1453890E-03 -0.1425739E-03  0.4875459E+01
   04  0.6433293E+01  0.1013533E-02 -0.1600797E-03 -0.1134550E-03  0.4875462E+01
   04  0.6440432E+01  0.1007757E-02 -0.3817588E-05 -0.3560344E-05  0.4875456E+01
   04  0.6447572E+01  0.1025245E-02 -0.8948341E-05 -0.5928253E-05  0.4875474E+01
   04  0.6454712E+01  0.1025216E-02 -0.2669861E-04 -0.8983387E-05  0.4875474E+01
   04  0.6461852E+01  0.1019533E-02 -0.3990354E-04 -0.2145878E-04  0.4875468E+01
   04  0.6468992E+01  0.1015586E-02 -0.4932300E-04 -0.3667854E-04  0.4875464E+01
   04  0.6476132E+01  0.1012438E-02 -0.1059116E-03 -0.9818788E-04  0.4875461E+01
   04  0.6483272E+01  0.9983945E-03 -0.1170922E-03 -0.1305299E-03  0.4875447E+01
   04  0.6490411E+01  0.9889396E-03 -0.6483081E-04 -0.9881191E-04  0.4875438E+01
   04  0.6497551E+01  0.9860687E-03 -0.4299482E-04 -0.5405257E-04  0.4875435E+01
   04  0.6504691E+01  0.9884981E-03  0.0000000E+00  0.0000000E+00  0.4875437E+01
   04  0.6511831E+01  0.9884981E-03  0.0000000E+00  0.0000000E+00  0.4875437E+01
   04  0.6518971E+01  0.9893103E-03 -0.2423272E-09 -0.2726814E-05  0.4875438E+01
   04  0.6526110E+01  0.9874284E-03  0.0000000E+00  0.0000000E+00  0.4875436E+01
   04  0.6533250E+01  0.9874284E-03  0.0000000E+00  0.0000000E+00  0.4875436E+01
   04  0.6540390E+01  0.9874284E-03  0.0000000E+00  0.0000000E+00  0.4875436E+01
   04  0.6547530E+01  0.9874284E-03  0.0000000E+00  0.0000000E+00  0.4875436E+01
   04  0.6554669E+01  0.9874284E-03  0.0000000E+00  0.0000000E+00  0.4875436E+01
   04  0.6561809E+01  0.9874284E-03  0.0000000E+00  0.0000000E+00  0.4875436E+01
   04  0.6568949E+01  0.9874284E-03  0.0000000E+00  0.0000000E+00  0.4875436E+01
   04  0.6576089E+01  0.9874284E-03  0.0000000E+00  0.0000000E+00  0.4875436E+01
   04  0.6583229E+01  0.9874284E-03  0.0000000E+00  0.0000000E+00  0.4875436E+01
   04  0.6590368E+01  0.9874284E-03  0.0000000E+00  0.0000000E+00  0.4875436E+01
   04  0.6596727E+01  0.9874284E-03  0.0000000E+00  0.0000000E+00  0.4875436E+01
   04  0.6603085E+01  0.9874284E-03  0.0000000E+00  0.0000000E+00  0.4875436E+01
   04  0.6609443E+01  0.9874284E-03  0.0000000E+00  0.0000000E+00  0.4875436E+01
   04  0.6615801E+01  0.9874284E-03  0.0000000E+00  0.0000000E+00  0.4875436E+01
   04  0.6622159E+01  0.9874284E-03  0.0000000E+00  0.0000000E+00  0.4875436E+01
   04  0.6628517E+01  0.9874284E-03  0.0000000E+00  0.0000000E+00  0.4875436E+01
   04  0.6634876E+01  0.9874284E-03  0.0000000E+00  0.0000000E+00  0.4875436E+01
   04  0.6641234E+01  0.9874284E-03  0.0000000E+00  0.0000000E+00  0.4875436E+01
   04  0.6647592E+01  0.9874284E-03  0.0000000E+00  0.0000000E+00  0.4875436E+01
   04  0.6653950E+01  0.9874284E-03  0.0000000E+00  0.0000000E+00  0.4875436E+01
   04  0.6660308E+01  0.9874284E-03  0.0000000E+00  0.0000000E+00  0.4875436E+01
   04  0.6666667E+01  0.9874284E-03  0.0000000E+00  0.0000000E+00  0.4875436E+01
   04  0.6673806E+01  0.9874284E-03  0.0000000E+00  0.0000000E+00  0.4875436E+01
   04  0.6680945E+01  0.9874284E-03  0.0000000E+00  0.0000000E+00  0.4875436E+01
   04  0.6688085E+01  0.9874284E-03  0.0000000E+00  0.0000000E+00  0.4875436E+01
   04  0.6695224E+01  0.9874284E-03  0.0000000E+00  0.0000000E+00  0.4875436E+01
   04  0.6702364E+01  0.9874284E-03  0.0000000E+00  0.0000000E+00  0.4875436E+01
   04  0.6709503E+01  0.9874284E-03  0.0000000E+00  0.0000000E+00  0.4875436E+01
   04  0.6716642E+01  0.9874284E-03  0.0000000E+00  0.0000000E+00  0.4875436E+01
   04  0.6723782E+01  0.9874284E-03  0.0000000E+00  0.0000000E+00  0.4875436E+01
   04  0.6730921E+01  0.9874284E-03  0.0000000E+00  0.0000000E+00  0.4875436E+01
   04  0.6738060E+01  0.9874284E-03  0.0000000E+00  0.0000000E+00  0.4875436E+01
   04  0.6745200E+01  0.9874284E-03  0.0000000E+00  0.0000000E+00  0.4875436E+01
   04  0.6752339E+01  0.9874284E-03  0.0000000E+00  0.0000000E+00  0.4875436E+01
   04  0.6759479E+01  0.9874284E-03  0.0000000E+00  0.0000000E+00  0.4875436E+01
   04  0.6766618E+01  0.9874284E-03  0.0000000E+00  0.0000000E+00  0.4875436E+01
   04  0.6773757E+01  0.9874284E-03  0.0000000E+00  0.0000000E+00  0.4875436E+01
   04  0.6780897E+01  0.9874284E-03  0.0000000E+00  0.0000000E+00  0.4875436E+01
   04  0.6788036E+01  0.9874284E-03  0.0000000E+00  0.0000000E+00  0.4875436E+01
   04  0.6795176E+01  0.9874284E-03  0.0000000E+00  0.0000000E+00  0.4875436E+01
   04  0.6802315E+01  0.9874284E-03  0.0000000E+00  0.0000000E+00  0.4875436E+01
   04  0.6809454E+01  0.9874284E-03  0.0000000E+00  0.0000000E+00  0.4875436E+01
   04  0.6816593E+01  0.9874284E-03  0.0000000E+00  0.0000000E+00  0.4875436E+01
   04  0.6823733E+01  0.9874284E-03  0.0000000E+00  0.0000000E+00  0.4875436E+01
   04  0.6830872E+01  0.9874284E-03  0.0000000E+00  0.0000000E+00  0.4875436E+01
   04  0.6838011E+01  0.9874284E-03  0.0000000E+00  0.0000000E+00  0.4875436E+01
   04  0.6845151E+01  0.9874284E-03  0.0000000E+00  0.0000000E+00  0.4875436E+01
   04  0.6852290E+01  0.9874284E-03  0.0000000E+00  0.0000000E+00  0.4875436E+01
   04  0.6859429E+01  0.9874284E-03  0.0000000E+00  0.0000000E+00  0.4875436E+01
   04  0.6866569E+01  0.9874284E-03  0.0000000E+00  0.0000000E+00  0.4875436E+01
   04  0.6873708E+01  0.9874284E-03  0.0000000E+00  0.0000000E+00  0.4875436E+01
   04  0.6880847E+01  0.9874284E-03  0.0000000E+00  0.0000000E+00  0.4875436E+01
   04  0.6887986E+01  0.9874284E-03  0.0000000E+00  0.0000000E+00  0.4875436E+01
   04  0.6895126E+01  0.9874284E-03  0.0000000E+00  0.0000000E+00  0.4875436E+01
   04  0.6902265E+01  0.9874284E-03  0.0000000E+00  0.0000000E+00  0.4875436E+01
   04  0.6909404E+01  0.9874284E-03  0.0000000E+00  0.0000000E+00  0.4875436E+01
   04  0.6916544E+01  0.9874284E-03  0.0000000E+00  0.0000000E+00  0.4875436E+01
   04  0.6923683E+01  0.9874284E-03  0.0000000E+00  0.0000000E+00  0.4875436E+01
   04  0.6930043E+01  0.9874284E-03  0.0000000E+00  0.0000000E+00  0.4875436E+01
   04  0.6936402E+01  0.9874284E-03  0.0000000E+00  0.0000000E+00  0.4875436E+01
   04  0.6942762E+01  0.9874284E-03  0.0000000E+00  0.0000000E+00  0.4875436E+01
   04  0.6949122E+01  0.9874284E-03  0.0000000E+00  0.0000000E+00  0.4875436E+01
   04  0.6955482E+01  0.9874284E-03  0.0000000E+00  0.0000000E+00  0.4875436E+01
   04  0.6961841E+01  0.9874284E-03  0.0000000E+00  0.0000000E+00  0.4875436E+01
   04  0.6968201E+01  0.9874284E-03  0.0000000E+00  0.0000000E+00  0.4875436E+01
   04  0.6974561E+01  0.9874284E-03  0.0000000E+00  0.0000000E+00  0.4875436E+01
   04  0.6980921E+01  0.9874284E-03  0.0000000E+00  0.0000000E+00  0.4875436E+01
   04  0.6987280E+01  0.9874284E-03  0.0000000E+00  0.0000000E+00  0.4875436E+01
   04  0.6993640E+01  0.9874284E-03  0.0000000E+00  0.0000000E+00  0.4875436E+01
   04  0.7000000E+01  0.9874284E-03  0.0000000E+00  0.0000000E+00  0.4875436E+01
   04  0.7007139E+01  0.9874284E-03  0.0000000E+00  0.0000000E+00  0.4875436E+01
   04  0.7014278E+01  0.9874284E-03  0.0000000E+00  0.0000000E+00  0.4875436E+01
   04  0.7021416E+01  0.9874284E-03  0.0000000E+00  0.0000000E+00  0.4875436E+01
   04  0.7028555E+01  0.9874284E-03  0.0000000E+00  0.0000000E+00  0.4875436E+01
   04  0.7035694E+01  0.9874284E-03  0.0000000E+00  0.0000000E+00  0.4875436E+01
   04  0.7042833E+01  0.9874284E-03  0.0000000E+00  0.0000000E+00  0.4875436E+01
   04  0.7049971E+01  0.9874284E-03  0.0000000E+00  0.0000000E+00  0.4875436E+01
   04  0.7057110E+01  0.9874284E-03  0.0000000E+00  0.0000000E+00  0.4875436E+01
   04  0.7064249E+01  0.9874284E-03  0.0000000E+00  0.0000000E+00  0.4875436E+01
   04  0.7071388E+01  0.9874284E-03  0.0000000E+00  0.0000000E+00  0.4875436E+01
   04  0.7078527E+01  0.9874284E-03  0.0000000E+00  0.0000000E+00  0.4875436E+01
   04  0.7085665E+01  0.9874284E-03  0.0000000E+00  0.0000000E+00  0.4875436E+01
   04  0.7092804E+01  0.9874284E-03  0.0000000E+00  0.0000000E+00  0.4875436E+01
   04  0.7099943E+01  0.9874284E-03  0.0000000E+00  0.0000000E+00  0.4875436E+01
   04  0.7107082E+01  0.9874284E-03  0.0000000E+00  0.0000000E+00  0.4875436E+01
   04  0.7114220E+01  0.9874284E-03  0.0000000E+00  0.0000000E+00  0.4875436E+01
   04  0.7121359E+01  0.9874284E-03  0.0000000E+00  0.0000000E+00  0.4875436E+01
   04  0.7128498E+01  0.9874284E-03  0.0000000E+00  0.0000000E+00  0.4875436E+01
   04  0.7135637E+01  0.9874284E-03  0.0000000E+00  0.0000000E+00  0.4875436E+01
   04  0.7142775E+01  0.9874284E-03  0.0000000E+00  0.0000000E+00  0.4875436E+01
   04  0.7149914E+01  0.9874284E-03  0.0000000E+00  0.0000000E+00  0.4875436E+01
   04  0.7157052E+01  0.9874284E-03  0.0000000E+00  0.0000000E+00  0.4875436E+01
   04  0.7164191E+01  0.9874284E-03  0.0000000E+00  0.0000000E+00  0.4875436E+01
   04  0.7171329E+01  0.9874284E-03  0.0000000E+00  0.0000000E+00  0.4875436E+01
   04  0.7178468E+01  0.9874284E-03  0.0000000E+00  0.0000000E+00  0.4875436E+01
   04  0.7185606E+01  0.9874284E-03  0.0000000E+00  0.0000000E+00  0.4875436E+01
   04  0.7192745E+01  0.9874284E-03  0.0000000E+00  0.0000000E+00  0.4875436E+01
   04  0.7199883E+01  0.9874284E-03  0.0000000E+00  0.0000000E+00  0.4875436E+01
   04  0.7207022E+01  0.9874284E-03  0.0000000E+00  0.0000000E+00  0.4875436E+01
   04  0.7214160E+01  0.9874284E-03  0.0000000E+00  0.0000000E+00  0.4875436E+01
   04  0.7221299E+01  0.9874284E-03  0.0000000E+00  0.0000000E+00  0.4875436E+01
   04  0.7228438E+01  0.9874284E-03  0.0000000E+00  0.0000000E+00  0.4875436E+01
   04  0.7235576E+01  0.9874284E-03  0.0000000E+00  0.0000000E+00  0.4875436E+01
   04  0.7242715E+01  0.9874284E-03  0.0000000E+00  0.0000000E+00  0.4875436E+01
   04  0.7249853E+01  0.9874284E-03  0.0000000E+00  0.0000000E+00  0.4875436E+01
   04  0.7256992E+01  0.9874284E-03  0.0000000E+00  0.0000000E+00  0.4875436E+01
   04  0.7263354E+01  0.9874284E-03  0.0000000E+00  0.0000000E+00  0.4875436E+01
   04  0.7269715E+01  0.9874284E-03  0.0000000E+00  0.0000000E+00  0.4875436E+01
   04  0.7276077E+01  0.9874284E-03  0.0000000E+00  0.0000000E+00  0.4875436E+01
   04  0.7282439E+01  0.9874284E-03  0.0000000E+00  0.0000000E+00  0.4875436E+01
   04  0.7288801E+01  0.9874284E-03  0.0000000E+00  0.0000000E+00  0.4875436E+01
   04  0.7295163E+01  0.9874284E-03  0.0000000E+00  0.0000000E+00  0.4875436E+01
   04  0.7301524E+01  0.9874284E-03  0.0000000E+00  0.0000000E+00  0.4875436E+01
   04  0.7307886E+01  0.9874284E-03  0.0000000E+00  0.0000000E+00  0.4875436E+01
   04  0.7314248E+01  0.9874284E-03  0.0000000E+00  0.0000000E+00  0.4875436E+01
   04  0.7320610E+01  0.9874284E-03  0.0000000E+00  0.0000000E+00  0.4875436E+01
   04  0.7326972E+01  0.9874284E-03  0.0000000E+00  0.0000000E+00  0.4875436E+01
   04  0.7333333E+01  0.9874284E-03  0.0000000E+00  0.0000000E+00  0.4875436E+01
   04  0.7340470E+01  0.9874284E-03  0.0000000E+00  0.0000000E+00  0.4875436E+01
   04  0.7347607E+01  0.9874284E-03  0.0000000E+00  0.0000000E+00  0.4875436E+01
   04  0.7354744E+01  0.9874284E-03  0.0000000E+00  0.0000000E+00  0.4875436E+01
   04  0.7361881E+01  0.9874284E-03  0.0000000E+00  0.0000000E+00  0.4875436E+01
   04  0.7369018E+01  0.9874284E-03  0.0000000E+00  0.0000000E+00  0.4875436E+01
   04  0.7376155E+01  0.9874284E-03  0.0000000E+00  0.0000000E+00  0.4875436E+01
   04  0.7383292E+01  0.9874284E-03  0.0000000E+00  0.0000000E+00  0.4875436E+01
   04  0.7390429E+01  0.9874284E-03  0.0000000E+00  0.0000000E+00  0.4875436E+01
   04  0.7397566E+01  0.9874284E-03  0.0000000E+00  0.0000000E+00  0.4875436E+01
   04  0.7404702E+01  0.9874284E-03  0.0000000E+00  0.0000000E+00  0.4875436E+01
   04  0.7411839E+01  0.9874284E-03  0.0000000E+00  0.0000000E+00  0.4875436E+01
   04  0.7418976E+01  0.9874284E-03  0.0000000E+00  0.0000000E+00  0.4875436E+01
   04  0.7426113E+01  0.9874284E-03  0.0000000E+00  0.0000000E+00  0.4875436E+01
   04  0.7433250E+01  0.9874284E-03  0.0000000E+00  0.0000000E+00  0.4875436E+01
   04  0.7440387E+01  0.9874284E-03  0.0000000E+00  0.0000000E+00  0.4875436E+01
   04  0.7447524E+01  0.9874284E-03  0.0000000E+00  0.0000000E+00  0.4875436E+01
   04  0.7454661E+01  0.9874284E-03  0.0000000E+00  0.0000000E+00  0.4875436E+01
   04  0.7461798E+01  0.9874284E-03  0.0000000E+00  0.0000000E+00  0.4875436E+01
   04  0.7468934E+01  0.9874284E-03  0.0000000E+00  0.0000000E+00  0.4875436E+01
   04  0.7476070E+01  0.9874284E-03  0.0000000E+00  0.0000000E+00  0.4875436E+01
   04  0.7483206E+01  0.9874284E-03  0.0000000E+00  0.0000000E+00  0.4875436E+01
   04  0.7490341E+01  0.9874284E-03  0.0000000E+00  0.0000000E+00  0.4875436E+01
   04  0.7497477E+01  0.9874284E-03  0.0000000E+00  0.0000000E+00  0.4875436E+01
   04  0.7504613E+01  0.9874284E-03  0.0000000E+00  0.0000000E+00  0.4875436E+01
   04  0.7511749E+01  0.9874284E-03  0.0000000E+00  0.0000000E+00  0.4875436E+01
   04  0.7518885E+01  0.9874284E-03  0.0000000E+00  0.0000000E+00  0.4875436E+01
   04  0.7526021E+01  0.9874284E-03  0.0000000E+00  0.0000000E+00  0.4875436E+01
   04  0.7533157E+01  0.9874284E-03  0.0000000E+00  0.0000000E+00  0.4875436E+01
   04  0.7540293E+01  0.9874284E-03  0.0000000E+00  0.0000000E+00  0.4875436E+01
   04  0.7547429E+01  0.9874284E-03  0.0000000E+00  0.0000000E+00  0.4875436E+01
   04  0.7554565E+01  0.9874284E-03  0.0000000E+00  0.0000000E+00  0.4875436E+01
   04  0.7561701E+01  0.9874284E-03  0.0000000E+00  0.0000000E+00  0.4875436E+01
   04  0.7568837E+01  0.9874284E-03  0.0000000E+00  0.0000000E+00  0.4875436E+01
   04  0.7575973E+01  0.9874284E-03  0.0000000E+00  0.0000000E+00  0.4875436E+01
   04  0.7583108E+01  0.9874284E-03  0.0000000E+00  0.0000000E+00  0.4875436E+01
   04  0.7590244E+01  0.9874284E-03  0.0000000E+00  0.0000000E+00  0.4875436E+01
   04  0.7596613E+01  0.9874284E-03  0.0000000E+00  0.0000000E+00  0.4875436E+01
   04  0.7602981E+01  0.9874284E-03  0.0000000E+00  0.0000000E+00  0.4875436E+01
   04  0.7609350E+01  0.9874284E-03  0.0000000E+00  0.0000000E+00  0.4875436E+01
   04  0.7615718E+01  0.9874284E-03  0.0000000E+00  0.0000000E+00  0.4875436E+01
   04  0.7622087E+01  0.9874284E-03  0.0000000E+00  0.0000000E+00  0.4875436E+01
   04  0.7628456E+01  0.9874284E-03  0.0000000E+00  0.0000000E+00  0.4875436E+01
   04  0.7634824E+01  0.9874284E-03  0.0000000E+00  0.0000000E+00  0.4875436E+01
   04  0.7641193E+01  0.9874284E-03  0.0000000E+00  0.0000000E+00  0.4875436E+01
   04  0.7647561E+01  0.9874284E-03  0.0000000E+00  0.0000000E+00  0.4875436E+01
   04  0.7653930E+01  0.9874284E-03  0.0000000E+00  0.0000000E+00  0.4875436E+01
   04  0.7660298E+01  0.9874284E-03  0.0000000E+00  0.0000000E+00  0.4875436E+01
   04  0.7666667E+01  0.9874284E-03  0.0000000E+00  0.0000000E+00  0.4875436E+01
   04  0.7673798E+01  0.9874284E-03  0.0000000E+00  0.0000000E+00  0.4875436E+01
   04  0.7680929E+01  0.9874284E-03  0.0000000E+00  0.0000000E+00  0.4875436E+01
   04  0.7688060E+01  0.9874284E-03  0.0000000E+00  0.0000000E+00  0.4875436E+01
   04  0.7695191E+01  0.9874284E-03  0.0000000E+00  0.0000000E+00  0.4875436E+01
   04  0.7702322E+01  0.9874284E-03  0.0000000E+00  0.0000000E+00  0.4875436E+01
   04  0.7709453E+01  0.9874284E-03  0.0000000E+00  0.0000000E+00  0.4875436E+01
   04  0.7716583E+01  0.9874284E-03  0.0000000E+00  0.0000000E+00  0.4875436E+01
   04  0.7723714E+01  0.9874284E-03  0.0000000E+00  0.0000000E+00  0.4875436E+01
   04  0.7730845E+01  0.9874284E-03  0.0000000E+00  0.0000000E+00  0.4875436E+01
   04  0.7737976E+01  0.9874284E-03  0.0000000E+00  0.0000000E+00  0.4875436E+01
   04  0.7745107E+01  0.9874284E-03  0.0000000E+00  0.0000000E+00  0.4875436E+01
   04  0.7752238E+01  0.9874284E-03  0.0000000E+00  0.0000000E+00  0.4875436E+01
   04  0.7759369E+01  0.9874284E-03  0.0000000E+00  0.0000000E+00  0.4875436E+01
   04  0.7766500E+01  0.9874284E-03  0.0000000E+00  0.0000000E+00  0.4875436E+01
   04  0.7773631E+01  0.9874284E-03  0.0000000E+00  0.0000000E+00  0.4875436E+01
   04  0.7780762E+01  0.9874284E-03  0.0000000E+00  0.0000000E+00  0.4875436E+01
   04  0.7787893E+01  0.9874284E-03  0.0000000E+00  0.0000000E+00  0.4875436E+01
   04  0.7795024E+01  0.9874284E-03  0.0000000E+00  0.0000000E+00  0.4875436E+01
   04  0.7802153E+01  0.9874284E-03  0.0000000E+00  0.0000000E+00  0.4875436E+01
   04  0.7809283E+01  0.9874284E-03  0.0000000E+00  0.0000000E+00  0.4875436E+01
   04  0.7816412E+01  0.9874284E-03  0.0000000E+00  0.0000000E+00  0.4875436E+01
   04  0.7823541E+01  0.9874284E-03  0.0000000E+00  0.0000000E+00  0.4875436E+01
   04  0.7830670E+01  0.9874284E-03  0.0000000E+00  0.0000000E+00  0.4875436E+01
   04  0.7837799E+01  0.9874284E-03  0.0000000E+00  0.0000000E+00  0.4875436E+01
   04  0.7844928E+01  0.9874284E-03  0.0000000E+00  0.0000000E+00  0.4875436E+01
   04  0.7852058E+01  0.9874284E-03  0.0000000E+00  0.0000000E+00  0.4875436E+01
   04  0.7859187E+01  0.9874284E-03  0.0000000E+00  0.0000000E+00  0.4875436E+01
   04  0.7866316E+01  0.9874284E-03  0.0000000E+00  0.0000000E+00  0.4875436E+01
   04  0.7873445E+01  0.9874284E-03  0.0000000E+00  0.0000000E+00  0.4875436E+01
   04  0.7880574E+01  0.9874284E-03  0.0000000E+00  0.0000000E+00  0.4875436E+01
   04  0.7887703E+01  0.9874284E-03  0.0000000E+00  0.0000000E+00  0.4875436E+01
   04  0.7894833E+01  0.9874284E-03  0.0000000E+00  0.0000000E+00  0.4875436E+01
   04  0.7901962E+01  0.9874284E-03  0.0000000E+00  0.0000000E+00  0.4875436E+01
   04  0.7909091E+01  0.9874284E-03  0.0000000E+00  0.0000000E+00  0.4875436E+01
   04  0.7916220E+01  0.9874284E-03  0.0000000E+00  0.0000000E+00  0.4875436E+01
   04  0.7923349E+01  0.9874284E-03  0.0000000E+00  0.0000000E+00  0.4875436E+01
   04  0.7929737E+01  0.9874284E-03  0.0000000E+00  0.0000000E+00  0.4875436E+01
   04  0.7936124E+01  0.9874284E-03  0.0000000E+00  0.0000000E+00  0.4875436E+01
   04  0.7942512E+01  0.9874284E-03  0.0000000E+00  0.0000000E+00  0.4875436E+01
   04  0.7948900E+01  0.9874284E-03  0.0000000E+00  0.0000000E+00  0.4875436E+01
   04  0.7955287E+01  0.9874284E-03  0.0000000E+00  0.0000000E+00  0.4875436E+01
   04  0.7961675E+01  0.9874284E-03  0.0000000E+00  0.0000000E+00  0.4875436E+01
   04  0.7968062E+01  0.9874284E-03  0.0000000E+00  0.0000000E+00  0.4875436E+01
   04  0.7974450E+01  0.9874284E-03  0.0000000E+00  0.0000000E+00  0.4875436E+01
   04  0.7980837E+01  0.9874284E-03  0.0000000E+00  0.0000000E+00  0.4875436E+01
   04  0.7987225E+01  0.9874284E-03  0.0000000E+00  0.0000000E+00  0.4875436E+01
   04  0.7993612E+01  0.9874284E-03  0.0000000E+00  0.0000000E+00  0.4875436E+01
