# gauge_id=   102 location=(  0.6143060872E+02  0.6143060872E+02 ) num_var=  4
# level, time, q[  1  2  3], eta, aux[]
   01  0.0000000E+00  0.4456539E+01  0.0000000E+00  0.0000000E+00  0.0000000E+00
   01  0.1600000E-01  0.4456539E+01  0.3883952E-16  0.9821002E-17  0.0000000E+00
   01  0.1329653E+00  0.4456539E+01  0.3127242E-15  0.1145564E-15  0.0000000E+00
   01  0.2476540E+00  0.4456539E+01  0.5702098E-15  0.2551303E-15  0.0000000E+00
   01  0.3333333E+00  0.4456539E+01  0.7492195E-15  0.3735640E-15  0.0000000E+00
   01  0.4522257E+00  0.4456539E+01  0.1005940E-14  0.5681612E-15  0.0000000E+00
   01  0.5724150E+00  0.4456539E+01  0.1266104E-14  0.8051374E-15  0.0000000E+00
   01  0.6666667E+00  0.4456539E+01  0.1464336E-14  0.9920752E-15  0.0000000E+00
   01  0.7903854E+00  0.4456539E+01  0.1742205E-14  0.1261348E-14  0.0000000E+00
   01  0.9158532E+00  0.4456539E+01  0.2017657E-14  0.1544844E-14  0.0000000E+00
   01  0.1000000E+01  0.4456539E+01  0.2181522E-14  0.1731275E-14  0.0000000E+00
   01  0.1128722E+01  0.4456539E+01  0.2498422E-14  0.2093964E-14  0.0000000E+00
   01  0.1257366E+01  0.4456539E+01  0.2817983E-14  0.2471878E-14  0.0000000E+00
   01  0.1333333E+01  0.4456539E+01  0.2975465E-14  0.2668146E-14  0.0000000E+00
   01  0.1461954E+01  0.4456539E+01  0.3322731E-14  0.3085511E-14  0.0000000E+00
   02  0.1590570E+01  0.4502090E+01  0.1914489E-14  0.2413226E-14  0.0000000E+00
   02  0.1628618E+01  0.4502090E+01  0.2108907E-14  0.2701142E-14  0.0000000E+00
   02  0.1666667E+01  0.4502090E+01  0.2343725E-14  0.3004412E-14  0.0000000E+00
   02  0.1709509E+01  0.4502090E+01  0.2646902E-14  0.3362027E-14  0.0000000E+00
   02  0.1752352E+01  0.4502090E+01  0.2989547E-14  0.3735611E-14  0.0000000E+00
   02  0.1795194E+01  0.4502090E+01  0.3379628E-14  0.4134780E-14  0.0000000E+00
   02  0.1838039E+01  0.4502090E+01  0.3797248E-14  0.4548299E-14  0.0000000E+00
   02  0.1880884E+01  0.4502090E+01  0.4250211E-14  0.4985027E-14  0.0000000E+00
   02  0.1923729E+01  0.4502090E+01  0.4714634E-14  0.5500900E-14  0.0000000E+00
   02  0.1961864E+01  0.4502090E+01  0.5159393E-14  0.5966050E-14  0.0000000E+00
   02  0.2000000E+01  0.4502090E+01  0.5648305E-14  0.6456582E-14  0.0000000E+00
   02  0.2042869E+01  0.4502090E+01  0.6928938E-14  0.7382845E-14  0.0000000E+00
   02  0.2085738E+01  0.4502090E+01  0.9982376E-14  0.9620599E-14  0.1776357E-14
   02  0.2128607E+01  0.4502090E+01  0.1261873E-13  0.1236862E-13  0.1776357E-14
   02  0.2171468E+01  0.4502090E+01  0.4649620E-14  0.4601639E-14  0.0000000E+00
   02  0.2214329E+01  0.4502090E+01 -0.1251145E-13 -0.1234529E-13 -0.4440892E-14
   02  0.2257190E+01  0.4502090E+01 -0.9055106E-13 -0.8916306E-13 -0.2131628E-13
   02  0.2295261E+01  0.4502090E+01 -0.1415488E-12 -0.1408156E-12 -0.3108624E-13
   02  0.2333333E+01  0.4502090E+01 -0.1810349E-12 -0.1802185E-12 -0.3819167E-13
   02  0.2376168E+01  0.4502090E+01 -0.2378091E-12 -0.2368692E-12 -0.4618528E-13
   02  0.2419002E+01  0.4502090E+01  0.3068023E-12  0.3079535E-12  0.8171241E-13
   02  0.2461836E+01  0.4502090E+01  0.1616311E-11  0.1617914E-11  0.4147793E-12
   02  0.2504676E+01  0.4502090E+01  0.1747045E-10  0.1746594E-10  0.3856471E-11
   02  0.2547516E+01  0.4502090E+01  0.5792144E-10  0.5791200E-10  0.1260414E-10
   02  0.2590356E+01  0.4502090E+01  0.1463869E-09  0.1463562E-09  0.2747580E-10
   02  0.2628511E+01  0.4502090E+01 -0.4859120E-09 -0.4859356E-09 -0.1225304E-09
   02  0.2666667E+01  0.4502090E+01 -0.1950891E-08 -0.1951158E-08 -0.4901279E-09
   02  0.2709527E+01  0.4502090E+01 -0.1388520E-07 -0.1388916E-07 -0.3079117E-08
   02  0.2752387E+01  0.4502090E+01 -0.4764903E-07 -0.4765601E-07 -0.1029198E-07
   02  0.2795247E+01  0.4502090E+01 -0.9704287E-07 -0.9703984E-07 -0.2067569E-07
   02  0.2838101E+01  0.4502090E+01 -0.1681929E-06 -0.1681812E-06 -0.2964002E-07
   02  0.2880955E+01  0.4502091E+01  0.6884271E-06  0.6884583E-06  0.1767785E-06
   02  0.2923808E+01  0.4502091E+01  0.2525659E-05  0.2526055E-05  0.6400324E-06
   02  0.2961904E+01  0.4502093E+01  0.1284380E-04  0.1284722E-04  0.2880291E-05
   02  0.3000000E+01  0.4502097E+01  0.3136774E-04  0.3137348E-04  0.6794941E-05
   03  0.3042839E+01  0.4520721E+01  0.7205870E-04  0.7205545E-04  0.1872589E-04
   03  0.3064258E+01  0.4520721E+01  0.7448601E-04  0.7448385E-04  0.1889980E-04
   03  0.3085678E+01  0.4520721E+01  0.7838279E-04  0.7838182E-04  0.1888105E-04
   03  0.3107097E+01  0.4520721E+01  0.8124655E-04  0.8124506E-04  0.1841998E-04
   03  0.3128516E+01  0.4520720E+01  0.8216927E-04  0.8216304E-04  0.1735213E-04
   03  0.3149938E+01  0.4520718E+01  0.7882191E-04  0.7880243E-04  0.1513571E-04
   03  0.3171360E+01  0.4520712E+01  0.6036029E-04  0.6030702E-04  0.9499823E-05
   03  0.3192782E+01  0.4520701E+01  0.1803836E-04  0.1792396E-04 -0.1148278E-05
   03  0.3214204E+01  0.4520685E+01 -0.5100830E-04 -0.5120379E-04 -0.1707019E-04
   03  0.3235626E+01  0.4520665E+01 -0.1432688E-03 -0.1435477E-03 -0.3721657E-04
   03  0.3257048E+01  0.4520641E+01 -0.2567020E-03 -0.2570542E-03 -0.6113096E-04
   03  0.3276119E+01  0.4520614E+01 -0.3868817E-03 -0.3872931E-03 -0.8827775E-04
   03  0.3295190E+01  0.4520573E+01 -0.5814610E-03 -0.5819256E-03 -0.1297763E-03
   03  0.3314262E+01  0.4520505E+01 -0.8935160E-03 -0.8940335E-03 -0.1973156E-03
   03  0.3333333E+01  0.4520397E+01 -0.1393292E-02 -0.1393894E-02 -0.3057784E-03
   03  0.3354761E+01  0.4520206E+01 -0.2275656E-02 -0.2276382E-02 -0.4966396E-03
   03  0.3376188E+01  0.4519922E+01 -0.3592622E-02 -0.3593504E-02 -0.7801741E-03
   03  0.3397615E+01  0.4519535E+01 -0.5401227E-02 -0.5402270E-02 -0.1167633E-02
   03  0.3419043E+01  0.4519048E+01 -0.7678398E-02 -0.7679610E-02 -0.1654527E-02
   04  0.3440470E+01  0.4518342E+01 -0.1036771E-01 -0.1036824E-01 -0.2360882E-02
   04  0.3447612E+01  0.4518174E+01 -0.1141709E-01 -0.1141776E-01 -0.2528876E-02
   04  0.3454755E+01  0.4518009E+01 -0.1241522E-01 -0.1241612E-01 -0.2693579E-02
   04  0.3461897E+01  0.4517865E+01 -0.1325830E-01 -0.1325934E-01 -0.2837552E-02
   04  0.3469039E+01  0.4517700E+01 -0.1411253E-01 -0.1411371E-01 -0.3002127E-02
   04  0.3476181E+01  0.4517486E+01 -0.1510530E-01 -0.1510671E-01 -0.3216188E-02
   04  0.3483322E+01  0.4517223E+01 -0.1625301E-01 -0.1625467E-01 -0.3479454E-02
   04  0.3490464E+01  0.4516933E+01 -0.1748321E-01 -0.1748508E-01 -0.3769341E-02
   04  0.3497606E+01  0.4516648E+01 -0.1868526E-01 -0.1868726E-01 -0.4054779E-02
   04  0.3504748E+01  0.4516394E+01 -0.1976004E-01 -0.1976208E-01 -0.4309035E-02
   04  0.3511889E+01  0.4516185E+01 -0.2065108E-01 -0.2065306E-01 -0.4517535E-02
   04  0.3519031E+01  0.4516024E+01 -0.2135221E-01 -0.2135404E-01 -0.4678995E-02
   04  0.3526173E+01  0.4515900E+01 -0.2189493E-01 -0.2189654E-01 -0.4803018E-02
   04  0.3533314E+01  0.4515799E+01 -0.2232894E-01 -0.2233028E-01 -0.4903871E-02
   04  0.3540456E+01  0.4515707E+01 -0.2270191E-01 -0.2270297E-01 -0.4995079E-02
   04  0.3547598E+01  0.4515617E+01 -0.2304679E-01 -0.2304759E-01 -0.5085898E-02
   04  0.3554740E+01  0.4515523E+01 -0.2337231E-01 -0.2337290E-01 -0.5179703E-02
   04  0.3561881E+01  0.4515431E+01 -0.2367592E-01 -0.2367637E-01 -0.5271796E-02
   04  0.3569023E+01  0.4515348E+01 -0.2393524E-01 -0.2393563E-01 -0.5354985E-02
   04  0.3576165E+01  0.4515280E+01 -0.2411184E-01 -0.2411244E-01 -0.5423031E-02
   04  0.3583307E+01  0.4515232E+01 -0.2419380E-01 -0.2419449E-01 -0.5470044E-02
   04  0.3590448E+01  0.4515206E+01 -0.2418063E-01 -0.2418111E-01 -0.5496913E-02
   04  0.3596800E+01  0.4515194E+01 -0.2413355E-01 -0.2413398E-01 -0.5508566E-02
   04  0.3603151E+01  0.4515188E+01 -0.2407499E-01 -0.2407532E-01 -0.5514758E-02
   04  0.3609503E+01  0.4515193E+01 -0.2397528E-01 -0.2397548E-01 -0.5509452E-02
   04  0.3615854E+01  0.4515218E+01 -0.2378758E-01 -0.2378760E-01 -0.5484530E-02
   04  0.3622206E+01  0.4515278E+01 -0.2343196E-01 -0.2343169E-01 -0.5424283E-02
   04  0.3628557E+01  0.4515391E+01 -0.2281967E-01 -0.2281906E-01 -0.5311398E-02
   04  0.3634909E+01  0.4515578E+01 -0.2184516E-01 -0.2184415E-01 -0.5124287E-02
   04  0.3641261E+01  0.4515865E+01 -0.2040337E-01 -0.2040187E-01 -0.4837728E-02
   04  0.3647612E+01  0.4516292E+01 -0.1831503E-01 -0.1831294E-01 -0.4410108E-02
   04  0.3653964E+01  0.4516912E+01 -0.1534535E-01 -0.1534255E-01 -0.3790690E-02
   04  0.3660315E+01  0.4517784E+01 -0.1120034E-01 -0.1119665E-01 -0.2919043E-02
   04  0.3666667E+01  0.4518983E+01 -0.5532458E-02 -0.5527664E-02 -0.1720009E-02
   04  0.3673807E+01  0.4520842E+01  0.3205050E-02  0.3211458E-02  0.1396810E-03
   04  0.3680947E+01  0.4523389E+01  0.1513282E-01  0.1514136E-01  0.2686796E-02
   04  0.3688088E+01  0.4526816E+01  0.3114926E-01  0.3116065E-01  0.6113033E-02
   04  0.3695228E+01  0.4531353E+01  0.5234156E-01  0.5235677E-01  0.1065055E-01
   04  0.3702368E+01  0.4537276E+01  0.8000394E-01  0.8002426E-01  0.1657322E-01
   04  0.3709508E+01  0.4544900E+01  0.1156585E+00  0.1156855E+00  0.2419748E-01
   04  0.3716649E+01  0.4554592E+01  0.1610882E+00  0.1611241E+00  0.3388950E-01
   04  0.3723789E+01  0.4566784E+01  0.2184167E+00  0.2184639E+00  0.4608113E-01
   04  0.3730929E+01  0.4582002E+01  0.2902622E+00  0.2903238E+00  0.6129963E-01
   04  0.3738070E+01  0.4600919E+01  0.3800196E+00  0.3800990E+00  0.8021668E-01
   04  0.3745210E+01  0.4624430E+01  0.4922880E+00  0.4923896E+00  0.1037276E+00
   04  0.3752350E+01  0.4653789E+01  0.6336029E+00  0.6337320E+00  0.1330868E+00
   04  0.3759491E+01  0.4690838E+01  0.8137648E+00  0.8139279E+00  0.1701356E+00
   04  0.3766631E+01  0.4738353E+01  0.1047987E+01  0.1048191E+01  0.2176509E+00
   04  0.3773771E+01  0.4800436E+01  0.1359699E+01  0.1359950E+01  0.2797336E+00
   04  0.3780912E+01  0.4882577E+01  0.1782391E+01  0.1782691E+01  0.3618744E+00
   04  0.3788052E+01  0.4990640E+01  0.2356130E+01  0.2356478E+01  0.4699373E+00
   04  0.3795192E+01  0.5127971E+01  0.3112481E+01  0.3112871E+01  0.6072686E+00
   04  0.3802333E+01  0.5291121E+01  0.4046713E+01  0.4047154E+01  0.7704185E+00
   04  0.3809474E+01  0.5467136E+01  0.5092430E+01  0.5092950E+01  0.9464339E+00
   04  0.3816614E+01  0.5636407E+01  0.6128422E+01  0.6129073E+01  0.1115705E+01
   04  0.3823755E+01  0.5780753E+01  0.7027563E+01  0.7028396E+01  0.1260050E+01
   04  0.3830896E+01  0.5890851E+01  0.7713809E+01  0.7714843E+01  0.1370148E+01
   04  0.3838037E+01  0.5967555E+01  0.8181671E+01  0.8182867E+01  0.1446852E+01
   04  0.3842797E+01  0.6003224E+01  0.8391544E+01  0.8392795E+01  0.1482522E+01
   04  0.3847558E+01  0.6029658E+01  0.8539217E+01  0.8540459E+01  0.1508955E+01
   04  0.3852318E+01  0.6049262E+01  0.8640079E+01  0.8641234E+01  0.1528560E+01
   04  0.3857079E+01  0.6063707E+01  0.8708198E+01  0.8709170E+01  0.1543004E+01
   04  0.3861839E+01  0.6074230E+01  0.8752374E+01  0.8753077E+01  0.1553527E+01
   04  0.3866600E+01  0.6082425E+01  0.8775759E+01  0.8776109E+01  0.1561722E+01
   04  0.3871360E+01  0.6088446E+01  0.8785814E+01  0.8785711E+01  0.1567743E+01
   04  0.3876121E+01  0.6093088E+01  0.8785851E+01  0.8785215E+01  0.1572385E+01
   04  0.3880882E+01  0.6096768E+01  0.8778617E+01  0.8777439E+01  0.1576066E+01
   04  0.3886237E+01  0.6099990E+01  0.8764437E+01  0.8762762E+01  0.1579288E+01
   04  0.3891593E+01  0.6102477E+01  0.8744755E+01  0.8742647E+01  0.1581774E+01
   04  0.3896948E+01  0.6104378E+01  0.8720042E+01  0.8717444E+01  0.1583675E+01
   04  0.3902304E+01  0.6105832E+01  0.8691817E+01  0.8688704E+01  0.1585129E+01
   04  0.3907659E+01  0.6107060E+01  0.8662004E+01  0.8658386E+01  0.1586357E+01
   04  0.3913015E+01  0.6108254E+01  0.8632073E+01  0.8627976E+01  0.1587551E+01
   04  0.3918371E+01  0.6109509E+01  0.8602845E+01  0.8598299E+01  0.1588807E+01
   04  0.3923726E+01  0.6110848E+01  0.8574473E+01  0.8569513E+01  0.1590146E+01
   04  0.3930082E+01  0.6112486E+01  0.8541399E+01  0.8535988E+01  0.1591784E+01
   04  0.3936438E+01  0.6114018E+01  0.8507806E+01  0.8501990E+01  0.1593315E+01
   04  0.3942795E+01  0.6115196E+01  0.8471946E+01  0.8465771E+01  0.1594493E+01
   04  0.3949151E+01  0.6115702E+01  0.8431582E+01  0.8425102E+01  0.1595000E+01
   04  0.3955507E+01  0.6115175E+01  0.8384181E+01  0.8377473E+01  0.1594473E+01
   04  0.3961863E+01  0.6113263E+01  0.8327382E+01  0.8320560E+01  0.1592560E+01
   04  0.3968219E+01  0.6109692E+01  0.8259518E+01  0.8252734E+01  0.1588989E+01
   04  0.3974575E+01  0.6104307E+01  0.8179843E+01  0.8173261E+01  0.1583604E+01
   04  0.3980932E+01  0.6097078E+01  0.8088432E+01  0.8082190E+01  0.1576375E+01
   04  0.3987288E+01  0.6088076E+01  0.7985969E+01  0.7980155E+01  0.1567374E+01
   04  0.3993644E+01  0.6077444E+01  0.7873527E+01  0.7868164E+01  0.1556741E+01
   04  0.4000000E+01  0.6065362E+01  0.7752361E+01  0.7747411E+01  0.1544659E+01
   04  0.4007142E+01  0.6050297E+01  0.7607311E+01  0.7602725E+01  0.1529594E+01
   04  0.4014284E+01  0.6033893E+01  0.7454435E+01  0.7450077E+01  0.1513191E+01
   04  0.4021426E+01  0.6016354E+01  0.7295020E+01  0.7290759E+01  0.1495652E+01
   04  0.4028568E+01  0.5997821E+01  0.7129982E+01  0.7125717E+01  0.1477119E+01
   04  0.4035710E+01  0.5978376E+01  0.6959897E+01  0.6955571E+01  0.1457673E+01
   04  0.4042852E+01  0.5958050E+01  0.6785093E+01  0.6780690E+01  0.1437348E+01
   04  0.4049994E+01  0.5936848E+01  0.6605763E+01  0.6601297E+01  0.1416145E+01
   04  0.4057136E+01  0.5914762E+01  0.6422071E+01  0.6417573E+01  0.1394060E+01
   04  0.4064278E+01  0.5891791E+01  0.6234232E+01  0.6229731E+01  0.1371088E+01
   04  0.4071420E+01  0.5867945E+01  0.6042546E+01  0.6038057E+01  0.1347242E+01
   04  0.4078562E+01  0.5843251E+01  0.5847389E+01  0.5842907E+01  0.1322549E+01
   04  0.4085704E+01  0.5817749E+01  0.5649179E+01  0.5644679E+01  0.1297046E+01
   04  0.4092846E+01  0.5791481E+01  0.5448330E+01  0.5443771E+01  0.1270779E+01
   04  0.4099988E+01  0.5764491E+01  0.5245215E+01  0.5240545E+01  0.1243788E+01
   04  0.4107130E+01  0.5736815E+01  0.5040139E+01  0.5035304E+01  0.1216113E+01
   04  0.4114272E+01  0.5708484E+01  0.4833348E+01  0.4828292E+01  0.1187781E+01
   04  0.4121414E+01  0.5679523E+01  0.4625038E+01  0.4619712E+01  0.1158821E+01
   04  0.4128556E+01  0.5649957E+01  0.4415383E+01  0.4409743E+01  0.1129255E+01
   04  0.4135697E+01  0.5619813E+01  0.4204580E+01  0.4198591E+01  0.1099110E+01
   04  0.4142839E+01  0.5589115E+01  0.3992804E+01  0.3986437E+01  0.1068412E+01
   04  0.4149980E+01  0.5557892E+01  0.3780274E+01  0.3773506E+01  0.1037189E+01
   04  0.4157121E+01  0.5526172E+01  0.3567230E+01  0.3560041E+01  0.1005470E+01
   04  0.4164263E+01  0.5493982E+01  0.3353918E+01  0.3346294E+01  0.9732794E+00
   04  0.4171404E+01  0.5461344E+01  0.3140588E+01  0.3132514E+01  0.9406413E+00
   04  0.4178546E+01  0.5428277E+01  0.2927482E+01  0.2918942E+01  0.9075747E+00
   04  0.4185687E+01  0.5394801E+01  0.2714831E+01  0.2705811E+01  0.8740983E+00
   04  0.4192828E+01  0.5360935E+01  0.2502858E+01  0.2493339E+01  0.8402327E+00
   04  0.4199970E+01  0.5326707E+01  0.2291778E+01  0.2281745E+01  0.8060041E+00
   04  0.4207111E+01  0.5292149E+01  0.2081810E+01  0.2071245E+01  0.7714467E+00
   04  0.4214252E+01  0.5257309E+01  0.1873175E+01  0.1862065E+01  0.7366061E+00
   04  0.4221394E+01  0.5222237E+01  0.1666090E+01  0.1654426E+01  0.7015342E+00
   04  0.4228535E+01  0.5186988E+01  0.1460760E+01  0.1448537E+01  0.6662859E+00
   04  0.4235677E+01  0.5151615E+01  0.1257360E+01  0.1244577E+01  0.6309128E+00
   04  0.4242818E+01  0.5116158E+01  0.1056019E+01  0.1042681E+01  0.5954557E+00
   04  0.4249959E+01  0.5080641E+01  0.8568067E+00  0.8429213E+00  0.5599384E+00
   04  0.4257101E+01  0.5045067E+01  0.6597257E+00  0.6453016E+00  0.5243647E+00
   04  0.4263453E+01  0.5013365E+01  0.4862939E+00  0.4714005E+00  0.4926620E+00
   04  0.4269806E+01  0.4981600E+01  0.3144609E+00  0.2991162E+00  0.4608974E+00
   04  0.4276159E+01  0.4949774E+01  0.1442427E+00  0.1284740E+00  0.4290715E+00
   04  0.4282512E+01  0.4917919E+01 -0.2416598E-01 -0.4036167E-01  0.3972166E+00
   04  0.4288864E+01  0.4886091E+01 -0.1902847E+00 -0.2069251E+00  0.3653880E+00
   04  0.4295217E+01  0.4854330E+01 -0.3536696E+00 -0.3707538E+00  0.3336274E+00
   04  0.4301570E+01  0.4822665E+01 -0.5143059E+00 -0.5318155E+00  0.3019626E+00
   04  0.4307922E+01  0.4791107E+01 -0.6722185E+00 -0.6901547E+00  0.2704043E+00
   04  0.4314275E+01  0.4759658E+01 -0.8273534E+00 -0.8457106E+00  0.2389556E+00
   04  0.4320628E+01  0.4728334E+01 -0.9797111E+00 -0.9984781E+00  0.2076318E+00
   04  0.4326981E+01  0.4697155E+01 -0.1129302E+01 -0.1148463E+01  0.1764524E+00
   04  0.4333333E+01  0.4666137E+01 -0.1276114E+01 -0.1295660E+01  0.1454345E+00
   04  0.4340474E+01  0.4631491E+01 -0.1438007E+01 -0.1457969E+01  0.1107885E+00
   04  0.4347614E+01  0.4597097E+01 -0.1596417E+01 -0.1616779E+01  0.7639460E-01
   04  0.4354755E+01  0.4562971E+01 -0.1751389E+01 -0.1772124E+01  0.4226882E-01
   04  0.4361895E+01  0.4529122E+01 -0.1902982E+01 -0.1924065E+01  0.8419901E-02
   04  0.4369036E+01  0.4495552E+01 -0.2051266E+01 -0.2072674E+01 -0.2515087E-01
   04  0.4376176E+01  0.4462253E+01 -0.2196306E+01 -0.2218024E+01 -0.5844960E-01
   04  0.4383317E+01  0.4429216E+01 -0.2338170E+01 -0.2360187E+01 -0.9148704E-01
   04  0.4390457E+01  0.4396426E+01 -0.2476925E+01 -0.2499238E+01 -0.1242768E+00
   04  0.4397598E+01  0.4363869E+01 -0.2612631E+01 -0.2635250E+01 -0.1568333E+00
   04  0.4404738E+01  0.4331533E+01 -0.2745350E+01 -0.2768290E+01 -0.1891695E+00
   04  0.4411879E+01  0.4299407E+01 -0.2875141E+01 -0.2898426E+01 -0.2212952E+00
   04  0.4419019E+01  0.4267487E+01 -0.3002064E+01 -0.3025723E+01 -0.2532159E+00
   04  0.4426160E+01  0.4235769E+01 -0.3126183E+01 -0.3150246E+01 -0.2849335E+00
   04  0.4433300E+01  0.4204256E+01 -0.3247562E+01 -0.3272057E+01 -0.3164467E+00
   04  0.4440441E+01  0.4172950E+01 -0.3366267E+01 -0.3391218E+01 -0.3477524E+00
   04  0.4447581E+01  0.4141855E+01 -0.3482366E+01 -0.3507787E+01 -0.3788475E+00
   04  0.4454722E+01  0.4110972E+01 -0.3595928E+01 -0.3621824E+01 -0.4097303E+00
   04  0.4461862E+01  0.4080301E+01 -0.3707021E+01 -0.3733383E+01 -0.4404015E+00
   04  0.4469003E+01  0.4049835E+01 -0.3815715E+01 -0.3842524E+01 -0.4708672E+00
   04  0.4476144E+01  0.4019570E+01 -0.3922062E+01 -0.3949284E+01 -0.5011323E+00
   04  0.4483285E+01  0.3989496E+01 -0.4026111E+01 -0.4053705E+01 -0.5312062E+00
   04  0.4490426E+01  0.3959603E+01 -0.4127900E+01 -0.4155819E+01 -0.5610994E+00
   04  0.4497567E+01  0.3929881E+01 -0.4227457E+01 -0.4255648E+01 -0.5908215E+00
   04  0.4504708E+01  0.3900323E+01 -0.4324798E+01 -0.4353208E+01 -0.6203799E+00
   04  0.4511849E+01  0.3870925E+01 -0.4419925E+01 -0.4448506E+01 -0.6497774E+00
   04  0.4518990E+01  0.3841691E+01 -0.4512834E+01 -0.4541540E+01 -0.6790114E+00
   04  0.4526131E+01  0.3812630E+01 -0.4603514E+01 -0.4632309E+01 -0.7080728E+00
   04  0.4533272E+01  0.3783756E+01 -0.4691952E+01 -0.4720807E+01 -0.7369461E+00
   04  0.4540413E+01  0.3755092E+01 -0.4778139E+01 -0.4807033E+01 -0.7656101E+00
   04  0.4547554E+01  0.3726663E+01 -0.4862070E+01 -0.4890991E+01 -0.7940395E+00
   04  0.4554695E+01  0.3698496E+01 -0.4943751E+01 -0.4972695E+01 -0.8222064E+00
   04  0.4561836E+01  0.3670620E+01 -0.5023199E+01 -0.5052164E+01 -0.8500824E+00
   04  0.4568977E+01  0.3643062E+01 -0.5100442E+01 -0.5129429E+01 -0.8776401E+00
   04  0.4576118E+01  0.3615849E+01 -0.5175513E+01 -0.5204521E+01 -0.9048533E+00
   04  0.4583259E+01  0.3589006E+01 -0.5248444E+01 -0.5277471E+01 -0.9316964E+00
   04  0.4590400E+01  0.3562561E+01 -0.5319256E+01 -0.5348290E+01 -0.9581412E+00
   04  0.4596755E+01  0.3539373E+01 -0.5380412E+01 -0.5409439E+01 -0.9813294E+00
   04  0.4603111E+01  0.3516552E+01 -0.5439871E+01 -0.5468870E+01 -0.1004151E+01
   04  0.4609466E+01  0.3494140E+01 -0.5497572E+01 -0.5526512E+01 -0.1026562E+01
   04  0.4615822E+01  0.3472191E+01 -0.5553420E+01 -0.5582258E+01 -0.1048512E+01
   04  0.4622178E+01  0.3450769E+01 -0.5607284E+01 -0.5635961E+01 -0.1069934E+01
   04  0.4628533E+01  0.3429964E+01 -0.5658969E+01 -0.5687414E+01 -0.1090738E+01
   04  0.4634889E+01  0.3409886E+01 -0.5708216E+01 -0.5736366E+01 -0.1110816E+01
   04  0.4641244E+01  0.3390681E+01 -0.5754675E+01 -0.5782495E+01 -0.1130022E+01
   04  0.4647600E+01  0.3372441E+01 -0.5798099E+01 -0.5825577E+01 -0.1148262E+01
   04  0.4653955E+01  0.3355326E+01 -0.5838183E+01 -0.5865240E+01 -0.1165377E+01
   04  0.4660311E+01  0.3339532E+01 -0.5874363E+01 -0.5900955E+01 -0.1181171E+01
   04  0.4666667E+01  0.3325135E+01 -0.5906173E+01 -0.5932710E+01 -0.1195568E+01
   04  0.4673808E+01  0.3310618E+01 -0.5937768E+01 -0.5963954E+01 -0.1210084E+01
   04  0.4680950E+01  0.3298193E+01 -0.5964598E+01 -0.5990298E+01 -0.1222509E+01
   04  0.4688091E+01  0.3287685E+01 -0.5987165E+01 -0.6012318E+01 -0.1233017E+01
   04  0.4695232E+01  0.3278756E+01 -0.6005849E+01 -0.6029907E+01 -0.1241946E+01
   04  0.4702374E+01  0.3271350E+01 -0.6019989E+01 -0.6042653E+01 -0.1249353E+01
   04  0.4709515E+01  0.3264807E+01 -0.6031450E+01 -0.6053069E+01 -0.1255895E+01
   04  0.4716657E+01  0.3258781E+01 -0.6041927E+01 -0.6062601E+01 -0.1261922E+01
   04  0.4723798E+01  0.3253320E+01 -0.6051617E+01 -0.6071305E+01 -0.1267383E+01
   04  0.4730940E+01  0.3248996E+01 -0.6058862E+01 -0.6078269E+01 -0.1271706E+01
   04  0.4738081E+01  0.3246635E+01 -0.6062861E+01 -0.6081478E+01 -0.1274067E+01
   04  0.4745223E+01  0.3251770E+01 -0.6052666E+01 -0.6069706E+01 -0.1268933E+01
   04  0.4752364E+01  0.3275840E+01 -0.6007689E+01 -0.6022306E+01 -0.1244862E+01
   04  0.4759505E+01  0.3332064E+01 -0.5890512E+01 -0.5902249E+01 -0.1188639E+01
   04  0.4766647E+01  0.3448557E+01 -0.5608700E+01 -0.5613736E+01 -0.1072145E+01
   04  0.4773788E+01  0.3647716E+01 -0.5039202E+01 -0.5035862E+01 -0.8729866E+00
   04  0.4780930E+01  0.3913575E+01 -0.4153191E+01 -0.4140186E+01 -0.6071275E+00
   04  0.4788071E+01  0.4185216E+01 -0.3119657E+01 -0.3090351E+01 -0.3354863E+00
   04  0.4795213E+01  0.4405050E+01 -0.2193840E+01 -0.2157133E+01 -0.1156526E+00
   04  0.4802354E+01  0.4548945E+01 -0.1613243E+01 -0.1574152E+01  0.2824230E-01
   04  0.4809495E+01  0.4604014E+01 -0.1450843E+01 -0.1413908E+01  0.8331147E-01
   04  0.4816636E+01  0.4620996E+01 -0.1475353E+01 -0.1440954E+01  0.1002932E+00
   04  0.4823776E+01  0.4622146E+01 -0.1496566E+01 -0.1464593E+01  0.1014432E+00
   04  0.4830917E+01  0.4614565E+01 -0.1498376E+01 -0.1468202E+01  0.9386226E-01
   04  0.4838058E+01  0.4609643E+01 -0.1509702E+01 -0.1480793E+01  0.8894024E-01
   04  0.4845199E+01  0.4612518E+01 -0.1554653E+01 -0.1527190E+01  0.9181542E-01
   04  0.4852340E+01  0.4613972E+01 -0.1591015E+01 -0.1565962E+01  0.9326967E-01
   04  0.4859481E+01  0.4610927E+01 -0.1598105E+01 -0.1575098E+01  0.9022446E-01
   04  0.4866622E+01  0.4609433E+01 -0.1609565E+01 -0.1587543E+01  0.8873061E-01
   04  0.4873763E+01  0.4610771E+01 -0.1635428E+01 -0.1614263E+01  0.9006870E-01
   04  0.4880904E+01  0.4614249E+01 -0.1676572E+01 -0.1656982E+01  0.9354600E-01
   04  0.4888045E+01  0.4614283E+01 -0.1701367E+01 -0.1683572E+01  0.9358059E-01
   04  0.4895186E+01  0.4612605E+01 -0.1716759E+01 -0.1700262E+01  0.9190232E-01
   04  0.4902327E+01  0.4612762E+01 -0.1741441E+01 -0.1726106E+01  0.9205924E-01
   04  0.4909468E+01  0.4615784E+01 -0.1783916E+01 -0.1769118E+01  0.9508148E-01
   04  0.4916609E+01  0.4618539E+01 -0.1827844E+01 -0.1813949E+01  0.9783648E-01
   04  0.4923750E+01  0.4619004E+01 -0.1860463E+01 -0.1847794E+01  0.9830120E-01
   04  0.4930104E+01  0.4618732E+01 -0.1885936E+01 -0.1874400E+01  0.9802918E-01
   04  0.4936458E+01  0.4619573E+01 -0.1917905E+01 -0.1907158E+01  0.9887040E-01
   04  0.4942812E+01  0.4622053E+01 -0.1960388E+01 -0.1950363E+01  0.1013509E+00
   04  0.4949167E+01  0.4624637E+01 -0.2006533E+01 -0.1997150E+01  0.1039346E+00
   04  0.4955521E+01  0.4625781E+01 -0.2047574E+01 -0.2039038E+01  0.1050783E+00
   04  0.4961875E+01  0.4625352E+01 -0.2082106E+01 -0.2074566E+01  0.1046496E+00
   04  0.4968229E+01  0.4624274E+01 -0.2114693E+01 -0.2108183E+01  0.1035719E+00
   04  0.4974583E+01  0.4623804E+01 -0.2152327E+01 -0.2146706E+01  0.1031012E+00
   04  0.4980937E+01  0.4624401E+01 -0.2198103E+01 -0.2193173E+01  0.1036984E+00
   04  0.4984115E+01  0.4624955E+01 -0.2223218E+01 -0.2218657E+01  0.1042520E+00
   04  0.4987292E+01  0.4625388E+01 -0.2248391E+01 -0.2244252E+01  0.1046858E+00
   04  0.4990469E+01  0.4625559E+01 -0.2272788E+01 -0.2269138E+01  0.1048563E+00
   04  0.4993646E+01  0.4625377E+01 -0.2295829E+01 -0.2292744E+01  0.1046747E+00
   04  0.4996823E+01  0.4624834E+01 -0.2317342E+01 -0.2314894E+01  0.1041316E+00
   04  0.5000000E+01  0.4624001E+01 -0.2337581E+01 -0.2335830E+01  0.1032980E+00
   04  0.5005356E+01  0.4622357E+01 -0.2370609E+01 -0.2370125E+01  0.1016548E+00
   04  0.5010711E+01  0.4620902E+01 -0.2404901E+01 -0.2405767E+01  0.1001994E+00
   04  0.5016067E+01  0.4620216E+01 -0.2443516E+01 -0.2445783E+01  0.9951394E-01
   04  0.5021422E+01  0.4620476E+01 -0.2487442E+01 -0.2491145E+01  0.9977376E-01
   04  0.5026778E+01  0.4621380E+01 -0.2535006E+01 -0.2540217E+01  0.1006774E+00
   04  0.5032133E+01  0.4622230E+01 -0.2582284E+01 -0.2589090E+01  0.1015276E+00
   04  0.5037489E+01  0.4622334E+01 -0.2625069E+01 -0.2633522E+01  0.1016318E+00
   04  0.5042844E+01  0.4621349E+01 -0.2660930E+01 -0.2670996E+01  0.1006462E+00
   04  0.5049985E+01  0.4618516E+01 -0.2697851E+01 -0.2709942E+01  0.9781325E-01
   04  0.5057125E+01  0.4614915E+01 -0.2726764E+01 -0.2740687E+01  0.9421292E-01
   04  0.5064266E+01  0.4612450E+01 -0.2757626E+01 -0.2773049E+01  0.9174723E-01
   04  0.5071407E+01  0.4612698E+01 -0.2799334E+01 -0.2815989E+01  0.9199586E-01
   04  0.5078547E+01  0.4615845E+01 -0.2853482E+01 -0.2871256E+01  0.9514212E-01
   04  0.5085688E+01  0.4620681E+01 -0.2913802E+01 -0.2932742E+01  0.9997871E-01
   04  0.5092829E+01  0.4625467E+01 -0.2970733E+01 -0.2990977E+01  0.1047642E+00
   04  0.5099969E+01  0.4629010E+01 -0.3017658E+01 -0.3039343E+01  0.1083071E+00
   04  0.5107110E+01  0.4631331E+01 -0.3054668E+01 -0.3077796E+01  0.1106284E+00
   04  0.5109490E+01  0.4631949E+01 -0.3065704E+01 -0.3089339E+01  0.1112464E+00
   04  0.5111871E+01  0.4632603E+01 -0.3076653E+01 -0.3100781E+01  0.1119001E+00
   04  0.5114251E+01  0.4633331E+01 -0.3087751E+01 -0.3112344E+01  0.1126280E+00
   04  0.5116631E+01  0.4634157E+01 -0.3099149E+01 -0.3124164E+01  0.1134544E+00
   04  0.5119011E+01  0.4635092E+01 -0.3110907E+01 -0.3136289E+01  0.1143890E+00
   04  0.5121392E+01  0.4636130E+01 -0.3123000E+01 -0.3148691E+01  0.1154271E+00
   04  0.5123772E+01  0.4637253E+01 -0.3135333E+01 -0.3161274E+01  0.1165507E+00
   04  0.5126152E+01  0.4638433E+01 -0.3147747E+01 -0.3173891E+01  0.1177303E+00
   04  0.5128532E+01  0.4639633E+01 -0.3160042E+01 -0.3186351E+01  0.1189307E+00
   04  0.5135673E+01  0.4642999E+01 -0.3194201E+01 -0.3220755E+01  0.1222967E+00
   04  0.5142814E+01  0.4645606E+01 -0.3221436E+01 -0.3247975E+01  0.1249035E+00
   04  0.5149955E+01  0.4647430E+01 -0.3240579E+01 -0.3265986E+01  0.1267274E+00
   04  0.5157096E+01  0.4649416E+01 -0.3255111E+01 -0.3277973E+01  0.1287139E+00
   04  0.5164237E+01  0.4652447E+01 -0.3272158E+01 -0.3293664E+01  0.1317444E+00
   04  0.5171378E+01  0.4657560E+01 -0.3299936E+01 -0.3319546E+01  0.1368578E+00
   04  0.5174948E+01  0.4661246E+01 -0.3319460E+01 -0.3337937E+01  0.1405432E+00
   04  0.5178519E+01  0.4665561E+01 -0.3342246E+01 -0.3359293E+01  0.1448582E+00
   04  0.5182089E+01  0.4670341E+01 -0.3367078E+01 -0.3382640E+01  0.1496389E+00
   04  0.5185660E+01  0.4675261E+01 -0.3391812E+01 -0.3406256E+01  0.1545586E+00
   04  0.5189230E+01  0.4680035E+01 -0.3415276E+01 -0.3428489E+01  0.1593328E+00
   04  0.5192800E+01  0.4684306E+01 -0.3434819E+01 -0.3446871E+01  0.1636035E+00
   04  0.5196371E+01  0.4687863E+01 -0.3448845E+01 -0.3459356E+01  0.1671606E+00
   04  0.5199941E+01  0.4690745E+01 -0.3456249E+01 -0.3465538E+01  0.1700421E+00
   04  0.5203512E+01  0.4693176E+01 -0.3457524E+01 -0.3465519E+01  0.1724737E+00
   04  0.5207082E+01  0.4695533E+01 -0.3455400E+01 -0.3462020E+01  0.1748301E+00
   04  0.5210653E+01  0.4697881E+01 -0.3450977E+01 -0.3456425E+01  0.1771789E+00
   04  0.5214223E+01  0.4700145E+01 -0.3444264E+01 -0.3449114E+01  0.1794428E+00
   04  0.5219579E+01  0.4703510E+01 -0.3430202E+01 -0.3434849E+01  0.1828076E+00
   04  0.5224935E+01  0.4706836E+01 -0.3412179E+01 -0.3417467E+01  0.1861331E+00
   04  0.5230290E+01  0.4711322E+01 -0.3395951E+01 -0.3402625E+01  0.1906198E+00
   04  0.5235646E+01  0.4717450E+01 -0.3384932E+01 -0.3390826E+01  0.1967470E+00
   04  0.5241002E+01  0.4725185E+01 -0.3381565E+01 -0.3386654E+01  0.2044824E+00
   04  0.5246357E+01  0.4735683E+01 -0.3391915E+01 -0.3398018E+01  0.2149804E+00
   04  0.5247696E+01  0.4738771E+01 -0.3397008E+01 -0.3403310E+01  0.2180689E+00
   04  0.5249035E+01  0.4741990E+01 -0.3402743E+01 -0.3409195E+01  0.2212877E+00
   04  0.5250374E+01  0.4745295E+01 -0.3408931E+01 -0.3415545E+01  0.2245927E+00
   04  0.5251713E+01  0.4748651E+01 -0.3415425E+01 -0.3422201E+01  0.2279485E+00
   04  0.5253052E+01  0.4752030E+01 -0.3422079E+01 -0.3429026E+01  0.2313274E+00
   04  0.5254391E+01  0.4755409E+01 -0.3428722E+01 -0.3435842E+01  0.2347061E+00
   04  0.5255730E+01  0.4758795E+01 -0.3435361E+01 -0.3442648E+01  0.2380924E+00
   04  0.5257069E+01  0.4762169E+01 -0.3441864E+01 -0.3449311E+01  0.2414668E+00
   04  0.5263424E+01  0.4776770E+01 -0.3464531E+01 -0.3472515E+01  0.2560673E+00
   04  0.5269779E+01  0.4789085E+01 -0.3471311E+01 -0.3479836E+01  0.2683821E+00
   04  0.5276135E+01  0.4798758E+01 -0.3458317E+01 -0.3466922E+01  0.2780553E+00
   04  0.5282490E+01  0.4807084E+01 -0.3434924E+01 -0.3443417E+01  0.2863816E+00
   04  0.5288846E+01  0.4813473E+01 -0.3402459E+01 -0.3410545E+01  0.2927709E+00
   04  0.5295201E+01  0.4817631E+01 -0.3355124E+01 -0.3362547E+01  0.2969287E+00
   04  0.5301556E+01  0.4820270E+01 -0.3297226E+01 -0.3303794E+01  0.2995677E+00
   04  0.5307912E+01  0.4822719E+01 -0.3238344E+01 -0.3243940E+01  0.3020167E+00
   04  0.5314267E+01  0.4826248E+01 -0.3185724E+01 -0.3190206E+01  0.3055452E+00
   04  0.5320623E+01  0.4832383E+01 -0.3148921E+01 -0.3152113E+01  0.3116803E+00
   04  0.5326978E+01  0.4841043E+01 -0.3127647E+01 -0.3130019E+01  0.3203403E+00
   04  0.5333333E+01  0.4850836E+01 -0.3115708E+01 -0.3117386E+01  0.3301332E+00
   04  0.5340474E+01  0.4863469E+01 -0.3118434E+01 -0.3119558E+01  0.3427662E+00
   04  0.5347615E+01  0.4876281E+01 -0.3132486E+01 -0.3133609E+01  0.3555786E+00
   04  0.5354756E+01  0.4888139E+01 -0.3149852E+01 -0.3151514E+01  0.3674368E+00
   04  0.5361897E+01  0.4897771E+01 -0.3165336E+01 -0.3168095E+01  0.3770686E+00
   04  0.5369038E+01  0.4904767E+01 -0.3176940E+01 -0.3181080E+01  0.3840648E+00
   04  0.5376179E+01  0.4909006E+01 -0.3186492E+01 -0.3191250E+01  0.3883034E+00
   04  0.5383320E+01  0.4911316E+01 -0.3192626E+01 -0.3198474E+01  0.3906130E+00
   04  0.5390460E+01  0.4912289E+01 -0.3195922E+01 -0.3201943E+01  0.3915861E+00
   04  0.5397601E+01  0.4912088E+01 -0.3196009E+01 -0.3202564E+01  0.3913850E+00
   04  0.5404742E+01  0.4910594E+01 -0.3190800E+01 -0.3199502E+01  0.3898917E+00
   04  0.5411883E+01  0.4907426E+01 -0.3177978E+01 -0.3188400E+01  0.3867234E+00
   04  0.5419024E+01  0.4902461E+01 -0.3156774E+01 -0.3168254E+01  0.3817581E+00
   04  0.5426165E+01  0.4895851E+01 -0.3128550E+01 -0.3140388E+01  0.3751487E+00
   04  0.5433306E+01  0.4888151E+01 -0.3095257E+01 -0.3106717E+01  0.3674488E+00
   04  0.5440447E+01  0.4880038E+01 -0.3059031E+01 -0.3069796E+01  0.3593357E+00
   04  0.5447588E+01  0.4872004E+01 -0.3022920E+01 -0.3032295E+01  0.3513017E+00
   04  0.5454728E+01  0.4864471E+01 -0.2988505E+01 -0.2995964E+01  0.3437687E+00
   04  0.5461869E+01  0.4857594E+01 -0.2956178E+01 -0.2961270E+01  0.3368919E+00
   04  0.5469010E+01  0.4851264E+01 -0.2924828E+01 -0.2927176E+01  0.3305616E+00
   04  0.5476151E+01  0.4845160E+01 -0.2892388E+01 -0.2891581E+01  0.3244576E+00
   04  0.5483291E+01  0.4838892E+01 -0.2856313E+01 -0.2852004E+01  0.3181893E+00
   04  0.5490432E+01  0.4832115E+01 -0.2814292E+01 -0.2806290E+01  0.3114127E+00
   04  0.5497573E+01  0.4824607E+01 -0.2764757E+01 -0.2753155E+01  0.3039044E+00
   04  0.5504713E+01  0.4816278E+01 -0.2707079E+01 -0.2692348E+01  0.2955753E+00
   04  0.5511854E+01  0.4807136E+01 -0.2641464E+01 -0.2624482E+01  0.2864338E+00
   04  0.5518995E+01  0.4797234E+01 -0.2568705E+01 -0.2550683E+01  0.2765315E+00
   04  0.5526135E+01  0.4786617E+01 -0.2489894E+01 -0.2472236E+01  0.2659140E+00
   04  0.5531491E+01  0.4778201E+01 -0.2427405E+01 -0.2410987E+01  0.2574985E+00
   04  0.5536846E+01  0.4769374E+01 -0.2362613E+01 -0.2348185E+01  0.2486717E+00
   04  0.5542202E+01  0.4760105E+01 -0.2295867E+01 -0.2284074E+01  0.2394026E+00
   04  0.5547557E+01  0.4750350E+01 -0.2227418E+01 -0.2218764E+01  0.2296473E+00
   04  0.5552913E+01  0.4740059E+01 -0.2157413E+01 -0.2152248E+01  0.2193561E+00
   04  0.5558268E+01  0.4729184E+01 -0.2085930E+01 -0.2084444E+01  0.2084814E+00
   04  0.5563624E+01  0.4717690E+01 -0.2013007E+01 -0.2015240E+01  0.1969871E+00
   04  0.5568979E+01  0.4705558E+01 -0.1938683E+01 -0.1944542E+01  0.1848550E+00
   04  0.5574334E+01  0.4692792E+01 -0.1863024E+01 -0.1872306E+01  0.1720894E+00
   04  0.5579690E+01  0.4679418E+01 -0.1786124E+01 -0.1798546E+01  0.1587156E+00
   04  0.5585045E+01  0.4665477E+01 -0.1708098E+01 -0.1723320E+01  0.1447746E+00
   04  0.5590401E+01  0.4651016E+01 -0.1629047E+01 -0.1646699E+01  0.1303136E+00
   04  0.5596756E+01  0.4633238E+01 -0.1534074E+01 -0.1554110E+01  0.1125355E+00
   04  0.5603112E+01  0.4614838E+01 -0.1437724E+01 -0.1459604E+01  0.9413506E-01
   04  0.5609467E+01  0.4595835E+01 -0.1339836E+01 -0.1363050E+01  0.7513199E-01
   04  0.5615823E+01  0.4576218E+01 -0.1240129E+01 -0.1264224E+01  0.5551561E-01
   04  0.5622178E+01  0.4555957E+01 -0.1138267E+01 -0.1162869E+01  0.3525431E-01
   04  0.5628534E+01  0.4535013E+01 -0.1033946E+01 -0.1058776E+01  0.1431080E-01
   04  0.5634889E+01  0.4513362E+01 -0.9269796E+00 -0.9518550E+00 -0.7340733E-02
   04  0.5641245E+01  0.4491003E+01 -0.8173657E+00 -0.8421984E+00 -0.2969939E-01
   04  0.5647600E+01  0.4467975E+01 -0.7053221E+00 -0.7301105E+00 -0.5272725E-01
   04  0.5653956E+01  0.4444357E+01 -0.5912894E+00 -0.6161052E+00 -0.7634524E-01
   04  0.5660311E+01  0.4420269E+01 -0.4759116E+00 -0.5008789E+00 -0.1004332E+00
   04  0.5666667E+01  0.4395872E+01 -0.3599984E+00 -0.3852760E+00 -0.1248306E+00
   04  0.5673807E+01  0.4368351E+01 -0.2304782E+00 -0.2562970E+00 -0.1523511E+00
   04  0.5680947E+01  0.4341047E+01 -0.1029839E+00 -0.1294926E+00 -0.1796559E+00
   04  0.5688088E+01  0.4314394E+01  0.2073714E-01 -0.6606968E-02 -0.2063089E+00
   04  0.5695228E+01  0.4288879E+01  0.1386505E+00  0.1103673E+00 -0.2318240E+00
   04  0.5702368E+01  0.4265009E+01  0.2488965E+00  0.2196907E+00 -0.2556931E+00
   04  0.5709508E+01  0.4243235E+01  0.3498884E+00  0.3198469E+00 -0.2774678E+00
   04  0.5716649E+01  0.4223851E+01  0.4407571E+00  0.4099963E+00 -0.2968518E+00
   04  0.5723789E+01  0.4206958E+01  0.5216343E+00  0.4903040E+00 -0.3137441E+00
   04  0.5730929E+01  0.4192413E+01  0.5935622E+00  0.5618007E+00 -0.3282895E+00
   04  0.5738070E+01  0.4179824E+01  0.6584704E+00  0.6263599E+00 -0.3408789E+00
   04  0.5745210E+01  0.4168603E+01  0.7189873E+00  0.6865570E+00 -0.3520993E+00
   04  0.5752350E+01  0.4158042E+01  0.7780793E+00  0.7453118E+00 -0.3626606E+00
   04  0.5759491E+01  0.4147410E+01  0.8386164E+00  0.8054433E+00 -0.3732921E+00
   04  0.5766631E+01  0.4136065E+01  0.9029479E+00  0.8692775E+00 -0.3846372E+00
   04  0.5773771E+01  0.4123530E+01  0.9726061E+00  0.9383509E+00 -0.3971730E+00
   04  0.5780911E+01  0.4109532E+01  0.1048195E+01  0.1013296E+01 -0.4111701E+00
   04  0.5788052E+01  0.4094011E+01  0.1129461E+01  0.1093908E+01 -0.4266914E+00
   04  0.5795192E+01  0.4077080E+01  0.1215498E+01  0.1179347E+01 -0.4436225E+00
   04  0.5799476E+01  0.4066317E+01  0.1269009E+01  0.1232548E+01 -0.4543860E+00
   04  0.5803761E+01  0.4055198E+01  0.1323473E+01  0.1286763E+01 -0.4655041E+00
   04  0.5808045E+01  0.4043803E+01  0.1378573E+01  0.1341690E+01 -0.4768998E+00
   04  0.5812329E+01  0.4032209E+01  0.1434008E+01  0.1397038E+01 -0.4884935E+00
   04  0.5816613E+01  0.4020497E+01  0.1489498E+01  0.1452536E+01 -0.5002057E+00
   04  0.5820183E+01  0.4010695E+01  0.1535623E+01  0.1498744E+01 -0.5100074E+00
   04  0.5823753E+01  0.4000908E+01  0.1581480E+01  0.1544753E+01 -0.5197949E+00
   04  0.5827324E+01  0.3991175E+01  0.1626953E+01  0.1590447E+01 -0.5295280E+00
   04  0.5832679E+01  0.3976776E+01  0.1694122E+01  0.1658060E+01 -0.5439265E+00
   04  0.5838034E+01  0.3962690E+01  0.1759932E+01  0.1724437E+01 -0.5580122E+00
   04  0.5842318E+01  0.3951704E+01  0.1811509E+01  0.1776541E+01 -0.5689988E+00
   04  0.5846603E+01  0.3941017E+01  0.1861994E+01  0.1827593E+01 -0.5796853E+00
   04  0.5850887E+01  0.3930663E+01  0.1911319E+01  0.1877506E+01 -0.5900397E+00
   04  0.5855171E+01  0.3920665E+01  0.1959434E+01  0.1926206E+01 -0.6000375E+00
   04  0.5859455E+01  0.3911041E+01  0.2006300E+01  0.1973629E+01 -0.6096611E+00
   04  0.5863025E+01  0.3903315E+01  0.2044408E+01  0.2012166E+01 -0.6173877E+00
   04  0.5866596E+01  0.3895860E+01  0.2081614E+01  0.2049749E+01 -0.6248427E+00
   04  0.5870166E+01  0.3888677E+01  0.2117905E+01  0.2086356E+01 -0.6320256E+00
   04  0.5873736E+01  0.3881764E+01  0.2153271E+01  0.2121965E+01 -0.6389383E+00
   04  0.5877306E+01  0.3875118E+01  0.2187703E+01  0.2156558E+01 -0.6455848E+00
   04  0.5880876E+01  0.3868731E+01  0.2221192E+01  0.2190118E+01 -0.6519712E+00
   04  0.5886231E+01  0.3859621E+01  0.2269536E+01  0.2238393E+01 -0.6610816E+00
   04  0.5891587E+01  0.3851046E+01  0.2315718E+01  0.2284290E+01 -0.6696568E+00
   04  0.5896942E+01  0.3842970E+01  0.2359709E+01  0.2327788E+01 -0.6777325E+00
   04  0.5902297E+01  0.3835355E+01  0.2401481E+01  0.2368877E+01 -0.6853473E+00
   04  0.5907653E+01  0.3828162E+01  0.2441004E+01  0.2407561E+01 -0.6925408E+00
   04  0.5913008E+01  0.3821351E+01  0.2478253E+01  0.2443857E+01 -0.6993515E+00
   04  0.5918363E+01  0.3814888E+01  0.2513203E+01  0.2477797E+01 -0.7058150E+00
   04  0.5923718E+01  0.3808741E+01  0.2545839E+01  0.2509429E+01 -0.7119618E+00
   04  0.5930075E+01  0.3801826E+01  0.2581523E+01  0.2544030E+01 -0.7188770E+00
   04  0.5936432E+01  0.3795297E+01  0.2613951E+01  0.2575600E+01 -0.7254054E+00
   04  0.5942789E+01  0.3789146E+01  0.2643162E+01  0.2604300E+01 -0.7315563E+00
   04  0.5949146E+01  0.3783382E+01  0.2669228E+01  0.2630317E+01 -0.7373204E+00
   04  0.5955502E+01  0.3778032E+01  0.2692249E+01  0.2653861E+01 -0.7426704E+00
   04  0.5961859E+01  0.3773137E+01  0.2712372E+01  0.2675161E+01 -0.7475658E+00
   04  0.5968216E+01  0.3768751E+01  0.2729753E+01  0.2694466E+01 -0.7519511E+00
   04  0.5974573E+01  0.3764927E+01  0.2744620E+01  0.2712055E+01 -0.7557751E+00
   04  0.5980930E+01  0.3761721E+01  0.2757217E+01  0.2728217E+01 -0.7589817E+00
   04  0.5987286E+01  0.3759191E+01  0.2767735E+01  0.2743277E+01 -0.7615113E+00
   04  0.5993643E+01  0.3757389E+01  0.2776653E+01  0.2757430E+01 -0.7633136E+00
   04  0.6000000E+01  0.3756533E+01  0.2783527E+01  0.2770716E+01 -0.7641692E+00
   04  0.6007140E+01  0.3756976E+01  0.2788135E+01  0.2784019E+01 -0.7637263E+00
   04  0.6014281E+01  0.3758922E+01  0.2790766E+01  0.2795210E+01 -0.7617809E+00
   04  0.6021421E+01  0.3761965E+01  0.2794239E+01  0.2806114E+01 -0.7587371E+00
   04  0.6028561E+01  0.3765769E+01  0.2799297E+01  0.2817992E+01 -0.7549337E+00
   04  0.6035701E+01  0.3770267E+01  0.2805362E+01  0.2830401E+01 -0.7504354E+00
   04  0.6042842E+01  0.3775590E+01  0.2812205E+01  0.2842544E+01 -0.7451128E+00
   04  0.6049982E+01  0.3781663E+01  0.2819937E+01  0.2854243E+01 -0.7390395E+00
   04  0.6057122E+01  0.3788339E+01  0.2828226E+01  0.2865144E+01 -0.7323633E+00
   04  0.6064263E+01  0.3795460E+01  0.2836847E+01  0.2874787E+01 -0.7252423E+00
   04  0.6071403E+01  0.3802914E+01  0.2845621E+01  0.2882902E+01 -0.7177884E+00
   04  0.6078543E+01  0.3810592E+01  0.2854274E+01  0.2889306E+01 -0.7101105E+00
   04  0.6085683E+01  0.3818389E+01  0.2862478E+01  0.2893868E+01 -0.7023132E+00
   04  0.6092824E+01  0.3826222E+01  0.2869948E+01  0.2896565E+01 -0.6944802E+00
   04  0.6099964E+01  0.3834025E+01  0.2876424E+01  0.2897435E+01 -0.6866776E+00
   04  0.6107104E+01  0.3841756E+01  0.2881712E+01  0.2896571E+01 -0.6789469E+00
   04  0.6114244E+01  0.3849403E+01  0.2885697E+01  0.2894132E+01 -0.6712998E+00
   04  0.6121385E+01  0.3856974E+01  0.2888312E+01  0.2890327E+01 -0.6637281E+00
   04  0.6128525E+01  0.3864492E+01  0.2889529E+01  0.2885385E+01 -0.6562107E+00
   04  0.6135665E+01  0.3871981E+01  0.2889344E+01  0.2879524E+01 -0.6487211E+00
   04  0.6142805E+01  0.3879469E+01  0.2887761E+01  0.2872920E+01 -0.6412334E+00
   04  0.6149946E+01  0.3886975E+01  0.2884777E+01  0.2865692E+01 -0.6337279E+00
   04  0.6157086E+01  0.3894509E+01  0.2880381E+01  0.2857893E+01 -0.6261935E+00
   04  0.6164226E+01  0.3902073E+01  0.2874547E+01  0.2849512E+01 -0.6186295E+00
   04  0.6171366E+01  0.3909657E+01  0.2867239E+01  0.2840479E+01 -0.6110452E+00
   04  0.6178506E+01  0.3917245E+01  0.2858408E+01  0.2830681E+01 -0.6034578E+00
   04  0.6185646E+01  0.3924817E+01  0.2848016E+01  0.2819990E+01 -0.5958851E+00
   04  0.6192787E+01  0.3932363E+01  0.2836055E+01  0.2808288E+01 -0.5883392E+00
   04  0.6199927E+01  0.3939880E+01  0.2822558E+01  0.2795485E+01 -0.5808224E+00
   04  0.6207067E+01  0.3947377E+01  0.2807602E+01  0.2781538E+01 -0.5733254E+00
   04  0.6214207E+01  0.3954878E+01  0.2791306E+01  0.2766419E+01 -0.5658242E+00
   04  0.6221347E+01  0.3962396E+01  0.2773784E+01  0.2750230E+01 -0.5583062E+00
   04  0.6228487E+01  0.3969966E+01  0.2755299E+01  0.2733027E+01 -0.5507361E+00
   04  0.6235627E+01  0.3977574E+01  0.2735735E+01  0.2714964E+01 -0.5431290E+00
   04  0.6242768E+01  0.3985248E+01  0.2715355E+01  0.2696259E+01 -0.5354549E+00
   04  0.6249908E+01  0.3993018E+01  0.2694361E+01  0.2676944E+01 -0.5276846E+00
   04  0.6257048E+01  0.4000931E+01  0.2672975E+01  0.2657161E+01 -0.5197711E+00
   04  0.6263405E+01  0.4008134E+01  0.2653660E+01  0.2639240E+01 -0.5125681E+00
   04  0.6269762E+01  0.4015508E+01  0.2634155E+01  0.2621030E+01 -0.5051948E+00
   04  0.6276119E+01  0.4023054E+01  0.2614353E+01  0.2602436E+01 -0.4976489E+00
   04  0.6282476E+01  0.4030774E+01  0.2594193E+01  0.2583282E+01 -0.4899280E+00
   04  0.6288834E+01  0.4038682E+01  0.2573504E+01  0.2563446E+01 -0.4820206E+00
   04  0.6295191E+01  0.4046787E+01  0.2552076E+01  0.2542763E+01 -0.4739153E+00
   04  0.6301548E+01  0.4055096E+01  0.2529659E+01  0.2521025E+01 -0.4656070E+00
   04  0.6307905E+01  0.4063604E+01  0.2505991E+01  0.2497950E+01 -0.4570984E+00
   04  0.6314262E+01  0.4072305E+01  0.2480769E+01  0.2473185E+01 -0.4483980E+00
   04  0.6320619E+01  0.4081192E+01  0.2453659E+01  0.2446368E+01 -0.4395110E+00
   04  0.6326976E+01  0.4090271E+01  0.2424324E+01  0.2417176E+01 -0.4304313E+00
   04  0.6333333E+01  0.4099563E+01  0.2392469E+01  0.2385355E+01 -0.4211397E+00
   04  0.6340473E+01  0.4110293E+01  0.2353468E+01  0.2346338E+01 -0.4104096E+00
   04  0.6347613E+01  0.4121385E+01  0.2310835E+01  0.2303723E+01 -0.3993171E+00
   04  0.6354753E+01  0.4132902E+01  0.2264536E+01  0.2257600E+01 -0.3878004E+00
   04  0.6361893E+01  0.4144897E+01  0.2214693E+01  0.2208223E+01 -0.3758059E+00
   04  0.6369033E+01  0.4157399E+01  0.2161584E+01  0.2155972E+01 -0.3633036E+00
   04  0.6376173E+01  0.4170403E+01  0.2105629E+01  0.2101322E+01 -0.3502999E+00
   04  0.6383313E+01  0.4183858E+01  0.2047365E+01  0.2044810E+01 -0.3368441E+00
   04  0.6390453E+01  0.4197674E+01  0.1987421E+01  0.1987011E+01 -0.3230289E+00
   04  0.6397593E+01  0.4211718E+01  0.1926467E+01  0.1928504E+01 -0.3089847E+00
   04  0.6404733E+01  0.4225834E+01  0.1865176E+01  0.1869847E+01 -0.2948681E+00
   04  0.6411873E+01  0.4239855E+01  0.1804169E+01  0.1811537E+01 -0.2808475E+00
   04  0.6419013E+01  0.4253615E+01  0.1743986E+01  0.1753984E+01 -0.2670871E+00
   04  0.6426153E+01  0.4266972E+01  0.1685047E+01  0.1697493E+01 -0.2537305E+00
   04  0.6433293E+01  0.4279816E+01  0.1627651E+01  0.1642261E+01 -0.2408868E+00
   04  0.6440432E+01  0.4292082E+01  0.1571967E+01  0.1588379E+01 -0.2286210E+00
   04  0.6447572E+01  0.4303753E+01  0.1518056E+01  0.1535857E+01 -0.2169493E+00
   04  0.6454712E+01  0.4314862E+01  0.1465890E+01  0.1484643E+01 -0.2058405E+00
   04  0.6461852E+01  0.4325480E+01  0.1415372E+01  0.1434646E+01 -0.1952228E+00
   04  0.6468992E+01  0.4335707E+01  0.1366357E+01  0.1385752E+01 -0.1849954E+00
   04  0.6476132E+01  0.4345662E+01  0.1318666E+01  0.1337832E+01 -0.1750410E+00
   04  0.6483272E+01  0.4355462E+01  0.1272090E+01  0.1290746E+01 -0.1652409E+00
   04  0.6490411E+01  0.4365216E+01  0.1226403E+01  0.1244345E+01 -0.1554862E+00
   04  0.6497551E+01  0.4375015E+01  0.1181367E+01  0.1198468E+01 -0.1456873E+00
   04  0.6504691E+01  0.4384924E+01  0.1136746E+01  0.1152948E+01 -0.1357782E+00
   04  0.6511831E+01  0.4394984E+01  0.1092317E+01  0.1107616E+01 -0.1257187E+00
   04  0.6518971E+01  0.4405211E+01  0.1047887E+01  0.1062315E+01 -0.1154918E+00
   04  0.6526110E+01  0.4415602E+01  0.1003309E+01  0.1016910E+01 -0.1051007E+00
   04  0.6533250E+01  0.4426139E+01  0.9584938E+00  0.9713020E+00 -0.9456375E-01
   04  0.6540390E+01  0.4436793E+01  0.9134165E+00  0.9254454E+00 -0.8390972E-01
   04  0.6547530E+01  0.4447529E+01  0.8681200E+00  0.8793541E+00 -0.7317382E-01
   04  0.6554669E+01  0.4458309E+01  0.8227124E+00  0.8331073E+00 -0.6239394E-01
   04  0.6561809E+01  0.4469095E+01  0.7773594E+00  0.7868464E+00 -0.5160802E-01
   04  0.6568949E+01  0.4479850E+01  0.7322715E+00  0.7407636E+00 -0.4085240E-01
   04  0.6576089E+01  0.4490541E+01  0.6876866E+00  0.6950836E+00 -0.3016108E-01
   04  0.6583229E+01  0.4501137E+01  0.6438475E+00  0.6500395E+00 -0.1956568E-01
   04  0.6590368E+01  0.4511607E+01  0.6009782E+00  0.6058467E+00 -0.9095772E-02
   04  0.6596727E+01  0.4520803E+01  0.5637254E+00  0.5673092E+00  0.1004472E-03
   04  0.6603085E+01  0.4529858E+01  0.5274773E+00  0.5296693E+00  0.9155929E-02
   04  0.6609443E+01  0.4538756E+01  0.4922749E+00  0.4929605E+00  0.1805304E-01
   04  0.6615801E+01  0.4547478E+01  0.4581087E+00  0.4571661E+00  0.2677554E-01
   04  0.6622159E+01  0.4556012E+01  0.4249197E+00  0.4222207E+00  0.3530935E-01
   04  0.6628517E+01  0.4564346E+01  0.3926054E+00  0.3880168E+00  0.4364368E-01
   04  0.6634876E+01  0.4572475E+01  0.3610314E+00  0.3544203E+00  0.5177230E-01
   04  0.6641234E+01  0.4580398E+01  0.3300470E+00  0.3212877E+00  0.5969516E-01
   04  0.6647592E+01  0.4588122E+01  0.2995033E+00  0.2884873E+00  0.6741993E-01
   04  0.6653950E+01  0.4595666E+01  0.2692711E+00  0.2559184E+00  0.7496327E-01
   04  0.6660308E+01  0.4603054E+01  0.2392551E+00  0.2235215E+00  0.8235128E-01
   04  0.6666667E+01  0.4610321E+01  0.2094029E+00  0.1912861E+00  0.8961822E-01
   04  0.6673806E+01  0.4618387E+01  0.1761074E+00  0.1553733E+00  0.9768473E-01
   04  0.6680945E+01  0.4626409E+01  0.1430553E+00  0.1198277E+00  0.1057068E+00
   04  0.6688085E+01  0.4634441E+01  0.1103443E+00  0.8480795E-01  0.1137385E+00
   04  0.6695224E+01  0.4642525E+01  0.7810193E-01  0.5049418E-01  0.1218224E+00
   04  0.6702364E+01  0.4650670E+01  0.4632394E-01  0.1707464E-01  0.1299677E+00
   04  0.6709503E+01  0.4658926E+01  0.1544072E-01 -0.1540062E-01  0.1382233E+00
   04  0.6716642E+01  0.4667321E+01 -0.1410815E-01 -0.4689785E-01  0.1466189E+00
   04  0.6723782E+01  0.4675745E+01 -0.4280841E-01 -0.7728340E-01  0.1550424E+00
   04  0.6730921E+01  0.4684105E+01 -0.7081097E-01 -0.1065329E+00  0.1634023E+00
   04  0.6738060E+01  0.4692422E+01 -0.9758917E-01 -0.1347122E+00  0.1717199E+00
   04  0.6745200E+01  0.4700662E+01 -0.1229590E+00 -0.1618398E+00  0.1799592E+00
   04  0.6752339E+01  0.4708738E+01 -0.1468183E+00 -0.1880937E+00  0.1880358E+00
   04  0.6759479E+01  0.4716602E+01 -0.1690541E+00 -0.2134597E+00  0.1958994E+00
   04  0.6766618E+01  0.4724206E+01 -0.1895441E+00 -0.2378109E+00  0.2035030E+00
   04  0.6773757E+01  0.4731510E+01 -0.2081441E+00 -0.2610213E+00  0.2108074E+00
   04  0.6780897E+01  0.4738475E+01 -0.2247101E+00 -0.2829086E+00  0.2177720E+00
   04  0.6788036E+01  0.4745065E+01 -0.2391058E+00 -0.3032828E+00  0.2243623E+00
   04  0.6795176E+01  0.4751250E+01 -0.2512221E+00 -0.3219191E+00  0.2305474E+00
   04  0.6802315E+01  0.4757001E+01 -0.2610018E+00 -0.3386059E+00  0.2362986E+00
   04  0.6809454E+01  0.4762292E+01 -0.2684619E+00 -0.3531780E+00  0.2415898E+00
   04  0.6816593E+01  0.4767104E+01 -0.2736972E+00 -0.3655334E+00  0.2464018E+00
   04  0.6823733E+01  0.4771422E+01 -0.2769268E+00 -0.3756512E+00  0.2507193E+00
   04  0.6830872E+01  0.4775232E+01 -0.2785169E+00 -0.3836330E+00  0.2545292E+00
   04  0.6838011E+01  0.4778531E+01 -0.2789385E+00 -0.3896766E+00  0.2578281E+00
   04  0.6845151E+01  0.4781323E+01 -0.2786875E+00 -0.3941018E+00  0.2606206E+00
   04  0.6852290E+01  0.4783602E+01 -0.2781384E+00 -0.3972443E+00  0.2628998E+00
   04  0.6859429E+01  0.4785368E+01 -0.2771841E+00 -0.3992916E+00  0.2646659E+00
   04  0.6866569E+01  0.4786614E+01 -0.2756977E+00 -0.3999560E+00  0.2659114E+00
   04  0.6873708E+01  0.4787439E+01 -0.2743149E+00 -0.3995356E+00  0.2667363E+00
   04  0.6880847E+01  0.4787981E+01 -0.2731676E+00 -0.3987809E+00  0.2672786E+00
   04  0.6887986E+01  0.4788375E+01 -0.2722476E+00 -0.3979386E+00  0.2676723E+00
   04  0.6895126E+01  0.4788661E+01 -0.2714464E+00 -0.3969603E+00  0.2679584E+00
   04  0.6902265E+01  0.4788854E+01 -0.2705485E+00 -0.3957538E+00  0.2681519E+00
   04  0.6909404E+01  0.4788956E+01 -0.2689656E+00 -0.3939949E+00  0.2682536E+00
   04  0.6916544E+01  0.4788953E+01 -0.2662860E+00 -0.3911086E+00  0.2682502E+00
   04  0.6923683E+01  0.4788897E+01 -0.2622969E+00 -0.3871247E+00  0.2681940E+00
   04  0.6930043E+01  0.4788846E+01 -0.2574190E+00 -0.3827203E+00  0.2681431E+00
   04  0.6936402E+01  0.4788819E+01 -0.2512090E+00 -0.3775670E+00  0.2681167E+00
   04  0.6942762E+01  0.4788835E+01 -0.2436795E+00 -0.3717647E+00  0.2681322E+00
   04  0.6949122E+01  0.4788900E+01 -0.2348989E+00 -0.3654520E+00  0.2681970E+00
   04  0.6955482E+01  0.4789010E+01 -0.2249887E+00 -0.3587910E+00  0.2683077E+00
   04  0.6961841E+01  0.4789154E+01 -0.2141261E+00 -0.3519605E+00  0.2684511E+00
   04  0.6968201E+01  0.4789308E+01 -0.2025283E+00 -0.3451440E+00  0.2686059E+00
   04  0.6974561E+01  0.4789447E+01 -0.1904270E+00 -0.3385232E+00  0.2687443E+00
   04  0.6980921E+01  0.4789529E+01 -0.1780710E+00 -0.3323039E+00  0.2688263E+00
   04  0.6987280E+01  0.4789507E+01 -0.1657628E+00 -0.3266365E+00  0.2688043E+00
   04  0.6993640E+01  0.4789312E+01 -0.1537926E+00 -0.3218374E+00  0.2686096E+00
   04  0.7000000E+01  0.4788900E+01 -0.1423099E+00 -0.3180191E+00  0.2681972E+00
   04  0.7007139E+01  0.4788184E+01 -0.1301677E+00 -0.3143310E+00  0.2674812E+00
   04  0.7014278E+01  0.4787146E+01 -0.1194225E+00 -0.3106594E+00  0.2664439E+00
   04  0.7021416E+01  0.4785662E+01 -0.1108056E+00 -0.3071167E+00  0.2649591E+00
   04  0.7028555E+01  0.4783736E+01 -0.1040770E+00 -0.3043099E+00  0.2630333E+00
   04  0.7035694E+01  0.4781441E+01 -0.9801071E-01 -0.3030048E+00  0.2607381E+00
   04  0.7042833E+01  0.4778767E+01 -0.9238703E-01 -0.3034195E+00  0.2580648E+00
   04  0.7049971E+01  0.4775691E+01 -0.8762072E-01 -0.3049876E+00  0.2549884E+00
   04  0.7057110E+01  0.4772135E+01 -0.8456587E-01 -0.3070987E+00  0.2514327E+00
   04  0.7064249E+01  0.4768065E+01 -0.8356546E-01 -0.3094108E+00  0.2473623E+00
   04  0.7071388E+01  0.4763552E+01 -0.8432493E-01 -0.3117976E+00  0.2428491E+00
   04  0.7078527E+01  0.4758684E+01 -0.8652352E-01 -0.3141913E+00  0.2379812E+00
   04  0.7085665E+01  0.4753547E+01 -0.8987732E-01 -0.3165162E+00  0.2328449E+00
   04  0.7092804E+01  0.4748233E+01 -0.9413070E-01 -0.3186742E+00  0.2275306E+00
   04  0.7099943E+01  0.4742822E+01 -0.9904086E-01 -0.3205477E+00  0.2221193E+00
   04  0.7107082E+01  0.4737389E+01 -0.1044201E+00 -0.3220000E+00  0.2166865E+00
   04  0.7114220E+01  0.4731998E+01 -0.1101392E+00 -0.3228911E+00  0.2112954E+00
   04  0.7121359E+01  0.4726695E+01 -0.1161155E+00 -0.3231010E+00  0.2059920E+00
   04  0.7128498E+01  0.4721507E+01 -0.1223196E+00 -0.3225571E+00  0.2008042E+00
   04  0.7135637E+01  0.4716443E+01 -0.1287703E+00 -0.3212567E+00  0.1957401E+00
   04  0.7142775E+01  0.4711491E+01 -0.1355239E+00 -0.3192773E+00  0.1907889E+00
   04  0.7149914E+01  0.4706627E+01 -0.1426618E+00 -0.3167753E+00  0.1859243E+00
   04  0.7157052E+01  0.4701811E+01 -0.1502790E+00 -0.3139693E+00  0.1811086E+00
   04  0.7164191E+01  0.4697000E+01 -0.1584721E+00 -0.3111134E+00  0.1762977E+00
   04  0.7171329E+01  0.4692150E+01 -0.1673282E+00 -0.3084638E+00  0.1714473E+00
   04  0.7178468E+01  0.4687220E+01 -0.1769152E+00 -0.3062472E+00  0.1665171E+00
   04  0.7185606E+01  0.4682179E+01 -0.1872735E+00 -0.3046345E+00  0.1614762E+00
   04  0.7192745E+01  0.4677008E+01 -0.1984106E+00 -0.3037245E+00  0.1563050E+00
   04  0.7199883E+01  0.4671700E+01 -0.2102974E+00 -0.3035389E+00  0.1509973E+00
   04  0.7207022E+01  0.4666261E+01 -0.2228683E+00 -0.3040294E+00  0.1455589E+00
   04  0.7214160E+01  0.4660708E+01 -0.2360255E+00 -0.3050933E+00  0.1400058E+00
   04  0.7221299E+01  0.4655064E+01 -0.2496469E+00 -0.3065970E+00  0.1343615E+00
   04  0.7228438E+01  0.4649355E+01 -0.2635961E+00 -0.3083990E+00  0.1286529E+00
   04  0.7235576E+01  0.4643610E+01 -0.2777336E+00 -0.3103718E+00  0.1229074E+00
   04  0.7242715E+01  0.4637853E+01 -0.2919248E+00 -0.3124165E+00  0.1171506E+00
   04  0.7249853E+01  0.4632107E+01 -0.3060472E+00 -0.3144698E+00  0.1114044E+00
   04  0.7256992E+01  0.4626390E+01 -0.3199924E+00 -0.3165031E+00  0.1056871E+00
   04  0.7263354E+01  0.4621331E+01 -0.3321722E+00 -0.3182726E+00  0.1006284E+00
   04  0.7269715E+01  0.4616316E+01 -0.3440771E+00 -0.3200377E+00  0.9561389E-01
   04  0.7276077E+01  0.4611355E+01 -0.3556546E+00 -0.3218164E+00  0.9065196E-01
   04  0.7282439E+01  0.4606453E+01 -0.3668574E+00 -0.3236273E+00  0.8575047E-01
   04  0.7288801E+01  0.4601619E+01 -0.3776431E+00 -0.3254875E+00  0.8091686E-01
   04  0.7295163E+01  0.4596860E+01 -0.3879754E+00 -0.3274123E+00  0.7615787E-01
   04  0.7301524E+01  0.4592182E+01 -0.3978249E+00 -0.3294160E+00  0.7147906E-01
   04  0.7307886E+01  0.4587587E+01 -0.4071714E+00 -0.3315141E+00  0.6688433E-01
   04  0.7314248E+01  0.4583078E+01 -0.4160044E+00 -0.3337238E+00  0.6237552E-01
   04  0.7320610E+01  0.4578655E+01 -0.4243237E+00 -0.3360641E+00  0.5795249E-01
   04  0.7326972E+01  0.4574316E+01 -0.4321383E+00 -0.3385529E+00  0.5361350E-01
   04  0.7333333E+01  0.4570059E+01 -0.4394642E+00 -0.3412034E+00  0.4935602E-01
   04  0.7340470E+01  0.4565376E+01 -0.4471489E+00 -0.3443939E+00  0.4467385E-01
   04  0.7347607E+01  0.4560792E+01 -0.4542757E+00 -0.3477774E+00  0.4008921E-01
   04  0.7354744E+01  0.4556305E+01 -0.4608772E+00 -0.3513178E+00  0.3560219E-01
   04  0.7361881E+01  0.4551917E+01 -0.4669872E+00 -0.3549586E+00  0.3121490E-01
   04  0.7369018E+01  0.4547633E+01 -0.4726426E+00 -0.3586308E+00  0.2693051E-01
   04  0.7376155E+01  0.4543454E+01 -0.4778864E+00 -0.3622632E+00  0.2275168E-01
   04  0.7383292E+01  0.4539381E+01 -0.4827695E+00 -0.3657946E+00  0.1867893E-01
   04  0.7390429E+01  0.4535412E+01 -0.4873507E+00 -0.3691832E+00  0.1470956E-01
   04  0.7397566E+01  0.4531540E+01 -0.4916938E+00 -0.3724119E+00  0.1083728E-01
   04  0.7404702E+01  0.4527755E+01 -0.4958617E+00 -0.3754891E+00  0.7052776E-02
   04  0.7411839E+01  0.4524047E+01 -0.4999115E+00 -0.3784447E+00  0.3344663E-02
   04  0.7418976E+01  0.4520403E+01 -0.5038892E+00 -0.3813232E+00 -0.2992733E-03
   04  0.7426113E+01  0.4516812E+01 -0.5078276E+00 -0.3841758E+00 -0.3891040E-02
   04  0.7433250E+01  0.4513261E+01 -0.5117464E+00 -0.3870522E+00 -0.7441680E-02
   04  0.7440387E+01  0.4509742E+01 -0.5156546E+00 -0.3899960E+00 -0.1096082E-01
   04  0.7447524E+01  0.4506246E+01 -0.5195523E+00 -0.3930416E+00 -0.1445638E-01
   04  0.7454661E+01  0.4502768E+01 -0.5234311E+00 -0.3962159E+00 -0.1793407E-01
   04  0.7461798E+01  0.4499306E+01 -0.5272733E+00 -0.3995381E+00 -0.2139665E-01
   04  0.7468934E+01  0.4495860E+01 -0.5310481E+00 -0.4030191E+00 -0.2484249E-01
   04  0.7476070E+01  0.4492437E+01 -0.5347136E+00 -0.4066640E+00 -0.2826587E-01
   04  0.7483206E+01  0.4489046E+01 -0.5382257E+00 -0.4104676E+00 -0.3165668E-01
   04  0.7490341E+01  0.4485699E+01 -0.5415558E+00 -0.4144221E+00 -0.3500327E-01
   04  0.7497477E+01  0.4482407E+01 -0.5447058E+00 -0.4185216E+00 -0.3829584E-01
   04  0.7504613E+01  0.4479174E+01 -0.5477180E+00 -0.4227704E+00 -0.4152842E-01
   04  0.7511749E+01  0.4476004E+01 -0.5506637E+00 -0.4271947E+00 -0.4469820E-01
   04  0.7518885E+01  0.4472899E+01 -0.5536137E+00 -0.4318207E+00 -0.4780384E-01
   04  0.7526021E+01  0.4469866E+01 -0.5566048E+00 -0.4366903E+00 -0.5083645E-01
   04  0.7533157E+01  0.4466922E+01 -0.5596459E+00 -0.4418101E+00 -0.5378097E-01
   04  0.7540293E+01  0.4464115E+01 -0.5625972E+00 -0.4471751E+00 -0.5658736E-01
   04  0.7547429E+01  0.4461524E+01 -0.5651324E+00 -0.4527041E+00 -0.5917871E-01
   04  0.7554565E+01  0.4459309E+01 -0.5665266E+00 -0.4580421E+00 -0.6139347E-01
   04  0.7561701E+01  0.4457593E+01 -0.5663778E+00 -0.4627477E+00 -0.6310944E-01
   04  0.7568837E+01  0.4456421E+01 -0.5647567E+00 -0.4662483E+00 -0.6428141E-01
   04  0.7575973E+01  0.4455681E+01 -0.5625728E+00 -0.4684573E+00 -0.6502134E-01
   04  0.7583108E+01  0.4455276E+01 -0.5604674E+00 -0.4695043E+00 -0.6542662E-01
   04  0.7590244E+01  0.4455090E+01 -0.5582620E+00 -0.4700972E+00 -0.6561246E-01
   04  0.7596613E+01  0.4455114E+01 -0.5559553E+00 -0.4703909E+00 -0.6558873E-01
   04  0.7602981E+01  0.4455384E+01 -0.5529270E+00 -0.4707590E+00 -0.6531866E-01
   04  0.7609350E+01  0.4456001E+01 -0.5490562E+00 -0.4714185E+00 -0.6470149E-01
   04  0.7615718E+01  0.4457015E+01 -0.5442207E+00 -0.4723079E+00 -0.6368720E-01
   04  0.7622087E+01  0.4458440E+01 -0.5385215E+00 -0.4729383E+00 -0.6226243E-01
   04  0.7628456E+01  0.4460260E+01 -0.5319019E+00 -0.4729071E+00 -0.6044302E-01
   04  0.7634824E+01  0.4462474E+01 -0.5245257E+00 -0.4720175E+00 -0.5822884E-01
   04  0.7641193E+01  0.4465046E+01 -0.5167496E+00 -0.4705786E+00 -0.5565646E-01
   04  0.7647561E+01  0.4467965E+01 -0.5088499E+00 -0.4686039E+00 -0.5273786E-01
   04  0.7653930E+01  0.4471208E+01 -0.5009086E+00 -0.4660917E+00 -0.4949441E-01
   04  0.7660298E+01  0.4474732E+01 -0.4927782E+00 -0.4630226E+00 -0.4597049E-01
   04  0.7666667E+01  0.4478506E+01 -0.4844094E+00 -0.4594168E+00 -0.4219630E-01
   04  0.7673798E+01  0.4482998E+01 -0.4746892E+00 -0.4547555E+00 -0.3770446E-01
   04  0.7680929E+01  0.4487741E+01 -0.4645906E+00 -0.4494984E+00 -0.3296127E-01
   04  0.7688060E+01  0.4492708E+01 -0.4541373E+00 -0.4437039E+00 -0.2799436E-01
   04  0.7695191E+01  0.4497872E+01 -0.4434004E+00 -0.4374334E+00 -0.2283058E-01
   04  0.7702322E+01  0.4503205E+01 -0.4324898E+00 -0.4307491E+00 -0.1749755E-01
   04  0.7709453E+01  0.4508679E+01 -0.4215396E+00 -0.4237121E+00 -0.1202344E-01
   04  0.7716583E+01  0.4514266E+01 -0.4106940E+00 -0.4163795E+00 -0.6436579E-02
   04  0.7723714E+01  0.4519938E+01 -0.4000907E+00 -0.4088028E+00 -0.7646958E-03
   04  0.7730845E+01  0.4525669E+01 -0.3898492E+00 -0.4010291E+00  0.4966474E-02
   04  0.7737976E+01  0.4531437E+01 -0.3800612E+00 -0.3931015E+00  0.1073468E-01
   04  0.7745107E+01  0.4537225E+01 -0.3707860E+00 -0.3850594E+00  0.1652246E-01
   04  0.7752238E+01  0.4543021E+01 -0.3620486E+00 -0.3769393E+00  0.2231813E-01
   04  0.7759369E+01  0.4548819E+01 -0.3538426E+00 -0.3687750E+00  0.2811614E-01
   04  0.7766500E+01  0.4554619E+01 -0.3461358E+00 -0.3605980E+00  0.3391660E-01
   04  0.7773631E+01  0.4560427E+01 -0.3388793E+00 -0.3524372E+00  0.3972402E-01
   04  0.7780762E+01  0.4566248E+01 -0.3320176E+00 -0.3443200E+00  0.4554519E-01
   04  0.7787893E+01  0.4572089E+01 -0.3255011E+00 -0.3362729E+00  0.5138654E-01
   04  0.7795024E+01  0.4577954E+01 -0.3192975E+00 -0.3283224E+00  0.5725118E-01
   04  0.7802153E+01  0.4583837E+01 -0.3134029E+00 -0.3204973E+00  0.6313460E-01
   04  0.7809283E+01  0.4589729E+01 -0.3078425E+00 -0.3128224E+00  0.6902691E-01
   04  0.7816412E+01  0.4595610E+01 -0.3026751E+00 -0.3053237E+00  0.7490716E-01
   04  0.7823541E+01  0.4601448E+01 -0.2979840E+00 -0.2980271E+00  0.8074525E-01
   04  0.7830670E+01  0.4607206E+01 -0.2938612E+00 -0.2909583E+00  0.8650387E-01
   04  0.7837799E+01  0.4612845E+01 -0.2903890E+00 -0.2841462E+00  0.9214215E-01
   04  0.7844928E+01  0.4618323E+01 -0.2876199E+00 -0.2776268E+00  0.9762076E-01
   04  0.7852058E+01  0.4623608E+01 -0.2855626E+00 -0.2714362E+00  0.1029058E+00
   04  0.7859187E+01  0.4628676E+01 -0.2841765E+00 -0.2656102E+00  0.1079736E+00
   04  0.7866316E+01  0.4633516E+01 -0.2833782E+00 -0.2601844E+00  0.1128135E+00
   04  0.7873445E+01  0.4638126E+01 -0.2830487E+00 -0.2551586E+00  0.1174239E+00
   04  0.7880574E+01  0.4642507E+01 -0.2830450E+00 -0.2504680E+00  0.1218045E+00
   04  0.7887703E+01  0.4646657E+01 -0.2832162E+00 -0.2459975E+00  0.1259541E+00
   04  0.7894833E+01  0.4650548E+01 -0.2833741E+00 -0.2414685E+00  0.1298451E+00
   04  0.7901962E+01  0.4654174E+01 -0.2832928E+00 -0.2368246E+00  0.1334711E+00
   04  0.7909091E+01  0.4657485E+01 -0.2827177E+00 -0.2318036E+00  0.1367826E+00
   04  0.7916220E+01  0.4660463E+01 -0.2813270E+00 -0.2264393E+00  0.1397601E+00
   04  0.7923349E+01  0.4663113E+01 -0.2788925E+00 -0.2210419E+00  0.1424101E+00
   04  0.7929737E+01  0.4665231E+01 -0.2756429E+00 -0.2165265E+00  0.1445281E+00
   04  0.7936124E+01  0.4667148E+01 -0.2714855E+00 -0.2124761E+00  0.1464456E+00
   04  0.7942512E+01  0.4668899E+01 -0.2666188E+00 -0.2088341E+00  0.1481960E+00
   04  0.7948900E+01  0.4670509E+01 -0.2613037E+00 -0.2054554E+00  0.1498061E+00
   04  0.7955287E+01  0.4672000E+01 -0.2557577E+00 -0.2021624E+00  0.1512970E+00
   04  0.7961675E+01  0.4673397E+01 -0.2501338E+00 -0.1990114E+00  0.1526947E+00
   04  0.7968062E+01  0.4674702E+01 -0.2444648E+00 -0.1958566E+00  0.1539994E+00
   04  0.7974450E+01  0.4675904E+01 -0.2389004E+00 -0.1924618E+00  0.1552013E+00
   04  0.7980837E+01  0.4676967E+01 -0.2334585E+00 -0.1885786E+00  0.1562648E+00
   04  0.7987225E+01  0.4677862E+01 -0.2280038E+00 -0.1841532E+00  0.1571597E+00
   04  0.7993612E+01  0.4678556E+01 -0.2222975E+00 -0.1792597E+00  0.1578537E+00
