# gauge_id=     3 location=(  0.8775100000E+02  0.1000000000E-02 ) num_var=  4
# level, time, q[  1  2  3], eta, aux[]
   01  0.0000000E+00  0.5970000E+01  0.0000000E+00  0.0000000E+00  0.0000000E+00
   01  0.1600000E-01  0.5970000E+01 -0.4111984E-19 -0.8477044E-16  0.0000000E+00
   01  0.1329653E+00  0.5970000E+01 -0.1653199E-16 -0.6783235E-15  0.0000000E+00
   01  0.2476540E+00  0.5970000E+01 -0.1400772E-15 -0.1011965E-14  0.0000000E+00
   01  0.3333333E+00  0.5970000E+01 -0.2308758E-15 -0.1170242E-14  0.0000000E+00
   01  0.4522257E+00  0.5970000E+01 -0.5084445E-15 -0.1300795E-14  0.0000000E+00
   01  0.5724150E+00  0.5970000E+01 -0.7783097E-15 -0.1361944E-14  0.0000000E+00
   01  0.6666667E+00  0.5970000E+01 -0.8941411E-15 -0.1405116E-14  0.0000000E+00
   01  0.7903854E+00  0.5970000E+01 -0.1125680E-14 -0.1391004E-14  0.0000000E+00
   01  0.9158532E+00  0.5970000E+01 -0.1263055E-14 -0.1435988E-15  0.0000000E+00
   01  0.1000000E+01  0.5970000E+01 -0.1220811E-14  0.2999561E-15  0.0000000E+00
   01  0.1128722E+01  0.5970000E+01 -0.1385423E-14  0.6730401E-15  0.0000000E+00
   01  0.1257366E+01  0.5970000E+01 -0.1456025E-14  0.9700007E-15  0.0000000E+00
   01  0.1333333E+01  0.5970000E+01 -0.1394055E-14  0.1142565E-14  0.0000000E+00
   01  0.1461954E+01  0.5970000E+01 -0.1540421E-14  0.1250502E-14  0.0000000E+00
   01  0.1590570E+01  0.5970000E+01 -0.1610737E-14  0.1308523E-14  0.0000000E+00
   01  0.1666667E+01  0.5970000E+01 -0.1275593E-14  0.1332185E-14  0.0000000E+00
   01  0.1795194E+01  0.5970000E+01 -0.8201255E-15  0.9534352E-15  0.0000000E+00
   01  0.1923729E+01  0.5970000E+01 -0.1015468E-14  0.7301566E-15  0.0000000E+00
   01  0.2000000E+01  0.5970000E+01  0.5764640E-13 -0.3588391E-14  0.6217249E-14
   01  0.2128607E+01  0.5970000E+01  0.7747225E-10 -0.2237906E-11  0.8229861E-11
   01  0.2257190E+01  0.5970000E+01  0.4459630E-08 -0.1794912E-09  0.4810730E-09
   01  0.2333333E+01  0.5970000E+01  0.3584723E-07 -0.2602980E-08  0.4096211E-08
   01  0.2461836E+01  0.5970000E+01  0.3377426E-06 -0.1761197E-07  0.3910453E-07
   01  0.2590356E+01  0.5970000E+01  0.2813747E-05 -0.1866560E-06  0.3253845E-06
   01  0.2666667E+01  0.5970001E+01  0.8986038E-05 -0.5205283E-06  0.1060183E-05
   01  0.2795247E+01  0.5970003E+01  0.2581958E-04 -0.4169791E-05  0.3453923E-05
   02  0.2923808E+01  0.2968246E+01  0.5241852E-04 -0.2800158E-04  0.5654031E-05
   02  0.2961904E+01  0.2968246E+01  0.5359584E-04 -0.2841247E-04  0.5981394E-05
   02  0.3000000E+01  0.2968247E+01  0.5732507E-04 -0.2860849E-04  0.6895830E-05
   02  0.3042839E+01  0.2968249E+01  0.6479420E-04 -0.2860908E-04  0.8539057E-05
   02  0.3085678E+01  0.2968255E+01  0.1123870E-03 -0.2862334E-04  0.1528925E-04
   02  0.3128516E+01  0.2968264E+01  0.1695847E-03 -0.2975968E-04  0.2391256E-04
   02  0.3171360E+01  0.2968273E+01  0.2216051E-03 -0.3286244E-04  0.3250077E-04
   02  0.3214204E+01  0.2968286E+01  0.3113943E-03 -0.3944865E-04  0.4643574E-04
   03  0.3257048E+01  0.2993333E+01  0.6387420E-03 -0.7266778E-04  0.9298289E-04
   03  0.3276119E+01  0.2993348E+01  0.6810245E-03 -0.7178522E-04  0.1077486E-03
   03  0.3295190E+01  0.2993362E+01  0.7242617E-03 -0.7067123E-04  0.1215879E-03
   03  0.3314262E+01  0.2993373E+01  0.7565654E-03 -0.6967638E-04  0.1326908E-03
   03  0.3333333E+01  0.2993382E+01  0.7797277E-03 -0.6870211E-04  0.1416809E-03
   03  0.3354761E+01  0.2993392E+01  0.8080093E-03 -0.6752144E-04  0.1517844E-03
   03  0.3376188E+01  0.2993403E+01  0.8417866E-03 -0.6624985E-04  0.1627007E-03
   03  0.3397615E+01  0.2993416E+01  0.8869057E-03 -0.6489410E-04  0.1756392E-03
   03  0.3419043E+01  0.2993432E+01  0.9521303E-03 -0.6343705E-04  0.1922674E-03
   03  0.3440470E+01  0.2993455E+01  0.1048749E-02 -0.6203520E-04  0.2147542E-03
   03  0.3461897E+01  0.2993503E+01  0.1299198E-02 -0.6070193E-04  0.2632985E-03
   03  0.3483322E+01  0.2993560E+01  0.1587405E-02 -0.5916651E-04  0.3201880E-03
   04  0.3504748E+01  0.2995515E+01  0.1935198E-02 -0.5754864E-04  0.3895985E-03
   04  0.3511889E+01  0.2995528E+01  0.2002881E-02 -0.5551765E-04  0.4030920E-03
   04  0.3519031E+01  0.2995545E+01  0.2083338E-02 -0.5364583E-04  0.4199150E-03
   04  0.3526173E+01  0.2995574E+01  0.2227633E-02 -0.5202837E-04  0.4492940E-03
   04  0.3533314E+01  0.2995624E+01  0.2479379E-02 -0.5059118E-04  0.4991185E-03
   04  0.3540456E+01  0.2995694E+01  0.2838384E-02 -0.4911769E-04  0.5692134E-03
   04  0.3547598E+01  0.2995782E+01  0.3290261E-02 -0.4737742E-04  0.6570276E-03
   04  0.3554740E+01  0.2995884E+01  0.3814266E-02 -0.4515428E-04  0.7589050E-03
   04  0.3561881E+01  0.2995996E+01  0.4390494E-02 -0.4222939E-04  0.8708959E-03
   04  0.3569023E+01  0.2996118E+01  0.5019203E-02 -0.3837207E-04  0.9928911E-03
   04  0.3576165E+01  0.2996258E+01  0.5742340E-02 -0.3339741E-04  0.1132567E-02
   04  0.3583307E+01  0.2996427E+01  0.6627573E-02 -0.2697720E-04  0.1302190E-02
   04  0.3590448E+01  0.2996641E+01  0.7751272E-02 -0.1900287E-04  0.1515748E-02
   04  0.3596800E+01  0.2996878E+01  0.9004667E-02 -0.1048417E-04  0.1752955E-02
   04  0.3603151E+01  0.2997168E+01  0.1054059E-01 -0.5608585E-06  0.2042625E-02
   04  0.3609503E+01  0.2997516E+01  0.1238857E-01  0.1080183E-04  0.2390504E-02
   04  0.3615854E+01  0.2997926E+01  0.1457353E-01  0.2364882E-04  0.2801490E-02
   04  0.3622206E+01  0.2998405E+01  0.1711888E-01  0.3807733E-04  0.3280213E-02
   04  0.3628557E+01  0.2998956E+01  0.2004722E-01  0.5427687E-04  0.3831166E-02
   04  0.3634909E+01  0.2999583E+01  0.2337874E-01  0.7255530E-04  0.4458439E-02
   04  0.3641261E+01  0.3000290E+01  0.2712956E-01  0.9334402E-04  0.5165410E-02
   04  0.3647612E+01  0.3001080E+01  0.3131224E-01  0.1171835E-03  0.5954837E-02
   04  0.3653964E+01  0.3001955E+01  0.3594019E-01  0.1446983E-03  0.6829606E-02
   04  0.3660315E+01  0.3002919E+01  0.4103469E-01  0.1765762E-03  0.7794012E-02
   04  0.3666667E+01  0.3003980E+01  0.4663211E-01  0.2135661E-03  0.8855050E-02
   04  0.3673807E+01  0.3005302E+01  0.5361028E-01  0.2623080E-03  0.1017745E-01
   04  0.3680947E+01  0.3006779E+01  0.6139713E-01  0.3200359E-03  0.1165441E-01
   04  0.3688088E+01  0.3008432E+01  0.7010729E-01  0.3885697E-03  0.1330737E-01
   04  0.3695228E+01  0.3010282E+01  0.7985036E-01  0.4702799E-03  0.1515692E-01
   04  0.3702368E+01  0.3012345E+01  0.9071708E-01  0.5682463E-03  0.1722034E-01
   04  0.3709508E+01  0.3014637E+01  0.1027811E+00  0.6863905E-03  0.1951171E-01
   04  0.3716649E+01  0.3017171E+01  0.1161221E+00  0.8295969E-03  0.2204610E-01
   04  0.3723789E+01  0.3019972E+01  0.1308707E+00  0.1003845E-02  0.2484738E-01
   04  0.3730929E+01  0.3023083E+01  0.1472632E+00  0.1216430E-02  0.2795819E-01
   04  0.3738070E+01  0.3026575E+01  0.1656970E+00  0.1476280E-02  0.3144980E-01
   04  0.3745210E+01  0.3030555E+01  0.1867745E+00  0.1794424E-02  0.3542993E-01
   04  0.3752350E+01  0.3035173E+01  0.2113364E+00  0.2184584E-02  0.4004843E-01
   04  0.3759491E+01  0.3040628E+01  0.2404946E+00  0.2664002E-02  0.4550258E-01
   04  0.3766631E+01  0.3047171E+01  0.2756877E+00  0.3254570E-02  0.5204598E-01
   04  0.3773771E+01  0.3055130E+01  0.3187888E+00  0.3984550E-02  0.6000543E-01
   04  0.3780912E+01  0.3064935E+01  0.3722900E+00  0.4891224E-02  0.6981028E-01
   04  0.3788052E+01  0.3077161E+01  0.4395863E+00  0.6024890E-02  0.8203579E-01
   04  0.3795192E+01  0.3092585E+01  0.5253432E+00  0.7454302E-02  0.9746017E-01
   04  0.3802333E+01  0.3112251E+01  0.6359656E+00  0.9273315E-02  0.1171261E+00
   04  0.3809474E+01  0.3137503E+01  0.7799799E+00  0.1160659E-01  0.1423784E+00
   04  0.3816614E+01  0.3169982E+01  0.9681717E+00  0.1461283E-01  0.1748571E+00
   04  0.3823755E+01  0.3211504E+01  0.1213169E+01  0.1847961E-01  0.2163791E+00
   04  0.3830896E+01  0.3263796E+01  0.1528092E+01  0.2340527E-01  0.2686707E+00
   04  0.3838037E+01  0.3328068E+01  0.1923988E+01  0.2956414E-01  0.3329435E+00
   04  0.3842797E+01  0.3378073E+01  0.2237369E+01  0.3438844E-01  0.3829477E+00
   04  0.3847558E+01  0.3433211E+01  0.2588721E+01  0.3980782E-01  0.4380855E+00
   04  0.3852318E+01  0.3492784E+01  0.2974845E+01  0.4578753E-01  0.4976589E+00
   04  0.3857079E+01  0.3555781E+01  0.3390144E+01  0.5225676E-01  0.5606563E+00
   04  0.3861839E+01  0.3620936E+01  0.3826856E+01  0.5910858E-01  0.6258115E+00
   04  0.3866600E+01  0.3686821E+01  0.4275514E+01  0.6620504E-01  0.6916962E+00
   04  0.3871360E+01  0.3751961E+01  0.4725626E+01  0.7338675E-01  0.7568362E+00
   04  0.3876121E+01  0.3814960E+01  0.5166658E+01  0.8048778E-01  0.8198355E+00
   04  0.3880882E+01  0.3874616E+01  0.5588884E+01  0.8735357E-01  0.8794911E+00
   04  0.3886237E+01  0.3936627E+01  0.6031919E+01  0.9463598E-01  0.9415023E+00
   04  0.3891593E+01  0.3992412E+01  0.6432399E+01  0.1013401E+00  0.9972866E+00
   04  0.3896948E+01  0.4041620E+01  0.6785502E+01  0.1074111E+00  0.1046495E+01
   04  0.3902304E+01  0.4084321E+01  0.7089849E+01  0.1128596E+00  0.1089196E+01
   04  0.3907659E+01  0.4120870E+01  0.7346741E+01  0.1177156E+00  0.1125745E+01
   04  0.3913015E+01  0.4151807E+01  0.7559280E+01  0.1220038E+00  0.1156682E+01
   04  0.3918371E+01  0.4177676E+01  0.7730893E+01  0.1257879E+00  0.1182551E+01
   04  0.3923726E+01  0.4199009E+01  0.7865313E+01  0.1289017E+00  0.1203884E+01
   04  0.3930082E+01  0.4218839E+01  0.7979447E+01  0.1315075E+00  0.1223714E+01
   04  0.3936438E+01  0.4233482E+01  0.8050122E+01  0.1328779E+00  0.1238357E+01
   04  0.3942795E+01  0.4243908E+01  0.8085309E+01  0.1330490E+00  0.1248783E+01
   04  0.3949151E+01  0.4251125E+01  0.8093441E+01  0.1321151E+00  0.1256000E+01
   04  0.3955507E+01  0.4256427E+01  0.8085367E+01  0.1305416E+00  0.1261302E+01
   04  0.3961863E+01  0.4260847E+01  0.8069771E+01  0.1288255E+00  0.1265722E+01
   04  0.3968219E+01  0.4264869E+01  0.8050792E+01  0.1269564E+00  0.1269744E+01
   04  0.3974575E+01  0.4268652E+01  0.8029806E+01  0.1249018E+00  0.1273527E+01
   04  0.3980932E+01  0.4272183E+01  0.8006659E+01  0.1225042E+00  0.1277058E+01
   04  0.3987288E+01  0.4275394E+01  0.7980836E+01  0.1196160E+00  0.1280269E+01
   04  0.3993644E+01  0.4278220E+01  0.7951762E+01  0.1160906E+00  0.1283095E+01
   04  0.4000000E+01  0.4280647E+01  0.7919369E+01  0.1120006E+00  0.1285522E+01
   04  0.4007142E+01  0.4282978E+01  0.7879738E+01  0.1068244E+00  0.1287853E+01
   04  0.4014284E+01  0.4284953E+01  0.7837242E+01  0.1010824E+00  0.1289828E+01
   04  0.4021426E+01  0.4286601E+01  0.7792129E+01  0.9482181E-01  0.1291476E+01
   04  0.4028568E+01  0.4287918E+01  0.7744372E+01  0.8811186E-01  0.1292793E+01
   04  0.4035710E+01  0.4288873E+01  0.7693715E+01  0.8100171E-01  0.1293748E+01
   04  0.4042852E+01  0.4289410E+01  0.7639736E+01  0.7357975E-01  0.1294285E+01
   04  0.4049994E+01  0.4289461E+01  0.7581888E+01  0.6591966E-01  0.1294336E+01
   04  0.4057136E+01  0.4288945E+01  0.7519547E+01  0.5810586E-01  0.1293820E+01
   04  0.4064278E+01  0.4287777E+01  0.7452047E+01  0.5023654E-01  0.1292652E+01
   04  0.4071420E+01  0.4285870E+01  0.7378721E+01  0.4241706E-01  0.1290745E+01
   04  0.4078562E+01  0.4283137E+01  0.7298935E+01  0.3475246E-01  0.1288012E+01
   04  0.4085704E+01  0.4279501E+01  0.7212149E+01  0.2733926E-01  0.1284376E+01
   04  0.4092846E+01  0.4274898E+01  0.7117951E+01  0.2024447E-01  0.1279773E+01
   04  0.4099988E+01  0.4269283E+01  0.7016084E+01  0.1351416E-01  0.1274158E+01
   04  0.4107130E+01  0.4262632E+01  0.6906454E+01  0.7147584E-02  0.1267507E+01
   04  0.4114272E+01  0.4254934E+01  0.6789124E+01  0.1180229E-02  0.1259809E+01
   04  0.4121414E+01  0.4246206E+01  0.6664337E+01 -0.4387040E-02  0.1251081E+01
   04  0.4128556E+01  0.4236486E+01  0.6532502E+01 -0.9562957E-02  0.1241361E+01
   04  0.4135697E+01  0.4225832E+01  0.6394182E+01 -0.1436183E-01  0.1230707E+01
   04  0.4142839E+01  0.4214316E+01  0.6250021E+01 -0.1878225E-01  0.1219191E+01
   04  0.4149980E+01  0.4202020E+01  0.6100723E+01 -0.2280380E-01  0.1206895E+01
   04  0.4157121E+01  0.4189028E+01  0.5946994E+01 -0.2639124E-01  0.1193903E+01
   04  0.4164263E+01  0.4175419E+01  0.5789505E+01 -0.2947838E-01  0.1180294E+01
   04  0.4171404E+01  0.4161261E+01  0.5628858E+01 -0.3201820E-01  0.1166136E+01
   04  0.4178546E+01  0.4146610E+01  0.5465547E+01 -0.3394410E-01  0.1151485E+01
   04  0.4185687E+01  0.4131501E+01  0.5299932E+01 -0.3526897E-01  0.1136376E+01
   04  0.4192828E+01  0.4115945E+01  0.5132217E+01 -0.3606482E-01  0.1120820E+01
   04  0.4199970E+01  0.4099940E+01  0.4962492E+01 -0.3645108E-01  0.1104815E+01
   04  0.4207111E+01  0.4083463E+01  0.4790781E+01 -0.3660299E-01  0.1088338E+01
   04  0.4214252E+01  0.4066491E+01  0.4617081E+01 -0.3664562E-01  0.1071366E+01
   04  0.4221394E+01  0.4049000E+01  0.4441399E+01 -0.3670384E-01  0.1053875E+01
   04  0.4228535E+01  0.4030972E+01  0.4263769E+01 -0.3683597E-01  0.1035847E+01
   04  0.4235677E+01  0.4012392E+01  0.4084249E+01 -0.3710101E-01  0.1017267E+01
   04  0.4242818E+01  0.3993254E+01  0.3902904E+01 -0.3753440E-01  0.9981287E+00
   04  0.4249959E+01  0.3973547E+01  0.3719803E+01 -0.3818821E-01  0.9784220E+00
   04  0.4257101E+01  0.3953271E+01  0.3535044E+01 -0.3914855E-01  0.9581461E+00
   04  0.4263453E+01  0.3934762E+01  0.3369542E+01 -0.4030993E-01  0.9396374E+00
   04  0.4269806E+01  0.3915827E+01  0.3202995E+01 -0.4176333E-01  0.9207024E+00
   04  0.4276159E+01  0.3896491E+01  0.3035584E+01 -0.4349632E-01  0.9013660E+00
   04  0.4282512E+01  0.3876785E+01  0.2867511E+01 -0.4545986E-01  0.8816604E+00
   04  0.4288864E+01  0.3856746E+01  0.2698981E+01 -0.4760765E-01  0.8616209E+00
   04  0.4295217E+01  0.3836409E+01  0.2530196E+01 -0.4988218E-01  0.8412839E+00
   04  0.4301570E+01  0.3815810E+01  0.2361344E+01 -0.5222449E-01  0.8206853E+00
   04  0.4307922E+01  0.3794984E+01  0.2192597E+01 -0.5457857E-01  0.7998586E+00
   04  0.4314275E+01  0.3773959E+01  0.2024103E+01 -0.5689538E-01  0.7788339E+00
   04  0.4320628E+01  0.3752762E+01  0.1855987E+01 -0.5913620E-01  0.7576366E+00
   04  0.4326981E+01  0.3731413E+01  0.1688353E+01 -0.6127400E-01  0.7362877E+00
   04  0.4333333E+01  0.3709929E+01  0.1521288E+01 -0.6329315E-01  0.7148040E+00
   04  0.4340474E+01  0.3685637E+01  0.1334105E+01 -0.6541310E-01  0.6905117E+00
   04  0.4347614E+01  0.3661203E+01  0.1147818E+01 -0.6737761E-01  0.6660782E+00
   04  0.4354755E+01  0.3636639E+01  0.9625041E+00 -0.6919434E-01  0.6415142E+00
   04  0.4361895E+01  0.3611954E+01  0.7782398E+00 -0.7087218E-01  0.6168295E+00
   04  0.4369036E+01  0.3587158E+01  0.5951152E+00 -0.7241679E-01  0.5920332E+00
   04  0.4376176E+01  0.3562261E+01  0.4132266E+00 -0.7382961E-01  0.5671355E+00
   04  0.4383317E+01  0.3537274E+01  0.2326712E+00 -0.7510395E-01  0.5421490E+00
   04  0.4390457E+01  0.3512212E+01  0.5356155E-01 -0.7622565E-01  0.5170873E+00
   04  0.4397598E+01  0.3487088E+01 -0.1239249E+00 -0.7717801E-01  0.4919629E+00
   04  0.4404738E+01  0.3461918E+01 -0.2996760E+00 -0.7792545E-01  0.4667925E+00
   04  0.4411879E+01  0.3436715E+01 -0.4735038E+00 -0.7843651E-01  0.4415900E+00
   04  0.4419019E+01  0.3411488E+01 -0.6451948E+00 -0.7869799E-01  0.4163634E+00
   04  0.4426160E+01  0.3386244E+01 -0.8145581E+00 -0.7870296E-01  0.3911191E+00
   04  0.4433300E+01  0.3360984E+01 -0.9813398E+00 -0.7847806E-01  0.3658593E+00
   04  0.4440441E+01  0.3335709E+01 -0.1145270E+01 -0.7803374E-01  0.3405843E+00
   04  0.4447581E+01  0.3310421E+01 -0.1306081E+01 -0.7735716E-01  0.3152962E+00
   04  0.4454722E+01  0.3285119E+01 -0.1463529E+01 -0.7645409E-01  0.2899939E+00
   04  0.4461862E+01  0.3259802E+01 -0.1617386E+01 -0.7534037E-01  0.2646766E+00
   04  0.4469003E+01  0.3234466E+01 -0.1767478E+01 -0.7402088E-01  0.2393411E+00
   04  0.4476144E+01  0.3209114E+01 -0.1913651E+01 -0.7252679E-01  0.2139889E+00
   04  0.4483285E+01  0.3183748E+01 -0.2055818E+01 -0.7089669E-01  0.1886228E+00
   04  0.4490426E+01  0.3158376E+01 -0.2193953E+01 -0.6915305E-01  0.1632506E+00
   04  0.4497567E+01  0.3133013E+01 -0.2328068E+01 -0.6732410E-01  0.1378880E+00
   04  0.4504708E+01  0.3107679E+01 -0.2458218E+01 -0.6542207E-01  0.1125536E+00
   04  0.4511849E+01  0.3082396E+01 -0.2584503E+01 -0.6345329E-01  0.8727106E-01
   04  0.4518990E+01  0.3057192E+01 -0.2707062E+01 -0.6141541E-01  0.6206737E-01
   04  0.4526131E+01  0.3032096E+01 -0.2826050E+01 -0.5929589E-01  0.3697095E-01
   04  0.4533272E+01  0.3007134E+01 -0.2941635E+01 -0.5707696E-01  0.1200924E-01
   04  0.4540413E+01  0.2982336E+01 -0.3053975E+01 -0.5475864E-01 -0.1278935E-01
   04  0.4547554E+01  0.2957732E+01 -0.3163273E+01 -0.5230271E-01 -0.3739255E-01
   04  0.4554695E+01  0.2933341E+01 -0.3269635E+01 -0.4978595E-01 -0.6178388E-01
   04  0.4561836E+01  0.2909163E+01 -0.3373031E+01 -0.4710323E-01 -0.8596161E-01
   04  0.4568977E+01  0.2885212E+01 -0.3473515E+01 -0.4423500E-01 -0.1099127E+00
   04  0.4576118E+01  0.2861509E+01 -0.3571160E+01 -0.4119294E-01 -0.1336164E+00
   04  0.4583259E+01  0.2838068E+01 -0.3666008E+01 -0.3797647E-01 -0.1570573E+00
   04  0.4590400E+01  0.2814903E+01 -0.3758101E+01 -0.3459119E-01 -0.1802217E+00
   04  0.4596755E+01  0.2794528E+01 -0.3837640E+01 -0.3145435E-01 -0.2005975E+00
   04  0.4603111E+01  0.2774394E+01 -0.3915039E+01 -0.2823005E-01 -0.2207313E+00
   04  0.4609466E+01  0.2754513E+01 -0.3990329E+01 -0.2494288E-01 -0.2406120E+00
   04  0.4615822E+01  0.2734897E+01 -0.4063542E+01 -0.2162125E-01 -0.2602282E+00
   04  0.4622178E+01  0.2715557E+01 -0.4134717E+01 -0.1830007E-01 -0.2795684E+00
   04  0.4628533E+01  0.2696505E+01 -0.4203915E+01 -0.1501908E-01 -0.2986198E+00
   04  0.4634889E+01  0.2677762E+01 -0.4271259E+01 -0.1181912E-01 -0.3173626E+00
   04  0.4641244E+01  0.2659353E+01 -0.4336920E+01 -0.8620012E-02 -0.3357718E+00
   04  0.4647600E+01  0.2641276E+01 -0.4400905E+01 -0.5512640E-02 -0.3538494E+00
   04  0.4653955E+01  0.2623537E+01 -0.4463300E+01 -0.2599973E-02 -0.3715883E+00
   04  0.4660311E+01  0.2606148E+01 -0.4524264E+01  0.8292876E-04 -0.3889768E+00
   04  0.4666667E+01  0.2589151E+01 -0.4584154E+01  0.2480075E-02 -0.4059740E+00
   04  0.4673808E+01  0.2570627E+01 -0.4651051E+01  0.4737682E-02 -0.4244977E+00
   04  0.4680950E+01  0.2552724E+01 -0.4717690E+01  0.6439753E-02 -0.4424007E+00
   04  0.4688091E+01  0.2535506E+01 -0.4784678E+01  0.7591854E-02 -0.4596193E+00
   04  0.4695232E+01  0.2519051E+01 -0.4852636E+01  0.8360328E-02 -0.4760745E+00
   04  0.4702374E+01  0.2503401E+01 -0.4922088E+01  0.8664147E-02 -0.4917239E+00
   04  0.4709515E+01  0.2488587E+01 -0.4993342E+01  0.8624725E-02 -0.5065375E+00
   04  0.4716657E+01  0.2474515E+01 -0.5065902E+01  0.8253672E-02 -0.5206098E+00
   04  0.4723798E+01  0.2461114E+01 -0.5139446E+01  0.7523855E-02 -0.5340110E+00
   04  0.4730940E+01  0.2448334E+01 -0.5213794E+01  0.6499407E-02 -0.5467907E+00
   04  0.4738081E+01  0.2436147E+01 -0.5288773E+01  0.5279361E-02 -0.5589777E+00
   04  0.4745223E+01  0.2424509E+01 -0.5364169E+01  0.3914278E-02 -0.5706163E+00
   04  0.4752364E+01  0.2413378E+01 -0.5439699E+01  0.2430691E-02 -0.5817474E+00
   04  0.4759505E+01  0.2402711E+01 -0.5515023E+01  0.8401374E-03 -0.5924142E+00
   04  0.4766647E+01  0.2392463E+01 -0.5589806E+01 -0.8631508E-03 -0.6026624E+00
   04  0.4773788E+01  0.2382610E+01 -0.5663638E+01 -0.2670902E-02 -0.6125149E+00
   04  0.4780930E+01  0.2373150E+01 -0.5736064E+01 -0.4563383E-02 -0.6219746E+00
   04  0.4788071E+01  0.2364086E+01 -0.5806636E+01 -0.6552500E-02 -0.6310393E+00
   04  0.4795213E+01  0.2355347E+01 -0.5875236E+01 -0.8665549E-02 -0.6397781E+00
   04  0.4802354E+01  0.2346973E+01 -0.5941477E+01 -0.1080954E-01 -0.6481524E+00
   04  0.4809495E+01  0.2339040E+01 -0.6004998E+01 -0.1290537E-01 -0.6560851E+00
   04  0.4816636E+01  0.2331612E+01 -0.6065638E+01 -0.1487312E-01 -0.6635127E+00
   04  0.4823776E+01  0.2324759E+01 -0.6123376E+01 -0.1664635E-01 -0.6703662E+00
   04  0.4830917E+01  0.2318526E+01 -0.6178369E+01 -0.1816570E-01 -0.6765991E+00
   04  0.4838058E+01  0.2312944E+01 -0.6230920E+01 -0.1940804E-01 -0.6821814E+00
   04  0.4845199E+01  0.2308030E+01 -0.6281405E+01 -0.2038478E-01 -0.6870946E+00
   04  0.4852340E+01  0.2303855E+01 -0.6330168E+01 -0.2108259E-01 -0.6912701E+00
   04  0.4859481E+01  0.2300503E+01 -0.6377539E+01 -0.2154418E-01 -0.6946219E+00
   04  0.4866622E+01  0.2297995E+01 -0.6424043E+01 -0.2180591E-01 -0.6971302E+00
   04  0.4873763E+01  0.2296326E+01 -0.6470138E+01 -0.2196763E-01 -0.6987990E+00
   04  0.4880904E+01  0.2295488E+01 -0.6516198E+01 -0.2209096E-01 -0.6996367E+00
   04  0.4888045E+01  0.2295466E+01 -0.6562460E+01 -0.2223491E-01 -0.6996586E+00
   04  0.4895186E+01  0.2296238E+01 -0.6608982E+01 -0.2244629E-01 -0.6988871E+00
   04  0.4902327E+01  0.2297818E+01 -0.6655610E+01 -0.2270993E-01 -0.6973068E+00
   04  0.4909468E+01  0.2300213E+01 -0.6702093E+01 -0.2300908E-01 -0.6949117E+00
   04  0.4916609E+01  0.2303253E+01 -0.6747786E+01 -0.2343786E-01 -0.6918720E+00
   04  0.4923750E+01  0.2307235E+01 -0.6795310E+01 -0.2388705E-01 -0.6878898E+00
   04  0.4930104E+01  0.2311943E+01 -0.6842189E+01 -0.2408771E-01 -0.6831817E+00
   04  0.4936458E+01  0.2316570E+01 -0.6883874E+01 -0.2428337E-01 -0.6785549E+00
   04  0.4942812E+01  0.2320882E+01 -0.6917745E+01 -0.2425556E-01 -0.6742429E+00
   04  0.4949167E+01  0.2324221E+01 -0.6937020E+01 -0.2443749E-01 -0.6709037E+00
   04  0.4955521E+01  0.2328501E+01 -0.6944824E+01 -0.2326504E-01 -0.6666242E+00
   04  0.4961875E+01  0.2337079E+01 -0.6956640E+01 -0.2100336E-01 -0.6580458E+00
   04  0.4968229E+01  0.2350213E+01 -0.6971354E+01 -0.1802290E-01 -0.6449122E+00
   04  0.4974583E+01  0.2361233E+01 -0.6971645E+01 -0.1431383E-01 -0.6338925E+00
   04  0.4980937E+01  0.2376243E+01 -0.6970404E+01 -0.8202947E-02 -0.6188817E+00
   04  0.4984115E+01  0.2386042E+01 -0.6967596E+01 -0.4972995E-02 -0.6090831E+00
   04  0.4987292E+01  0.2397080E+01 -0.6960644E+01 -0.1518952E-02 -0.5980453E+00
   04  0.4990469E+01  0.2409170E+01 -0.6949742E+01  0.2174694E-02 -0.5859551E+00
   04  0.4993646E+01  0.2422332E+01 -0.6934941E+01  0.6141522E-02 -0.5727926E+00
   04  0.4996823E+01  0.2436583E+01 -0.6916307E+01  0.1039065E-01 -0.5585421E+00
   04  0.5000000E+01  0.2451933E+01 -0.6893898E+01  0.1492675E-01 -0.5431916E+00
   04  0.5005356E+01  0.2480115E+01 -0.6847017E+01  0.2305529E-01 -0.5150104E+00
   04  0.5010711E+01  0.2511504E+01 -0.6790849E+01  0.3155848E-01 -0.4836208E+00
   04  0.5016067E+01  0.2545907E+01 -0.6726065E+01  0.4043702E-01 -0.4492184E+00
   04  0.5021422E+01  0.2583124E+01 -0.6653566E+01  0.4946823E-01 -0.4120012E+00
   04  0.5026778E+01  0.2622946E+01 -0.6574337E+01  0.5819591E-01 -0.3721785E+00
   04  0.5032133E+01  0.2665099E+01 -0.6489403E+01  0.6657844E-01 -0.3300265E+00
   04  0.5037489E+01  0.2709407E+01 -0.6400349E+01  0.7441208E-01 -0.2857181E+00
   04  0.5042844E+01  0.2755652E+01 -0.6308536E+01  0.8158431E-01 -0.2394730E+00
   04  0.5049985E+01  0.2819594E+01 -0.6182998E+01  0.9016969E-01 -0.1755307E+00
   04  0.5057125E+01  0.2885770E+01 -0.6057441E+01  0.9751756E-01 -0.1093551E+00
   04  0.5064266E+01  0.2953234E+01 -0.5933418E+01  0.1038323E+00 -0.4189130E-01
   04  0.5071407E+01  0.3021089E+01 -0.5812181E+01  0.1094043E+00  0.2596401E-01
   04  0.5078547E+01  0.3085903E+01 -0.5695423E+01  0.1114522E+00  0.9077835E-01
   04  0.5085688E+01  0.3139181E+01 -0.5587875E+01  0.1102354E+00  0.1440564E+00
   04  0.5092829E+01  0.3180074E+01 -0.5477393E+01  0.1065626E+00  0.1849489E+00
   04  0.5099969E+01  0.3209394E+01 -0.5358578E+01  0.1010319E+00  0.2142690E+00
   04  0.5107110E+01  0.3229220E+01 -0.5234368E+01  0.9543029E-01  0.2340951E+00
   04  0.5109490E+01  0.3232451E+01 -0.5196782E+01  0.9363245E-01  0.2373256E+00
   04  0.5111871E+01  0.3234628E+01 -0.5160116E+01  0.9184357E-01  0.2395032E+00
   04  0.5114251E+01  0.3235926E+01 -0.5124191E+01  0.9017746E-01  0.2408012E+00
   04  0.5116631E+01  0.3236517E+01 -0.5089048E+01  0.8869582E-01  0.2413925E+00
   04  0.5119011E+01  0.3236556E+01 -0.5054798E+01  0.8753881E-01  0.2414315E+00
   04  0.5121392E+01  0.3237284E+01 -0.5022913E+01  0.8711608E-01  0.2421586E+00
   04  0.5123772E+01  0.3238699E+01 -0.4993895E+01  0.8735114E-01  0.2435741E+00
   04  0.5126152E+01  0.3239606E+01 -0.4966458E+01  0.8781121E-01  0.2444807E+00
   04  0.5128532E+01  0.3240222E+01 -0.4941257E+01  0.8848504E-01  0.2450971E+00
   04  0.5135673E+01  0.3241330E+01 -0.4874795E+01  0.9239815E-01  0.2462055E+00
   04  0.5142814E+01  0.3241569E+01 -0.4827207E+01  0.9874136E-01  0.2464438E+00
   04  0.5149955E+01  0.3241868E+01 -0.4794682E+01  0.1069032E+00  0.2467427E+00
   04  0.5157096E+01  0.3242769E+01 -0.4775173E+01  0.1160010E+00  0.2476436E+00
   04  0.5164237E+01  0.3245003E+01 -0.4770894E+01  0.1252335E+00  0.2498776E+00
   04  0.5171378E+01  0.3247729E+01 -0.4774070E+01  0.1340711E+00  0.2526038E+00
   04  0.5174948E+01  0.3249168E+01 -0.4777465E+01  0.1379814E+00  0.2540426E+00
   04  0.5178519E+01  0.3250602E+01 -0.4781537E+01  0.1416380E+00  0.2554771E+00
   04  0.5182089E+01  0.3252025E+01 -0.4786188E+01  0.1451815E+00  0.2568999E+00
   04  0.5185660E+01  0.3253437E+01 -0.4791353E+01  0.1484005E+00  0.2583120E+00
   04  0.5189230E+01  0.3254801E+01 -0.4796685E+01  0.1512747E+00  0.2596760E+00
   04  0.5192800E+01  0.3256015E+01 -0.4801392E+01  0.1537691E+00  0.2608900E+00
   04  0.5196371E+01  0.3257034E+01 -0.4805091E+01  0.1559191E+00  0.2619094E+00
   04  0.5199941E+01  0.3257823E+01 -0.4807426E+01  0.1582691E+00  0.2626985E+00
   04  0.5203512E+01  0.3258425E+01 -0.4808688E+01  0.1606995E+00  0.2632996E+00
   04  0.5207082E+01  0.3258855E+01 -0.4808927E+01  0.1629292E+00  0.2637301E+00
   04  0.5210653E+01  0.3259098E+01 -0.4807969E+01  0.1649666E+00  0.2639728E+00
   04  0.5214223E+01  0.3259189E+01 -0.4806006E+01  0.1668679E+00  0.2640640E+00
   04  0.5219579E+01  0.3259026E+01 -0.4801038E+01  0.1693353E+00  0.2639014E+00
   04  0.5224935E+01  0.3258577E+01 -0.4794171E+01  0.1716577E+00  0.2634517E+00
   04  0.5230290E+01  0.3257774E+01 -0.4784820E+01  0.1739351E+00  0.2626494E+00
   04  0.5235646E+01  0.3256577E+01 -0.4772602E+01  0.1764186E+00  0.2614517E+00
   04  0.5241002E+01  0.3254924E+01 -0.4756990E+01  0.1789387E+00  0.2597986E+00
   04  0.5246357E+01  0.3252739E+01 -0.4737451E+01  0.1815821E+00  0.2576141E+00
   04  0.5247696E+01  0.3252207E+01 -0.4732646E+01  0.1824025E+00  0.2570817E+00
   04  0.5249035E+01  0.3251610E+01 -0.4727359E+01  0.1831996E+00  0.2564849E+00
   04  0.5250374E+01  0.3250952E+01 -0.4721617E+01  0.1839662E+00  0.2558272E+00
   04  0.5251713E+01  0.3250229E+01 -0.4715382E+01  0.1847020E+00  0.2551036E+00
   04  0.5253052E+01  0.3249434E+01 -0.4708619E+01  0.1854062E+00  0.2543091E+00
   04  0.5254391E+01  0.3248565E+01 -0.4701300E+01  0.1860781E+00  0.2534398E+00
   04  0.5255730E+01  0.3247618E+01 -0.4693404E+01  0.1867151E+00  0.2524927E+00
   04  0.5257069E+01  0.3246591E+01 -0.4684916E+01  0.1873153E+00  0.2514664E+00
   04  0.5263424E+01  0.3240307E+01 -0.4634545E+01  0.1891706E+00  0.2451824E+00
   04  0.5269779E+01  0.3232808E+01 -0.4575136E+01  0.1902241E+00  0.2376826E+00
   04  0.5276135E+01  0.3224218E+01 -0.4508144E+01  0.1901243E+00  0.2290933E+00
   04  0.5282490E+01  0.3214651E+01 -0.4434749E+01  0.1885027E+00  0.2195256E+00
   04  0.5288846E+01  0.3204170E+01 -0.4355873E+01  0.1851979E+00  0.2090450E+00
   04  0.5295201E+01  0.3192883E+01 -0.4272690E+01  0.1800408E+00  0.1977579E+00
   04  0.5301556E+01  0.3180739E+01 -0.4184858E+01  0.1729456E+00  0.1856135E+00
   04  0.5307912E+01  0.3167604E+01 -0.4091391E+01  0.1636357E+00  0.1724795E+00
   04  0.5314267E+01  0.3153515E+01 -0.3992288E+01  0.1525413E+00  0.1583902E+00
   04  0.5320623E+01  0.3138678E+01 -0.3888717E+01  0.1402157E+00  0.1435528E+00
   04  0.5326978E+01  0.3123371E+01 -0.3782716E+01  0.1273927E+00  0.1282461E+00
   04  0.5333333E+01  0.3107893E+01 -0.3676137E+01  0.1149746E+00  0.1127677E+00
   04  0.5340474E+01  0.3090465E+01 -0.3556861E+01  0.1022682E+00  0.9534004E-01
   04  0.5347615E+01  0.3073173E+01 -0.3438905E+01  0.9138656E-01  0.7804847E-01
   04  0.5354756E+01  0.3055841E+01 -0.3320976E+01  0.8318098E-01  0.6071566E-01
   04  0.5361897E+01  0.3038126E+01 -0.3200535E+01  0.7754991E-01  0.4300125E-01
   04  0.5369038E+01  0.3019576E+01 -0.3074579E+01  0.7406161E-01  0.2445066E-01
   04  0.5376179E+01  0.2999751E+01 -0.2940243E+01  0.7247220E-01  0.4625671E-02
   04  0.5383320E+01  0.2978275E+01 -0.2795170E+01  0.7239249E-01 -0.1685000E-01
   04  0.5390460E+01  0.2954751E+01 -0.2637396E+01  0.7312340E-01 -0.4037361E-01
   04  0.5397601E+01  0.2928541E+01 -0.2465617E+01  0.7491370E-01 -0.6658403E-01
   04  0.5404742E+01  0.2901341E+01 -0.2288105E+01  0.7754077E-01 -0.9378448E-01
   04  0.5411883E+01  0.2873980E+01 -0.2109299E+01  0.8126572E-01 -0.1211449E+00
   04  0.5419024E+01  0.2846294E+01 -0.1928744E+01  0.8566900E-01 -0.1488306E+00
   04  0.5426165E+01  0.2817810E+01 -0.1744351E+01  0.9031412E-01 -0.1773149E+00
   04  0.5433306E+01  0.2788214E+01 -0.1552501E+01  0.9467557E-01 -0.2069111E+00
   04  0.5440447E+01  0.2757432E+01 -0.1352717E+01  0.9838224E-01 -0.2376933E+00
   04  0.5447588E+01  0.2725604E+01 -0.1145842E+01  0.1012299E+00 -0.2695208E+00
   04  0.5454728E+01  0.2693065E+01 -0.9339471E+00  0.1032218E+00 -0.3020599E+00
   04  0.5461869E+01  0.2660471E+01 -0.7208383E+00  0.1046304E+00 -0.3346542E+00
   04  0.5469010E+01  0.2628856E+01 -0.5104358E+00  0.1057316E+00 -0.3662692E+00
   04  0.5476151E+01  0.2596630E+01 -0.2979398E+00  0.1064231E+00 -0.3984951E+00
   04  0.5483291E+01  0.2563329E+01 -0.8156106E-01  0.1065575E+00 -0.4317961E+00
   04  0.5490432E+01  0.2528149E+01  0.1349906E+00  0.1061197E+00 -0.4669755E+00
   04  0.5497573E+01  0.2491413E+01  0.3574379E+00  0.1052481E+00 -0.5037123E+00
   04  0.5504713E+01  0.2453399E+01  0.5839750E+00  0.1041063E+00 -0.5417264E+00
   04  0.5511854E+01  0.2415363E+01  0.8090551E+00  0.1026664E+00 -0.5797620E+00
   04  0.5518995E+01  0.2378481E+01  0.1027425E+01  0.1004363E+00 -0.6166443E+00
   04  0.5526135E+01  0.2343805E+01  0.1236321E+01  0.9734421E-01 -0.6513200E+00
   04  0.5531491E+01  0.2319715E+01  0.1385265E+01  0.9441659E-01 -0.6754103E+00
   04  0.5536846E+01  0.2297431E+01  0.1526608E+01  0.9099729E-01 -0.6976944E+00
   04  0.5542202E+01  0.2277030E+01  0.1660224E+01  0.8712386E-01 -0.7180946E+00
   04  0.5547557E+01  0.2258536E+01  0.1786231E+01  0.8285270E-01 -0.7365895E+00
   04  0.5552913E+01  0.2241898E+01  0.1904840E+01  0.7824729E-01 -0.7532272E+00
   04  0.5558268E+01  0.2226970E+01  0.2016561E+01  0.7339525E-01 -0.7681549E+00
   04  0.5563624E+01  0.2213678E+01  0.2121591E+01  0.6840777E-01 -0.7814473E+00
   04  0.5568979E+01  0.2201935E+01  0.2220143E+01  0.6340447E-01 -0.7931900E+00
   04  0.5574334E+01  0.2191640E+01  0.2312456E+01  0.5850619E-01 -0.8034851E+00
   04  0.5579690E+01  0.2182681E+01  0.2398778E+01  0.5383013E-01 -0.8124439E+00
   04  0.5585045E+01  0.2174944E+01  0.2479353E+01  0.4948491E-01 -0.8201813E+00
   04  0.5590401E+01  0.2168311E+01  0.2554433E+01  0.4556638E-01 -0.8268138E+00
   04  0.5596756E+01  0.2161729E+01  0.2636643E+01  0.4157904E-01 -0.8333963E+00
   04  0.5603112E+01  0.2156375E+01  0.2711854E+01  0.3838964E-01 -0.8387498E+00
   04  0.5609467E+01  0.2152116E+01  0.2780390E+01  0.3604426E-01 -0.8430088E+00
   04  0.5615823E+01  0.2148825E+01  0.2842606E+01  0.3454302E-01 -0.8462998E+00
   04  0.5622178E+01  0.2146378E+01  0.2898917E+01  0.3384040E-01 -0.8487468E+00
   04  0.5628534E+01  0.2144683E+01  0.2949699E+01  0.3387928E-01 -0.8504424E+00
   04  0.5634889E+01  0.2143702E+01  0.2995251E+01  0.3454323E-01 -0.8514228E+00
   04  0.5641245E+01  0.2143387E+01  0.3035918E+01  0.3568258E-01 -0.8517382E+00
   04  0.5647600E+01  0.2143664E+01  0.3072139E+01  0.3713933E-01 -0.8514612E+00
   04  0.5653956E+01  0.2144446E+01  0.3104407E+01  0.3878808E-01 -0.8506793E+00
   04  0.5660311E+01  0.2145663E+01  0.3133129E+01  0.4049980E-01 -0.8494616E+00
   04  0.5666667E+01  0.2147294E+01  0.3158514E+01  0.4215252E-01 -0.8478309E+00
   04  0.5673807E+01  0.2149471E+01  0.3183793E+01  0.4381671E-01 -0.8456537E+00
   04  0.5680947E+01  0.2151908E+01  0.3206204E+01  0.4515821E-01 -0.8432170E+00
   04  0.5688088E+01  0.2154487E+01  0.3226373E+01  0.4608929E-01 -0.8406380E+00
   04  0.5695228E+01  0.2157144E+01  0.3244801E+01  0.4655535E-01 -0.8379813E+00
   04  0.5702368E+01  0.2159840E+01  0.3261821E+01  0.4651695E-01 -0.8352849E+00
   04  0.5709508E+01  0.2162552E+01  0.3277623E+01  0.4593205E-01 -0.8325730E+00
   04  0.5716649E+01  0.2165273E+01  0.3292312E+01  0.4476920E-01 -0.8298524E+00
   04  0.5723789E+01  0.2168084E+01  0.3305724E+01  0.4300252E-01 -0.8270407E+00
   04  0.5730929E+01  0.2170974E+01  0.3317906E+01  0.4067650E-01 -0.8241511E+00
   04  0.5738070E+01  0.2173953E+01  0.3328793E+01  0.3785100E-01 -0.8211722E+00
   04  0.5745210E+01  0.2177033E+01  0.3338304E+01  0.3460197E-01 -0.8180917E+00
   04  0.5752350E+01  0.2180235E+01  0.3346359E+01  0.3101762E-01 -0.8148902E+00
   04  0.5759491E+01  0.2183588E+01  0.3352862E+01  0.2720856E-01 -0.8115374E+00
   04  0.5766631E+01  0.2187139E+01  0.3357736E+01  0.2335267E-01 -0.8079863E+00
   04  0.5773771E+01  0.2190922E+01  0.3360924E+01  0.1953625E-01 -0.8042035E+00
   04  0.5780911E+01  0.2194980E+01  0.3362419E+01  0.1586317E-01 -0.8001448E+00
   04  0.5788052E+01  0.2199349E+01  0.3362190E+01  0.1235619E-01 -0.7957762E+00
   04  0.5795192E+01  0.2204015E+01  0.3360402E+01  0.8953422E-02 -0.7911097E+00
   04  0.5799476E+01  0.2206946E+01  0.3358604E+01  0.6917364E-02 -0.7881786E+00
   04  0.5803761E+01  0.2209986E+01  0.3356328E+01  0.4887307E-02 -0.7851390E+00
   04  0.5808045E+01  0.2213133E+01  0.3353581E+01  0.2875980E-02 -0.7819925E+00
   04  0.5812329E+01  0.2216384E+01  0.3350363E+01  0.8985252E-03 -0.7787413E+00
   04  0.5816613E+01  0.2219734E+01  0.3346672E+01 -0.1015224E-02 -0.7753908E+00
   04  0.5820183E+01  0.2222598E+01  0.3343214E+01 -0.2545408E-02 -0.7725271E+00
   04  0.5823753E+01  0.2225528E+01  0.3339433E+01 -0.4009560E-02 -0.7695970E+00
   04  0.5827324E+01  0.2228524E+01  0.3335331E+01 -0.5400976E-02 -0.7666007E+00
   04  0.5832679E+01  0.2233147E+01  0.3328636E+01 -0.7331431E-02 -0.7619785E+00
   04  0.5838034E+01  0.2237913E+01  0.3321187E+01 -0.9051681E-02 -0.7572123E+00
   04  0.5842318E+01  0.2241826E+01  0.3314634E+01 -0.1026042E-01 -0.7532994E+00
   04  0.5846603E+01  0.2245829E+01  0.3307568E+01 -0.1130834E-01 -0.7492960E+00
   04  0.5850887E+01  0.2249922E+01  0.3299969E+01 -0.1218793E-01 -0.7452027E+00
   04  0.5855171E+01  0.2254106E+01  0.3291820E+01 -0.1289494E-01 -0.7410193E+00
   04  0.5859455E+01  0.2258380E+01  0.3283101E+01 -0.1342841E-01 -0.7367450E+00
   04  0.5863025E+01  0.2262011E+01  0.3275365E+01 -0.1374196E-01 -0.7331137E+00
   04  0.5866596E+01  0.2265708E+01  0.3267209E+01 -0.1393957E-01 -0.7294170E+00
   04  0.5870166E+01  0.2269471E+01  0.3258622E+01 -0.1402574E-01 -0.7256538E+00
   04  0.5873736E+01  0.2273302E+01  0.3249594E+01 -0.1400629E-01 -0.7218226E+00
   04  0.5877306E+01  0.2277203E+01  0.3240115E+01 -0.1388815E-01 -0.7179221E+00
   04  0.5880876E+01  0.2281174E+01  0.3230173E+01 -0.1367939E-01 -0.7139507E+00
   04  0.5886231E+01  0.2287268E+01  0.3214483E+01 -0.1321966E-01 -0.7078568E+00
   04  0.5891587E+01  0.2293528E+01  0.3197715E+01 -0.1260978E-01 -0.7015969E+00
   04  0.5896942E+01  0.2299959E+01  0.3179852E+01 -0.1188552E-01 -0.6951656E+00
   04  0.5902297E+01  0.2306567E+01  0.3160885E+01 -0.1108411E-01 -0.6885577E+00
   04  0.5907653E+01  0.2313356E+01  0.3140813E+01 -0.1024317E-01 -0.6817692E+00
   04  0.5913008E+01  0.2320327E+01  0.3119645E+01 -0.9399575E-02 -0.6747976E+00
   04  0.5918363E+01  0.2327482E+01  0.3097400E+01 -0.8588320E-02 -0.6676425E+00
   04  0.5923718E+01  0.2334818E+01  0.3074106E+01 -0.7841606E-02 -0.6603065E+00
   04  0.5930075E+01  0.2343748E+01  0.3045248E+01 -0.7085737E-02 -0.6513768E+00
   04  0.5936432E+01  0.2352908E+01  0.3015054E+01 -0.6498861E-02 -0.6422169E+00
   04  0.5942789E+01  0.2362276E+01  0.2983623E+01 -0.6110396E-02 -0.6328488E+00
   04  0.5949146E+01  0.2371824E+01  0.2951074E+01 -0.5939057E-02 -0.6233010E+00
   04  0.5955502E+01  0.2381517E+01  0.2917537E+01 -0.5991947E-02 -0.6136081E+00
   04  0.5961859E+01  0.2391316E+01  0.2883156E+01 -0.6265148E-02 -0.6038089E+00
   04  0.5968216E+01  0.2401180E+01  0.2848085E+01 -0.6744180E-02 -0.5939452E+00
   04  0.5974573E+01  0.2411066E+01  0.2812480E+01 -0.7405150E-02 -0.5840586E+00
   04  0.5980930E+01  0.2420936E+01  0.2776502E+01 -0.8216593E-02 -0.5741886E+00
   04  0.5987286E+01  0.2430755E+01  0.2740305E+01 -0.9141806E-02 -0.5643701E+00
   04  0.5993643E+01  0.2440494E+01  0.2704035E+01 -0.1014142E-01 -0.5546310E+00
   04  0.6000000E+01  0.2450134E+01  0.2667826E+01 -0.1117638E-01 -0.5449907E+00
   04  0.6007140E+01  0.2460836E+01  0.2627433E+01 -0.1233793E-01 -0.5342889E+00
   04  0.6014281E+01  0.2471404E+01  0.2587373E+01 -0.1345778E-01 -0.5237212E+00
   04  0.6021421E+01  0.2481853E+01  0.2547725E+01 -0.1450725E-01 -0.5132717E+00
   04  0.6028561E+01  0.2492213E+01  0.2508519E+01 -0.1547333E-01 -0.5029119E+00
   04  0.6035701E+01  0.2502521E+01  0.2469736E+01 -0.1635978E-01 -0.4926038E+00
   04  0.6042842E+01  0.2512821E+01  0.2431313E+01 -0.1718781E-01 -0.4823039E+00
   04  0.6049982E+01  0.2523157E+01  0.2393144E+01 -0.1799494E-01 -0.4719680E+00
   04  0.6057122E+01  0.2533569E+01  0.2355094E+01 -0.1883118E-01 -0.4615558E+00
   04  0.6064263E+01  0.2544090E+01  0.2317010E+01 -0.1975607E-01 -0.4510346E+00
   04  0.6071403E+01  0.2554743E+01  0.2278734E+01 -0.2083357E-01 -0.4403825E+00
   04  0.6078543E+01  0.2565535E+01  0.2240116E+01 -0.2212752E-01 -0.4295899E+00
   04  0.6085683E+01  0.2576465E+01  0.2201025E+01 -0.2369629E-01 -0.4186598E+00
   04  0.6092824E+01  0.2587518E+01  0.2161366E+01 -0.2558836E-01 -0.4076066E+00
   04  0.6099964E+01  0.2598671E+01  0.2121084E+01 -0.2783796E-01 -0.3964536E+00
   04  0.6107104E+01  0.2609894E+01  0.2080165E+01 -0.3046449E-01 -0.3852307E+00
   04  0.6114244E+01  0.2621155E+01  0.2038644E+01 -0.3347016E-01 -0.3739702E+00
   04  0.6121385E+01  0.2632421E+01  0.1996590E+01 -0.3684061E-01 -0.3627041E+00
   04  0.6128525E+01  0.2643664E+01  0.1954106E+01 -0.4054657E-01 -0.3514607E+00
   04  0.6135665E+01  0.2654862E+01  0.1911311E+01 -0.4454561E-01 -0.3402629E+00
   04  0.6142805E+01  0.2665999E+01  0.1868329E+01 -0.4878622E-01 -0.3291263E+00
   04  0.6149946E+01  0.2677066E+01  0.1825277E+01 -0.5321065E-01 -0.3180595E+00
   04  0.6157086E+01  0.2688060E+01  0.1782250E+01 -0.5775792E-01 -0.3070648E+00
   04  0.6164226E+01  0.2698985E+01  0.1739323E+01 -0.6236595E-01 -0.2961401E+00
   04  0.6171366E+01  0.2709845E+01  0.1696537E+01 -0.6697376E-01 -0.2852804E+00
   04  0.6178506E+01  0.2720645E+01  0.1653905E+01 -0.7152372E-01 -0.2744804E+00
   04  0.6185646E+01  0.2731390E+01  0.1611415E+01 -0.7596444E-01 -0.2637354E+00
   04  0.6192787E+01  0.2742082E+01  0.1569032E+01 -0.8025241E-01 -0.2530432E+00
   04  0.6199927E+01  0.2752722E+01  0.1526699E+01 -0.8435143E-01 -0.2424030E+00
   04  0.6207067E+01  0.2763309E+01  0.1484343E+01 -0.8823381E-01 -0.2318159E+00
   04  0.6214207E+01  0.2773841E+01  0.1441885E+01 -0.9188049E-01 -0.2212844E+00
   04  0.6221347E+01  0.2784313E+01  0.1399247E+01 -0.9528205E-01 -0.2108123E+00
   04  0.6228487E+01  0.2794723E+01  0.1356362E+01 -0.9843406E-01 -0.2004020E+00
   04  0.6235627E+01  0.2805071E+01  0.1313181E+01 -0.1013384E+00 -0.1900542E+00
   04  0.6242768E+01  0.2815358E+01  0.1269679E+01 -0.1040070E+00 -0.1797669E+00
   04  0.6249908E+01  0.2825591E+01  0.1225849E+01 -0.1064612E+00 -0.1695336E+00
   04  0.6257048E+01  0.2835783E+01  0.1181689E+01 -0.1087320E+00 -0.1593422E+00
   04  0.6263405E+01  0.2844835E+01  0.1142034E+01 -0.1106318E+00 -0.1502903E+00
   04  0.6269762E+01  0.2853881E+01  0.1102101E+01 -0.1124533E+00 -0.1412436E+00
   04  0.6276119E+01  0.2862936E+01  0.1061875E+01 -0.1142341E+00 -0.1321886E+00
   04  0.6282476E+01  0.2872009E+01  0.1021345E+01 -0.1160082E+00 -0.1231161E+00
   04  0.6288834E+01  0.2881104E+01  0.9804982E+00 -0.1178011E+00 -0.1140214E+00
   04  0.6295191E+01  0.2890218E+01  0.9393296E+00 -0.1196265E+00 -0.1049071E+00
   04  0.6301548E+01  0.2899341E+01  0.8978436E+00 -0.1214837E+00 -0.9578416E-01
   04  0.6307905E+01  0.2908454E+01  0.8560645E+00 -0.1233626E+00 -0.8667090E-01
   04  0.6314262E+01  0.2917533E+01  0.8140437E+00 -0.1252444E+00 -0.7759205E-01
   04  0.6320619E+01  0.2926550E+01  0.7718618E+00 -0.1271118E+00 -0.6857496E-01
   04  0.6326976E+01  0.2935478E+01  0.7296270E+00 -0.1289528E+00 -0.5964672E-01
   04  0.6333333E+01  0.2944291E+01  0.6874756E+00 -0.1307655E+00 -0.5083358E-01
   04  0.6340473E+01  0.2954024E+01  0.6405099E+00 -0.1327654E+00 -0.4110112E-01
   04  0.6347613E+01  0.2963563E+01  0.5940877E+00 -0.1347355E+00 -0.3156228E-01
   04  0.6354753E+01  0.2972909E+01  0.5484636E+00 -0.1367367E+00 -0.2221607E-01
   04  0.6361893E+01  0.2982074E+01  0.5038757E+00 -0.1388108E+00 -0.1305127E-01
   04  0.6369033E+01  0.2991073E+01  0.4605344E+00 -0.1409415E+00 -0.4051851E-02
   04  0.6376173E+01  0.2999930E+01  0.4185926E+00 -0.1430960E+00  0.4804606E-02
   04  0.6383313E+01  0.3008692E+01  0.3781516E+00 -0.1450529E+00  0.1356704E-01
   04  0.6390453E+01  0.3017386E+01  0.3392335E+00 -0.1467445E+00  0.2226055E-01
   04  0.6397593E+01  0.3026031E+01  0.3017754E+00 -0.1482782E+00  0.3090590E-01
   04  0.6404733E+01  0.3034625E+01  0.2656186E+00 -0.1496773E+00  0.3949968E-01
   04  0.6411873E+01  0.3043156E+01  0.2304943E+00 -0.1510284E+00  0.4803097E-01
   04  0.6419013E+01  0.3051615E+01  0.1960653E+00 -0.1523209E+00  0.5649025E-01
   04  0.6426153E+01  0.3059970E+01  0.1618915E+00 -0.1534510E+00  0.6484497E-01
   04  0.6433293E+01  0.3068190E+01  0.1274857E+00 -0.1542851E+00  0.7306485E-01
   04  0.6440432E+01  0.3076267E+01  0.9257099E-01 -0.1547281E+00  0.8114186E-01
   04  0.6447572E+01  0.3084178E+01  0.5710532E-01 -0.1547409E+00  0.8905253E-01
   04  0.6454712E+01  0.3091899E+01  0.2118209E-01 -0.1544608E+00  0.9677426E-01
   04  0.6461852E+01  0.3099415E+01 -0.1507879E-01 -0.1540724E+00  0.1042903E+00
   04  0.6468992E+01  0.3106720E+01 -0.5140875E-01 -0.1537668E+00  0.1115950E+00
   04  0.6476132E+01  0.3113797E+01 -0.8751508E-01 -0.1537042E+00  0.1186721E+00
   04  0.6483272E+01  0.3120606E+01 -0.1231577E+00 -0.1540188E+00  0.1254810E+00
   04  0.6490411E+01  0.3127097E+01 -0.1580819E+00 -0.1548275E+00  0.1319724E+00
   04  0.6497551E+01  0.3133230E+01 -0.1919592E+00 -0.1562176E+00  0.1381052E+00
   04  0.6504691E+01  0.3138960E+01 -0.2244223E+00 -0.1582898E+00  0.1438346E+00
   04  0.6511831E+01  0.3144241E+01 -0.2551628E+00 -0.1611075E+00  0.1491163E+00
   04  0.6518971E+01  0.3149052E+01 -0.2839284E+00 -0.1646324E+00  0.1539269E+00
   04  0.6526110E+01  0.3153378E+01 -0.3104835E+00 -0.1688281E+00  0.1582530E+00
   04  0.6533250E+01  0.3157224E+01 -0.3345556E+00 -0.1736470E+00  0.1620992E+00
   04  0.6540390E+01  0.3160619E+01 -0.3561065E+00 -0.1790941E+00  0.1654940E+00
   04  0.6547530E+01  0.3163534E+01 -0.3747850E+00 -0.1851398E+00  0.1684095E+00
   04  0.6554669E+01  0.3165910E+01 -0.3901675E+00 -0.1917549E+00  0.1707846E+00
   04  0.6561809E+01  0.3167749E+01 -0.4021266E+00 -0.1988204E+00  0.1726244E+00
   04  0.6568949E+01  0.3169112E+01 -0.4108415E+00 -0.2062600E+00  0.1739869E+00
   04  0.6576089E+01  0.3170097E+01 -0.4167440E+00 -0.2140120E+00  0.1749721E+00
   04  0.6583229E+01  0.3170839E+01 -0.4204548E+00 -0.2220221E+00  0.1757136E+00
   04  0.6590368E+01  0.3171508E+01 -0.4228656E+00 -0.2301352E+00  0.1763827E+00
   04  0.6596727E+01  0.3172090E+01 -0.4243398E+00 -0.2373757E+00  0.1769655E+00
   04  0.6603085E+01  0.3172664E+01 -0.4254761E+00 -0.2444956E+00  0.1775391E+00
   04  0.6609443E+01  0.3173184E+01 -0.4263680E+00 -0.2512840E+00  0.1780593E+00
   04  0.6615801E+01  0.3173610E+01 -0.4271497E+00 -0.2575643E+00  0.1784846E+00
   04  0.6622159E+01  0.3173906E+01 -0.4278900E+00 -0.2629268E+00  0.1787808E+00
   04  0.6628517E+01  0.3174058E+01 -0.4287061E+00 -0.2669774E+00  0.1789330E+00
   04  0.6634876E+01  0.3174084E+01 -0.4297129E+00 -0.2692150E+00  0.1789592E+00
   04  0.6641234E+01  0.3174004E+01 -0.4309828E+00 -0.2694641E+00  0.1788793E+00
   04  0.6647592E+01  0.3173841E+01 -0.4324721E+00 -0.2677694E+00  0.1787162E+00
   04  0.6653950E+01  0.3173611E+01 -0.4341121E+00 -0.2643117E+00  0.1784855E+00
   04  0.6660308E+01  0.3173330E+01 -0.4357930E+00 -0.2594615E+00  0.1782048E+00
   04  0.6666667E+01  0.3172991E+01 -0.4374424E+00 -0.2536181E+00  0.1778664E+00
   04  0.6673806E+01  0.3172474E+01 -0.4392515E+00 -0.2462193E+00  0.1773492E+00
   04  0.6680945E+01  0.3171713E+01 -0.4410733E+00 -0.2381537E+00  0.1765877E+00
   04  0.6688085E+01  0.3170599E+01 -0.4429800E+00 -0.2295847E+00  0.1754739E+00
   04  0.6695224E+01  0.3169031E+01 -0.4450501E+00 -0.2206536E+00  0.1739062E+00
   04  0.6702364E+01  0.3166921E+01 -0.4473677E+00 -0.2114839E+00  0.1717957E+00
   04  0.6709503E+01  0.3164217E+01 -0.4499503E+00 -0.2020750E+00  0.1690922E+00
   04  0.6716642E+01  0.3160907E+01 -0.4527800E+00 -0.1924062E+00  0.1657819E+00
   04  0.6723782E+01  0.3157030E+01 -0.4557663E+00 -0.1825250E+00  0.1619045E+00
   04  0.6730921E+01  0.3152647E+01 -0.4587952E+00 -0.1725808E+00  0.1575224E+00
   04  0.6738060E+01  0.3147820E+01 -0.4617488E+00 -0.1625446E+00  0.1526953E+00
   04  0.6745200E+01  0.3142609E+01 -0.4645096E+00 -0.1524047E+00  0.1474835E+00
   04  0.6752339E+01  0.3137053E+01 -0.4670145E+00 -0.1422408E+00  0.1419284E+00
   04  0.6759479E+01  0.3131180E+01 -0.4692646E+00 -0.1322513E+00  0.1360552E+00
   04  0.6766618E+01  0.3125000E+01 -0.4712713E+00 -0.1227509E+00  0.1298751E+00
   04  0.6773757E+01  0.3118539E+01 -0.4730480E+00 -0.1139897E+00  0.1234145E+00
   04  0.6780897E+01  0.3111834E+01 -0.4745751E+00 -0.1061583E+00  0.1167087E+00
   04  0.6788036E+01  0.3104938E+01 -0.4757768E+00 -0.9938233E-01  0.1098131E+00
   04  0.6795176E+01  0.3097939E+01 -0.4765087E+00 -0.9362095E-01  0.1028137E+00
   04  0.6802315E+01  0.3090929E+01 -0.4765937E+00 -0.8878373E-01  0.9580364E-01
   04  0.6809454E+01  0.3084037E+01 -0.4758170E+00 -0.8455485E-01  0.8891213E-01
   04  0.6816593E+01  0.3077385E+01 -0.4739610E+00 -0.8053663E-01  0.8225990E-01
   04  0.6823733E+01  0.3071067E+01 -0.4708892E+00 -0.7635663E-01  0.7594178E-01
   04  0.6830872E+01  0.3065117E+01 -0.4665564E+00 -0.7190098E-01  0.6999178E-01
   04  0.6838011E+01  0.3059589E+01 -0.4609966E+00 -0.6750700E-01  0.6446367E-01
   04  0.6845151E+01  0.3054506E+01 -0.4543183E+00 -0.6349880E-01  0.5938139E-01
   04  0.6852290E+01  0.3049856E+01 -0.4467001E+00 -0.6008081E-01  0.5473082E-01
   04  0.6859429E+01  0.3045577E+01 -0.4383435E+00 -0.5736986E-01  0.5045164E-01
   04  0.6866569E+01  0.3041632E+01 -0.4294244E+00 -0.5514028E-01  0.4650711E-01
   04  0.6873708E+01  0.3037986E+01 -0.4201160E+00 -0.5327906E-01  0.4286104E-01
   04  0.6880847E+01  0.3034588E+01 -0.4105522E+00 -0.5150881E-01  0.3946328E-01
   04  0.6887986E+01  0.3031408E+01 -0.4008257E+00 -0.4953886E-01  0.3628344E-01
   04  0.6895126E+01  0.3028443E+01 -0.3910344E+00 -0.4721714E-01  0.3331785E-01
   04  0.6902265E+01  0.3025676E+01 -0.3812773E+00 -0.4445351E-01  0.3055060E-01
   04  0.6909404E+01  0.3023079E+01 -0.3716701E+00 -0.4132660E-01  0.2795402E-01
   04  0.6916544E+01  0.3020625E+01 -0.3623284E+00 -0.3794855E-01  0.2549957E-01
   04  0.6923683E+01  0.3018284E+01 -0.3533660E+00 -0.3436514E-01  0.2315916E-01
   04  0.6930043E+01  0.3016274E+01 -0.3457840E+00 -0.3105537E-01  0.2114891E-01
   04  0.6936402E+01  0.3014308E+01 -0.3386834E+00 -0.2767212E-01  0.1918315E-01
   04  0.6942762E+01  0.3012360E+01 -0.3321417E+00 -0.2423044E-01  0.1723513E-01
   04  0.6949122E+01  0.3010409E+01 -0.3262348E+00 -0.2077759E-01  0.1528400E-01
   04  0.6955482E+01  0.3008437E+01 -0.3210420E+00 -0.1738313E-01  0.1331153E-01
   04  0.6961841E+01  0.3006425E+01 -0.3166464E+00 -0.1412645E-01  0.1129954E-01
   04  0.6968201E+01  0.3004361E+01 -0.3131181E+00 -0.1107155E-01  0.9235610E-02
   04  0.6974561E+01  0.3002230E+01 -0.3105163E+00 -0.8284114E-02  0.7105318E-02
   04  0.6980921E+01  0.3000019E+01 -0.3088863E+00 -0.5853608E-02  0.4894214E-02
   04  0.6987280E+01  0.2997721E+01 -0.3082636E+00 -0.3799780E-02  0.2595956E-02
   04  0.6993640E+01  0.2995336E+01 -0.3086629E+00 -0.2163799E-02  0.2113549E-03
   04  0.7000000E+01  0.2992874E+01 -0.3100865E+00 -0.9932267E-03 -0.2251281E-02
   04  0.7007139E+01  0.2990041E+01 -0.3128809E+00 -0.3954707E-03 -0.5083610E-02
   04  0.7014278E+01  0.2987172E+01 -0.3168439E+00 -0.4988222E-03 -0.7953002E-02
   04  0.7021416E+01  0.2984288E+01 -0.3218796E+00 -0.1264234E-02 -0.1083712E-01
   04  0.7028555E+01  0.2981428E+01 -0.3278625E+00 -0.2645722E-02 -0.1369712E-01
   04  0.7035694E+01  0.2978659E+01 -0.3346355E+00 -0.4402043E-02 -0.1646555E-01
   04  0.7042833E+01  0.2976021E+01 -0.3420042E+00 -0.6518558E-02 -0.1910433E-01
   04  0.7049971E+01  0.2973544E+01 -0.3497391E+00 -0.8974890E-02 -0.2158090E-01
   04  0.7057110E+01  0.2971282E+01 -0.3577916E+00 -0.1171883E-01 -0.2384343E-01
   04  0.7064249E+01  0.2969261E+01 -0.3661212E+00 -0.1468059E-01 -0.2586426E-01
   04  0.7071388E+01  0.2967482E+01 -0.3746221E+00 -0.1781556E-01 -0.2764264E-01
   04  0.7078527E+01  0.2965937E+01 -0.3831717E+00 -0.2103382E-01 -0.2918794E-01
   04  0.7085665E+01  0.2964603E+01 -0.3916626E+00 -0.2424735E-01 -0.3052157E-01
   04  0.7092804E+01  0.2963446E+01 -0.4000461E+00 -0.2741900E-01 -0.3167882E-01
   04  0.7099943E+01  0.2962436E+01 -0.4083277E+00 -0.3045997E-01 -0.3268942E-01
   04  0.7107082E+01  0.2961542E+01 -0.4165436E+00 -0.3324808E-01 -0.3358296E-01
   04  0.7114220E+01  0.2960721E+01 -0.4247564E+00 -0.3572255E-01 -0.3440419E-01
   04  0.7121359E+01  0.2959919E+01 -0.4330559E+00 -0.3789896E-01 -0.3520583E-01
   04  0.7128498E+01  0.2959087E+01 -0.4415533E+00 -0.3976604E-01 -0.3603834E-01
   04  0.7135637E+01  0.2958189E+01 -0.4504100E+00 -0.4133656E-01 -0.3693566E-01
   04  0.7142775E+01  0.2957197E+01 -0.4597926E+00 -0.4258654E-01 -0.3792763E-01
   04  0.7149914E+01  0.2956092E+01 -0.4698155E+00 -0.4351583E-01 -0.3903262E-01
   04  0.7157052E+01  0.2954857E+01 -0.4805160E+00 -0.4412699E-01 -0.4026806E-01
   04  0.7164191E+01  0.2953487E+01 -0.4918574E+00 -0.4444787E-01 -0.4163813E-01
   04  0.7171329E+01  0.2951991E+01 -0.5037491E+00 -0.4450023E-01 -0.4313432E-01
   04  0.7178468E+01  0.2950393E+01 -0.5160688E+00 -0.4434403E-01 -0.4473238E-01
   04  0.7185606E+01  0.2948720E+01 -0.5286662E+00 -0.4401374E-01 -0.4640498E-01
   04  0.7192745E+01  0.2947008E+01 -0.5413917E+00 -0.4355727E-01 -0.4811729E-01
   04  0.7199883E+01  0.2945288E+01 -0.5540913E+00 -0.4300457E-01 -0.4983688E-01
   04  0.7207022E+01  0.2943593E+01 -0.5666184E+00 -0.4239379E-01 -0.5153180E-01
   04  0.7214160E+01  0.2941956E+01 -0.5788475E+00 -0.4180577E-01 -0.5316862E-01
   04  0.7221299E+01  0.2940402E+01 -0.5906793E+00 -0.4130943E-01 -0.5472311E-01
   04  0.7228438E+01  0.2938962E+01 -0.6020408E+00 -0.4100450E-01 -0.5616336E-01
   04  0.7235576E+01  0.2937667E+01 -0.6128965E+00 -0.4099821E-01 -0.5745787E-01
   04  0.7242715E+01  0.2936525E+01 -0.6232350E+00 -0.4126850E-01 -0.5859979E-01
   04  0.7249853E+01  0.2935547E+01 -0.6330851E+00 -0.4185583E-01 -0.5957847E-01
   04  0.7256992E+01  0.2934710E+01 -0.6424859E+00 -0.4283890E-01 -0.6041453E-01
   04  0.7263354E+01  0.2934078E+01 -0.6505097E+00 -0.4411009E-01 -0.6104716E-01
   04  0.7269715E+01  0.2933543E+01 -0.6581913E+00 -0.4574805E-01 -0.6158192E-01
   04  0.7276077E+01  0.2933098E+01 -0.6655285E+00 -0.4772894E-01 -0.6202701E-01
   04  0.7282439E+01  0.2932742E+01 -0.6724734E+00 -0.5002187E-01 -0.6238330E-01
   04  0.7288801E+01  0.2932476E+01 -0.6789462E+00 -0.5255993E-01 -0.6264881E-01
   04  0.7295163E+01  0.2932301E+01 -0.6849181E+00 -0.5528694E-01 -0.6282394E-01
   04  0.7301524E+01  0.2932203E+01 -0.6904181E+00 -0.5811363E-01 -0.6292227E-01
   04  0.7307886E+01  0.2932171E+01 -0.6954859E+00 -0.6098964E-01 -0.6295364E-01
   04  0.7314248E+01  0.2932195E+01 -0.7001736E+00 -0.6387486E-01 -0.6293015E-01
   04  0.7320610E+01  0.2932256E+01 -0.7045333E+00 -0.6672632E-01 -0.6286908E-01
   04  0.7326972E+01  0.2932334E+01 -0.7085870E+00 -0.6945976E-01 -0.6279070E-01
   04  0.7333333E+01  0.2932396E+01 -0.7124114E+00 -0.7198089E-01 -0.6272900E-01
   04  0.7340470E+01  0.2932405E+01 -0.7164910E+00 -0.7440381E-01 -0.6271974E-01
   04  0.7347607E+01  0.2932326E+01 -0.7203774E+00 -0.7630125E-01 -0.6279863E-01
   04  0.7354744E+01  0.2932147E+01 -0.7240041E+00 -0.7758971E-01 -0.6297789E-01
   04  0.7361881E+01  0.2931871E+01 -0.7272483E+00 -0.7819853E-01 -0.6325434E-01
   04  0.7369018E+01  0.2931513E+01 -0.7299858E+00 -0.7807593E-01 -0.6361225E-01
   04  0.7376155E+01  0.2931099E+01 -0.7321564E+00 -0.7724424E-01 -0.6402574E-01
   04  0.7383292E+01  0.2930667E+01 -0.7337496E+00 -0.7581848E-01 -0.6445753E-01
   04  0.7390429E+01  0.2930251E+01 -0.7347779E+00 -0.7395047E-01 -0.6487439E-01
   04  0.7397566E+01  0.2929868E+01 -0.7352224E+00 -0.7169664E-01 -0.6525744E-01
   04  0.7404702E+01  0.2929535E+01 -0.7350367E+00 -0.6909998E-01 -0.6559003E-01
   04  0.7411839E+01  0.2929264E+01 -0.7341549E+00 -0.6618314E-01 -0.6586076E-01
   04  0.7418976E+01  0.2929061E+01 -0.7324826E+00 -0.6295514E-01 -0.6606367E-01
   04  0.7426113E+01  0.2928924E+01 -0.7299074E+00 -0.5939657E-01 -0.6620084E-01
   04  0.7433250E+01  0.2928846E+01 -0.7263060E+00 -0.5546266E-01 -0.6627926E-01
   04  0.7440387E+01  0.2928819E+01 -0.7215510E+00 -0.5111153E-01 -0.6630568E-01
   04  0.7447524E+01  0.2928821E+01 -0.7154674E+00 -0.4626850E-01 -0.6630384E-01
   04  0.7454661E+01  0.2928819E+01 -0.7078275E+00 -0.4085309E-01 -0.6630551E-01
   04  0.7461798E+01  0.2928788E+01 -0.6984829E+00 -0.3483085E-01 -0.6633684E-01
   04  0.7468934E+01  0.2928695E+01 -0.6872846E+00 -0.2814557E-01 -0.6642966E-01
   04  0.7476070E+01  0.2928561E+01 -0.6743994E+00 -0.2079740E-01 -0.6656435E-01
   04  0.7483206E+01  0.2928353E+01 -0.6597317E+00 -0.1275594E-01 -0.6677159E-01
   04  0.7490341E+01  0.2928082E+01 -0.6434280E+00 -0.4019515E-02 -0.6704269E-01
   04  0.7497477E+01  0.2927736E+01 -0.6255104E+00  0.5426774E-02 -0.6738915E-01
   04  0.7504613E+01  0.2927318E+01 -0.6060992E+00  0.1553338E-01 -0.6780741E-01
   04  0.7511749E+01  0.2926843E+01 -0.5853599E+00  0.2624600E-01 -0.6828223E-01
   04  0.7518885E+01  0.2926330E+01 -0.5634426E+00  0.3749554E-01 -0.6879472E-01
   04  0.7526021E+01  0.2925803E+01 -0.5404929E+00  0.4919939E-01 -0.6932229E-01
   04  0.7533157E+01  0.2925287E+01 -0.5166387E+00  0.6126454E-01 -0.6983811E-01
   04  0.7540293E+01  0.2924813E+01 -0.4919853E+00  0.7358898E-01 -0.7031238E-01
   04  0.7547429E+01  0.2924411E+01 -0.4666157E+00  0.8606703E-01 -0.7071413E-01
   04  0.7554565E+01  0.2924111E+01 -0.4405919E+00  0.9859176E-01 -0.7101353E-01
   04  0.7561701E+01  0.2923942E+01 -0.4139558E+00  0.1110589E+00 -0.7118329E-01
   04  0.7568837E+01  0.2923924E+01 -0.3867369E+00  0.1233723E+00 -0.7120089E-01
   04  0.7575973E+01  0.2924074E+01 -0.3589618E+00  0.1354437E+00 -0.7105115E-01
   04  0.7583108E+01  0.2924398E+01 -0.3306604E+00  0.1471966E+00 -0.7072708E-01
   04  0.7590244E+01  0.2924895E+01 -0.3018747E+00  0.1585706E+00 -0.7023035E-01
   04  0.7596613E+01  0.2925478E+01 -0.2758263E+00  0.1683673E+00 -0.6964733E-01
   04  0.7602981E+01  0.2926180E+01 -0.2494923E+00  0.1778142E+00 -0.6894547E-01
   04  0.7609350E+01  0.2926985E+01 -0.2229346E+00  0.1869104E+00 -0.6813953E-01
   04  0.7615718E+01  0.2927878E+01 -0.1962228E+00  0.1956665E+00 -0.6724688E-01
   04  0.7622087E+01  0.2928838E+01 -0.1694313E+00  0.2041028E+00 -0.6628662E-01
   04  0.7628456E+01  0.2929846E+01 -0.1426346E+00  0.2122463E+00 -0.6527850E-01
   04  0.7634824E+01  0.2930883E+01 -0.1159028E+00  0.2201277E+00 -0.6424205E-01
   04  0.7641193E+01  0.2931929E+01 -0.8929749E-01  0.2277783E+00 -0.6319564E-01
   04  0.7647561E+01  0.2932969E+01 -0.6286871E-01  0.2352273E+00 -0.6215568E-01
   04  0.7653930E+01  0.2933989E+01 -0.3665352E-01  0.2425014E+00 -0.6113593E-01
   04  0.7660298E+01  0.2934978E+01 -0.1067600E-01  0.2496239E+00 -0.6014746E-01
   04  0.7666667E+01  0.2935927E+01  0.1505179E-01  0.2566114E+00 -0.5919847E-01
   04  0.7673798E+01  0.2936935E+01  0.4357324E-01  0.2642868E+00 -0.5818967E-01
   04  0.7680929E+01  0.2937885E+01  0.7179072E-01  0.2718111E+00 -0.5724047E-01
   04  0.7688060E+01  0.2938775E+01  0.9972513E-01  0.2791757E+00 -0.5635048E-01
   04  0.7695191E+01  0.2939608E+01  0.1274029E+00  0.2863571E+00 -0.5551673E-01
   04  0.7702322E+01  0.2940391E+01  0.1548515E+00  0.2933191E+00 -0.5473394E-01
   04  0.7709453E+01  0.2941130E+01  0.1820938E+00  0.3000144E+00 -0.5399524E-01
   04  0.7716583E+01  0.2941833E+01  0.2091466E+00  0.3063909E+00 -0.5329238E-01
   04  0.7723714E+01  0.2942509E+01  0.2360197E+00  0.3123959E+00 -0.5261616E-01
   04  0.7730845E+01  0.2943168E+01  0.2627125E+00  0.3179804E+00 -0.5195703E-01
   04  0.7737976E+01  0.2943819E+01  0.2892135E+00  0.3231031E+00 -0.5130584E-01
   04  0.7745107E+01  0.2944471E+01  0.3154992E+00  0.3277352E+00 -0.5065431E-01
   04  0.7752238E+01  0.2945129E+01  0.3415339E+00  0.3318627E+00 -0.4999556E-01
   04  0.7759369E+01  0.2945800E+01  0.3672702E+00  0.3354874E+00 -0.4932467E-01
   04  0.7766500E+01  0.2946486E+01  0.3926502E+00  0.3386268E+00 -0.4863887E-01
   04  0.7773631E+01  0.2947187E+01  0.4176071E+00  0.3413131E+00 -0.4793754E-01
   04  0.7780762E+01  0.2947903E+01  0.4420673E+00  0.3435883E+00 -0.4722239E-01
   04  0.7787893E+01  0.2948627E+01  0.4659542E+00  0.3454972E+00 -0.4649753E-01
   04  0.7795024E+01  0.2949358E+01  0.4891932E+00  0.3470924E+00 -0.4576728E-01
   04  0.7802153E+01  0.2950091E+01  0.5117207E+00  0.3484460E+00 -0.4503362E-01
   04  0.7809283E+01  0.2950829E+01  0.5334989E+00  0.3496375E+00 -0.4429648E-01
   04  0.7816412E+01  0.2951564E+01  0.5544900E+00  0.3507332E+00 -0.4356108E-01
   04  0.7823541E+01  0.2952297E+01  0.5746561E+00  0.3517287E+00 -0.4282788E-01
   04  0.7830670E+01  0.2953029E+01  0.5939751E+00  0.3525966E+00 -0.4209552E-01
   04  0.7837799E+01  0.2953762E+01  0.6124488E+00  0.3533225E+00 -0.4136300E-01
   04  0.7844928E+01  0.2954492E+01  0.6301070E+00  0.3538995E+00 -0.4063291E-01
   04  0.7852058E+01  0.2955216E+01  0.6469792E+00  0.3543142E+00 -0.3990885E-01
   04  0.7859187E+01  0.2955932E+01  0.6631398E+00  0.3546017E+00 -0.3919349E-01
   04  0.7866316E+01  0.2956635E+01  0.6786507E+00  0.3548072E+00 -0.3848952E-01
   04  0.7873445E+01  0.2957331E+01  0.6935983E+00  0.3549806E+00 -0.3779379E-01
   04  0.7880574E+01  0.2958021E+01  0.7080455E+00  0.3551763E+00 -0.3710436E-01
   04  0.7887703E+01  0.2958703E+01  0.7220421E+00  0.3554613E+00 -0.3642201E-01
   04  0.7894833E+01  0.2959380E+01  0.7356307E+00  0.3558706E+00 -0.3574504E-01
   04  0.7901962E+01  0.2960058E+01  0.7488579E+00  0.3563807E+00 -0.3506709E-01
   04  0.7909091E+01  0.2960745E+01  0.7617522E+00  0.3569030E+00 -0.3437972E-01
   04  0.7916220E+01  0.2961439E+01  0.7743259E+00  0.3573518E+00 -0.3368611E-01
   04  0.7923349E+01  0.2962136E+01  0.7865871E+00  0.3576397E+00 -0.3298877E-01
   04  0.7929737E+01  0.2962764E+01  0.7973144E+00  0.3577105E+00 -0.3236126E-01
   04  0.7936124E+01  0.2963394E+01  0.8078300E+00  0.3575757E+00 -0.3173069E-01
   04  0.7942512E+01  0.2964032E+01  0.8181720E+00  0.3572153E+00 -0.3109337E-01
   04  0.7948900E+01  0.2964682E+01  0.8283886E+00  0.3566138E+00 -0.3044295E-01
   04  0.7955287E+01  0.2965354E+01  0.8385351E+00  0.3557596E+00 -0.2977114E-01
   04  0.7961675E+01  0.2966056E+01  0.8486701E+00  0.3546442E+00 -0.2906858E-01
   04  0.7968062E+01  0.2966799E+01  0.8588511E+00  0.3532627E+00 -0.2832571E-01
   04  0.7974450E+01  0.2967591E+01  0.8691295E+00  0.3516133E+00 -0.2753367E-01
   04  0.7980837E+01  0.2968440E+01  0.8795473E+00  0.3496981E+00 -0.2668507E-01
   04  0.7987225E+01  0.2969350E+01  0.8901337E+00  0.3475229E+00 -0.2577475E-01
   04  0.7993612E+01  0.2970325E+01  0.9009029E+00  0.3450970E+00 -0.2480036E-01
