# gauge_id=   104 location=(  0.6266804559E+02  0.6266804559E+02 ) num_var=  4
# level, time, q[  1  2  3], eta, aux[]
   01  0.0000000E+00  0.3090000E+01  0.0000000E+00  0.0000000E+00  0.0000000E+00
   01  0.1600000E-01  0.3090000E+01 -0.8768201E-19  0.8093380E-18  0.0000000E+00
   01  0.1329653E+00  0.3090000E+01 -0.1629037E-18  0.4647301E-16  0.0000000E+00
   01  0.2476540E+00  0.3090000E+01  0.3081922E-16  0.9619343E-16  0.0000000E+00
   01  0.3333333E+00  0.3090000E+01  0.5592152E-16  0.1175779E-15  0.0000000E+00
   01  0.4522257E+00  0.3090000E+01  0.1195528E-15  0.1745764E-15  0.0000000E+00
   01  0.5724150E+00  0.3090000E+01  0.1904470E-15  0.2471457E-15  0.0000000E+00
   01  0.6666667E+00  0.3090000E+01  0.2266597E-15  0.2929710E-15  0.0000000E+00
   01  0.7903854E+00  0.3090000E+01  0.3195167E-15  0.4032281E-15  0.0000000E+00
   01  0.9158532E+00  0.3090000E+01  0.4143263E-15  0.5172646E-15  0.0000000E+00
   01  0.1000000E+01  0.3090000E+01  0.4411242E-15  0.5690746E-15  0.0000000E+00
   01  0.1128722E+01  0.3090000E+01  0.6120394E-15  0.7846760E-15  0.0000000E+00
   01  0.1257366E+01  0.3090000E+01  0.8007089E-15  0.1010180E-14  0.0000000E+00
   01  0.1333333E+01  0.3090000E+01  0.8482913E-15  0.1084164E-14  0.0000000E+00
   01  0.1461954E+01  0.3090000E+01  0.1086495E-14  0.1371094E-14  0.0000000E+00
   02  0.1590570E+01  0.1433247E+01  0.6094805E-15  0.7682541E-15  0.0000000E+00
   02  0.1628618E+01  0.1433247E+01  0.6186643E-15  0.7912555E-15  0.0000000E+00
   02  0.1666667E+01  0.1433247E+01  0.6393797E-15  0.8273909E-15  0.0000000E+00
   02  0.1709509E+01  0.1433247E+01  0.6775704E-15  0.8843268E-15  0.0000000E+00
   02  0.1752352E+01  0.1433247E+01  0.7295048E-15  0.9553220E-15  0.0000000E+00
   02  0.1795194E+01  0.1433247E+01  0.7948519E-15  0.1034225E-14  0.0000000E+00
   02  0.1838039E+01  0.1433247E+01  0.8712873E-15  0.1118320E-14  0.0000000E+00
   02  0.1880884E+01  0.1433247E+01  0.9557269E-15  0.1206090E-14  0.0000000E+00
   02  0.1923729E+01  0.1433247E+01  0.1048579E-14  0.1298194E-14  0.0000000E+00
   02  0.1961864E+01  0.1433247E+01  0.1131500E-14  0.1362049E-14  0.0000000E+00
   02  0.2000000E+01  0.1433247E+01  0.1214181E-14  0.1434689E-14  0.0000000E+00
   02  0.2042869E+01  0.1433247E+01  0.1330658E-14  0.1540778E-14  0.0000000E+00
   02  0.2085738E+01  0.1433247E+01  0.1524894E-14  0.1703457E-14  0.0000000E+00
   02  0.2128607E+01  0.1433247E+01  0.2075466E-14  0.2336692E-14  0.2220446E-15
   02  0.2171468E+01  0.1433247E+01  0.2429454E-14  0.2712671E-14  0.4440892E-15
   02  0.2214329E+01  0.1433247E+01  0.2475991E-14  0.2821448E-14  0.4440892E-15
   02  0.2257190E+01  0.1433247E+01 -0.2153345E-14 -0.1684246E-14 -0.4440892E-15
   02  0.2295261E+01  0.1433247E+01 -0.6740291E-14 -0.6301632E-14 -0.1332268E-14
   02  0.2333333E+01  0.1433247E+01 -0.1636110E-13 -0.1586998E-13 -0.3552714E-14
   02  0.2376168E+01  0.1433247E+01 -0.3262209E-13 -0.3209945E-13 -0.7993606E-14
   02  0.2419002E+01  0.1433247E+01 -0.2806899E-13 -0.2746826E-13 -0.7993606E-14
   02  0.2461836E+01  0.1433247E+01 -0.1355457E-13 -0.1284290E-13 -0.5773160E-14
   02  0.2504676E+01  0.1433247E+01  0.8693160E-12  0.8698595E-12  0.1918465E-12
   02  0.2547516E+01  0.1433247E+01  0.3085244E-11  0.3085541E-11  0.7120970E-12
   02  0.2590356E+01  0.1433247E+01  0.1349494E-10  0.1349370E-10  0.3153033E-11
   02  0.2628511E+01  0.1433247E+01  0.1673954E-12  0.1664814E-12  0.6097345E-12
   02  0.2666667E+01  0.1433247E+01 -0.2756363E-10 -0.2758010E-10 -0.5966783E-11
   02  0.2709527E+01  0.1433247E+01 -0.7570458E-09 -0.7572194E-09 -0.1727334E-09
   02  0.2752387E+01  0.1433247E+01 -0.2716968E-08 -0.2717350E-08 -0.6313787E-09
   02  0.2795247E+01  0.1433247E+01 -0.7843074E-08 -0.7846252E-08 -0.1943731E-08
   02  0.2838101E+01  0.1433247E+01 -0.2135157E-07 -0.2135452E-07 -0.5239140E-08
   02  0.2880955E+01  0.1433247E+01 -0.4709203E-08 -0.4705851E-08 -0.2079028E-08
   02  0.2923808E+01  0.1433247E+01  0.2511017E-07  0.2513896E-07  0.4864386E-08
   02  0.2961904E+01  0.1433247E+01  0.6354756E-06  0.6356305E-06  0.1432409E-06
   02  0.3000000E+01  0.1433247E+01  0.1737711E-05  0.1738003E-05  0.4027005E-06
   03  0.3042839E+01  0.1449886E+01 -0.2878861E-07 -0.2912877E-07 -0.2271104E-07
   03  0.3064258E+01  0.1449886E+01  0.1596737E-06  0.1595607E-06  0.5070153E-07
   03  0.3085678E+01  0.1449886E+01  0.4300330E-06  0.4301945E-06  0.1573414E-06
   03  0.3107097E+01  0.1449886E+01  0.8480515E-06  0.8485189E-06  0.3215359E-06
   03  0.3128516E+01  0.1449887E+01  0.1549872E-05  0.1550747E-05  0.5943950E-06
   03  0.3149938E+01  0.1449887E+01  0.2636403E-05  0.2637797E-05  0.1017796E-05
   03  0.3171360E+01  0.1449888E+01  0.4153701E-05  0.4155676E-05  0.1607909E-05
   03  0.3192782E+01  0.1449888E+01  0.6145285E-05  0.6147923E-05  0.2380757E-05
   03  0.3214204E+01  0.1449889E+01  0.8581667E-05  0.8585007E-05  0.3323168E-05
   03  0.3235626E+01  0.1449890E+01  0.1146181E-04  0.1146590E-04  0.4441397E-05
   03  0.3257048E+01  0.1449892E+01  0.1478950E-04  0.1479430E-04  0.5748919E-05
   03  0.3276119E+01  0.1449893E+01  0.1804821E-04  0.1805345E-04  0.7055516E-05
   03  0.3295190E+01  0.1449894E+01  0.2152008E-04  0.2152552E-04  0.8467638E-05
   03  0.3314262E+01  0.1449896E+01  0.2497019E-04  0.2497552E-04  0.9901492E-05
   03  0.3333333E+01  0.1449897E+01  0.2823223E-04  0.2823722E-04  0.1130152E-04
   03  0.3354761E+01  0.1449899E+01  0.3152895E-04  0.3153345E-04  0.1277252E-04
   03  0.3376188E+01  0.1449900E+01  0.3437088E-04  0.3437529E-04  0.1414862E-04
   03  0.3397615E+01  0.1449901E+01  0.3681461E-04  0.3681957E-04  0.1545911E-04
   03  0.3419043E+01  0.1449903E+01  0.3887146E-04  0.3887616E-04  0.1670847E-04
   04  0.3440470E+01  0.1449904E+01  0.4474953E-04  0.4475682E-04  0.1805970E-04
   04  0.3447612E+01  0.1449905E+01  0.4502027E-04  0.4502802E-04  0.1863221E-04
   04  0.3454755E+01  0.1449905E+01  0.4507150E-04  0.4507975E-04  0.1906172E-04
   04  0.3461897E+01  0.1449905E+01  0.4489905E-04  0.4490782E-04  0.1941096E-04
   04  0.3469039E+01  0.1449906E+01  0.4449983E-04  0.4450885E-04  0.1971427E-04
   04  0.3476181E+01  0.1449906E+01  0.4395339E-04  0.4396270E-04  0.2002846E-04
   04  0.3483322E+01  0.1449906E+01  0.4332524E-04  0.4333478E-04  0.2036879E-04
   04  0.3490464E+01  0.1449907E+01  0.4263779E-04  0.4264767E-04  0.2071287E-04
   04  0.3497606E+01  0.1449907E+01  0.4191323E-04  0.4192314E-04  0.2104610E-04
   04  0.3504748E+01  0.1449907E+01  0.4118800E-04  0.4119803E-04  0.2136228E-04
   04  0.3511889E+01  0.1449908E+01  0.4047503E-04  0.4048523E-04  0.2164787E-04
   04  0.3519031E+01  0.1449908E+01  0.3979169E-04  0.3980220E-04  0.2189738E-04
   04  0.3526173E+01  0.1449908E+01  0.3912323E-04  0.3913410E-04  0.2209593E-04
   04  0.3533314E+01  0.1449908E+01  0.3841674E-04  0.3842805E-04  0.2221885E-04
   04  0.3540456E+01  0.1449908E+01  0.3753060E-04  0.3754223E-04  0.2221209E-04
   04  0.3547598E+01  0.1449908E+01  0.3629878E-04  0.3631041E-04  0.2201770E-04
   04  0.3554740E+01  0.1449908E+01  0.3446197E-04  0.3447338E-04  0.2153979E-04
   04  0.3561881E+01  0.1449907E+01  0.3161375E-04  0.3162480E-04  0.2063441E-04
   04  0.3569023E+01  0.1449905E+01  0.2737863E-04  0.2738905E-04  0.1918211E-04
   04  0.3576165E+01  0.1449903E+01  0.2099082E-04  0.2100034E-04  0.1689086E-04
   04  0.3583307E+01  0.1449900E+01  0.1205720E-04  0.1206515E-04  0.1364005E-04
   04  0.3590448E+01  0.1449895E+01 -0.5075935E-07 -0.4464344E-07  0.9198487E-05
   04  0.3596800E+01  0.1449890E+01 -0.1413489E-04 -0.1413091E-04  0.4012859E-05
   04  0.3603151E+01  0.1449883E+01 -0.3232061E-04 -0.3232025E-04 -0.2720254E-05
   04  0.3609503E+01  0.1449875E+01 -0.5531116E-04 -0.5531527E-04 -0.1127881E-04
   04  0.3615854E+01  0.1449864E+01 -0.8435456E-04 -0.8436433E-04 -0.2219819E-04
   04  0.3622206E+01  0.1449850E+01 -0.1208901E-03 -0.1209067E-03 -0.3606657E-04
   04  0.3628557E+01  0.1449833E+01 -0.1665104E-03 -0.1665356E-03 -0.5349020E-04
   04  0.3634909E+01  0.1449811E+01 -0.2228345E-03 -0.2228701E-03 -0.7510330E-04
   04  0.3641261E+01  0.1449784E+01 -0.2914893E-03 -0.2915371E-03 -0.1015406E-03
   04  0.3647612E+01  0.1449753E+01 -0.3741255E-03 -0.3741875E-03 -0.1334099E-03
   04  0.3653964E+01  0.1449715E+01 -0.4724034E-03 -0.4724814E-03 -0.1713252E-03
   04  0.3660315E+01  0.1449670E+01 -0.5879748E-03 -0.5880706E-03 -0.2159285E-03
   04  0.3666667E+01  0.1449618E+01 -0.7224851E-03 -0.7226001E-03 -0.2678763E-03
   04  0.3673807E+01  0.1449550E+01 -0.8987478E-03 -0.8988862E-03 -0.3359500E-03
   04  0.3680947E+01  0.1449471E+01 -0.1103401E-02 -0.1103565E-02 -0.4151166E-03
   04  0.3688088E+01  0.1449380E+01 -0.1338689E-02 -0.1338880E-02 -0.5063365E-03
   04  0.3695228E+01  0.1449275E+01 -0.1606767E-02 -0.1606987E-02 -0.6105325E-03
   04  0.3702368E+01  0.1449157E+01 -0.1909658E-02 -0.1909909E-02 -0.7285713E-03
   04  0.3709508E+01  0.1449025E+01 -0.2249199E-02 -0.2249483E-02 -0.8612618E-03
   04  0.3716649E+01  0.1448877E+01 -0.2627035E-02 -0.2627356E-02 -0.1009352E-02
   04  0.3723789E+01  0.1448712E+01 -0.3044626E-02 -0.3044986E-02 -0.1173528E-02
   04  0.3730929E+01  0.1448532E+01 -0.3503211E-02 -0.3503613E-02 -0.1354400E-02
   04  0.3738070E+01  0.1448334E+01 -0.4003744E-02 -0.4004190E-02 -0.1552481E-02
   04  0.3745210E+01  0.1448118E+01 -0.4546751E-02 -0.4547244E-02 -0.1768118E-02
   04  0.3752350E+01  0.1447885E+01 -0.5132115E-02 -0.5132657E-02 -0.2001404E-02
   04  0.3759491E+01  0.1447634E+01 -0.5758787E-02 -0.5759379E-02 -0.2252078E-02
   04  0.3766631E+01  0.1447367E+01 -0.6424483E-02 -0.6425124E-02 -0.2519412E-02
   04  0.3773771E+01  0.1447084E+01 -0.7125429E-02 -0.7126118E-02 -0.2802120E-02
   04  0.3780912E+01  0.1446788E+01 -0.7856200E-02 -0.7856933E-02 -0.3098299E-02
   04  0.3788052E+01  0.1446481E+01 -0.8609703E-02 -0.8610477E-02 -0.3405421E-02
   04  0.3795192E+01  0.1446166E+01 -0.9377341E-02 -0.9378150E-02 -0.3720391E-02
   04  0.3802333E+01  0.1445846E+01 -0.1014937E-01 -0.1015021E-01 -0.4039674E-02
   04  0.3809474E+01  0.1445527E+01 -0.1091521E-01 -0.1091607E-01 -0.4359398E-02
   04  0.3816614E+01  0.1445210E+01 -0.1166408E-01 -0.1166495E-01 -0.4675584E-02
   04  0.3823755E+01  0.1444902E+01 -0.1238548E-01 -0.1238636E-01 -0.4984380E-02
   04  0.3830896E+01  0.1444604E+01 -0.1306978E-01 -0.1307066E-01 -0.5282208E-02
   04  0.3838037E+01  0.1444320E+01 -0.1370866E-01 -0.1370953E-01 -0.5565718E-02
   04  0.3842797E+01  0.1444140E+01 -0.1410254E-01 -0.1410340E-01 -0.5746019E-02
   04  0.3847558E+01  0.1443968E+01 -0.1447101E-01 -0.1447186E-01 -0.5918258E-02
   04  0.3852318E+01  0.1443805E+01 -0.1481367E-01 -0.1481449E-01 -0.6081499E-02
   04  0.3857079E+01  0.1443651E+01 -0.1512941E-01 -0.1513021E-01 -0.6235327E-02
   04  0.3861839E+01  0.1443506E+01 -0.1541622E-01 -0.1541699E-01 -0.6379833E-02
   04  0.3866600E+01  0.1443371E+01 -0.1567316E-01 -0.1567389E-01 -0.6514753E-02
   04  0.3871360E+01  0.1443246E+01 -0.1590125E-01 -0.1590196E-01 -0.6639791E-02
   04  0.3876121E+01  0.1443131E+01 -0.1610179E-01 -0.1610246E-01 -0.6754546E-02
   04  0.3880882E+01  0.1443027E+01 -0.1627554E-01 -0.1627617E-01 -0.6858620E-02
   04  0.3886237E+01  0.1442923E+01 -0.1644137E-01 -0.1644196E-01 -0.6962987E-02
   04  0.3891593E+01  0.1442829E+01 -0.1657068E-01 -0.1657123E-01 -0.7057043E-02
   04  0.3896948E+01  0.1442744E+01 -0.1666637E-01 -0.1666689E-01 -0.7141534E-02
   04  0.3902304E+01  0.1442669E+01 -0.1673313E-01 -0.1673361E-01 -0.7217167E-02
   04  0.3907659E+01  0.1442601E+01 -0.1677499E-01 -0.1677543E-01 -0.7284643E-02
   04  0.3913015E+01  0.1442542E+01 -0.1679996E-01 -0.1680034E-01 -0.7343961E-02
   04  0.3918371E+01  0.1442488E+01 -0.1681296E-01 -0.1681330E-01 -0.7397709E-02
   04  0.3923726E+01  0.1442438E+01 -0.1681412E-01 -0.1681441E-01 -0.7448085E-02
   04  0.3930082E+01  0.1442381E+01 -0.1680303E-01 -0.1680326E-01 -0.7504846E-02
   04  0.3936438E+01  0.1442328E+01 -0.1677912E-01 -0.1677931E-01 -0.7558252E-02
   04  0.3942795E+01  0.1442278E+01 -0.1674448E-01 -0.1674460E-01 -0.7608046E-02
   04  0.3949151E+01  0.1442242E+01 -0.1667591E-01 -0.1667597E-01 -0.7643980E-02
   04  0.3955507E+01  0.1442238E+01 -0.1652787E-01 -0.1652784E-01 -0.7648386E-02
   04  0.3961863E+01  0.1442274E+01 -0.1628043E-01 -0.1628036E-01 -0.7611935E-02
   04  0.3968219E+01  0.1442411E+01 -0.1578003E-01 -0.1577991E-01 -0.7474928E-02
   04  0.3974575E+01  0.1442649E+01 -0.1500765E-01 -0.1500740E-01 -0.7236986E-02
   04  0.3980932E+01  0.1443033E+01 -0.1386177E-01 -0.1386133E-01 -0.6852805E-02
   04  0.3987288E+01  0.1443343E+01 -0.1290962E-01 -0.1290882E-01 -0.6543510E-02
   04  0.3993644E+01  0.1443572E+01 -0.1226259E-01 -0.1226145E-01 -0.6314060E-02
   04  0.4000000E+01  0.1444021E+01 -0.1048157E-01 -0.1047933E-01 -0.5864694E-02
   04  0.4007142E+01  0.1448564E+01  0.4407730E-02  0.4416957E-02 -0.1322460E-02
   04  0.4014284E+01  0.1474696E+01  0.1002957E+00  0.1003230E+00  0.2481001E-01
   04  0.4021426E+01  0.1556664E+01  0.4111209E+00  0.4112272E+00  0.1067785E+00
   04  0.4028568E+01  0.1750114E+01  0.1201659E+01  0.1201869E+01  0.3002281E+00
   04  0.4035710E+01  0.2082096E+01  0.2641971E+01  0.2642453E+01  0.6322096E+00
   04  0.4042852E+01  0.2504418E+01  0.4589141E+01  0.4589823E+01  0.1054532E+01
   04  0.4049994E+01  0.2840839E+01  0.6318165E+01  0.6319012E+01  0.1390953E+01
   04  0.4057136E+01  0.2980625E+01  0.7072857E+01  0.7073384E+01  0.1530739E+01
   04  0.4064278E+01  0.3002798E+01  0.7109590E+01  0.7109600E+01  0.1552912E+01
   04  0.4071420E+01  0.3014524E+01  0.7094746E+01  0.7094150E+01  0.1564638E+01
   04  0.4078562E+01  0.3024064E+01  0.7069660E+01  0.7068655E+01  0.1574178E+01
   04  0.4085704E+01  0.3032733E+01  0.7034332E+01  0.7032920E+01  0.1582847E+01
   04  0.4092846E+01  0.3040393E+01  0.6999676E+01  0.6997869E+01  0.1590507E+01
   04  0.4099988E+01  0.3048174E+01  0.6965546E+01  0.6963364E+01  0.1598288E+01
   04  0.4107130E+01  0.3056126E+01  0.6932810E+01  0.6930287E+01  0.1606239E+01
   04  0.4114272E+01  0.3064076E+01  0.6900229E+01  0.6897416E+01  0.1614190E+01
   04  0.4121414E+01  0.3071842E+01  0.6866190E+01  0.6863158E+01  0.1621956E+01
   04  0.4128556E+01  0.3079110E+01  0.6829168E+01  0.6825995E+01  0.1629224E+01
   04  0.4135697E+01  0.3085615E+01  0.6787677E+01  0.6784442E+01  0.1635729E+01
   04  0.4142839E+01  0.3091094E+01  0.6740103E+01  0.6736878E+01  0.1641207E+01
   04  0.4149980E+01  0.3095250E+01  0.6684784E+01  0.6681625E+01  0.1645364E+01
   04  0.4157121E+01  0.3097820E+01  0.6620222E+01  0.6617173E+01  0.1647934E+01
   04  0.4164263E+01  0.3098640E+01  0.6545569E+01  0.6542663E+01  0.1648754E+01
   04  0.4171404E+01  0.3097701E+01  0.6461001E+01  0.6458260E+01  0.1647815E+01
   04  0.4178546E+01  0.3095143E+01  0.6367640E+01  0.6365065E+01  0.1645257E+01
   04  0.4185687E+01  0.3091188E+01  0.6267070E+01  0.6264643E+01  0.1641302E+01
   04  0.4192828E+01  0.3086069E+01  0.6160820E+01  0.6158514E+01  0.1636183E+01
   04  0.4199970E+01  0.3079969E+01  0.6050082E+01  0.6047866E+01  0.1630083E+01
   04  0.4207111E+01  0.3073011E+01  0.5935662E+01  0.5933510E+01  0.1623125E+01
   04  0.4214252E+01  0.3065268E+01  0.5818066E+01  0.5815959E+01  0.1615382E+01
   04  0.4221394E+01  0.3056779E+01  0.5697618E+01  0.5695546E+01  0.1606893E+01
   04  0.4228535E+01  0.3047569E+01  0.5574555E+01  0.5572511E+01  0.1597683E+01
   04  0.4235677E+01  0.3037662E+01  0.5449083E+01  0.5447064E+01  0.1587776E+01
   04  0.4242818E+01  0.3027085E+01  0.5321399E+01  0.5319401E+01  0.1577199E+01
   04  0.4249959E+01  0.3015870E+01  0.5191695E+01  0.5189712E+01  0.1565984E+01
   04  0.4257101E+01  0.3004050E+01  0.5060157E+01  0.5058180E+01  0.1554164E+01
   04  0.4263453E+01  0.2993051E+01  0.4941775E+01  0.4939793E+01  0.1543165E+01
   04  0.4269806E+01  0.2981621E+01  0.4822195E+01  0.4820197E+01  0.1531735E+01
   04  0.4276159E+01  0.2969776E+01  0.4701518E+01  0.4699488E+01  0.1519890E+01
   04  0.4282512E+01  0.2957529E+01  0.4579834E+01  0.4577757E+01  0.1507643E+01
   04  0.4288864E+01  0.2944890E+01  0.4457227E+01  0.4455087E+01  0.1495004E+01
   04  0.4295217E+01  0.2931868E+01  0.4333779E+01  0.4331557E+01  0.1481982E+01
   04  0.4301570E+01  0.2918470E+01  0.4209569E+01  0.4207249E+01  0.1468584E+01
   04  0.4307922E+01  0.2904702E+01  0.4084680E+01  0.4082246E+01  0.1454816E+01
   04  0.4314275E+01  0.2890572E+01  0.3959200E+01  0.3956637E+01  0.1440686E+01
   04  0.4320628E+01  0.2876087E+01  0.3833224E+01  0.3830521E+01  0.1426201E+01
   04  0.4326981E+01  0.2861257E+01  0.3706854E+01  0.3704003E+01  0.1411371E+01
   04  0.4333333E+01  0.2846093E+01  0.3580206E+01  0.3577202E+01  0.1396207E+01
   04  0.4340474E+01  0.2828663E+01  0.3437609E+01  0.3434429E+01  0.1378777E+01
   04  0.4347614E+01  0.2810844E+01  0.3294993E+01  0.3291637E+01  0.1360958E+01
   04  0.4354755E+01  0.2792654E+01  0.3152547E+01  0.3149016E+01  0.1342768E+01
   04  0.4361895E+01  0.2774113E+01  0.3010464E+01  0.3006757E+01  0.1324227E+01
   04  0.4369036E+01  0.2755238E+01  0.2868931E+01  0.2865047E+01  0.1305352E+01
   04  0.4376176E+01  0.2736048E+01  0.2728129E+01  0.2724069E+01  0.1286162E+01
   04  0.4383317E+01  0.2716558E+01  0.2588231E+01  0.2583993E+01  0.1266672E+01
   04  0.4390457E+01  0.2696781E+01  0.2449396E+01  0.2444977E+01  0.1246895E+01
   04  0.4397598E+01  0.2676731E+01  0.2311771E+01  0.2307168E+01  0.1226845E+01
   04  0.4404738E+01  0.2656418E+01  0.2175485E+01  0.2170696E+01  0.1206532E+01
   04  0.4411879E+01  0.2635854E+01  0.2040656E+01  0.2035677E+01  0.1185968E+01
   04  0.4419019E+01  0.2615049E+01  0.1907383E+01  0.1902212E+01  0.1165163E+01
   04  0.4426160E+01  0.2594015E+01  0.1775753E+01  0.1770389E+01  0.1144129E+01
   04  0.4433300E+01  0.2572765E+01  0.1645837E+01  0.1640281E+01  0.1122879E+01
   04  0.4440441E+01  0.2551311E+01  0.1517694E+01  0.1511948E+01  0.1101425E+01
   04  0.4447581E+01  0.2529670E+01  0.1391369E+01  0.1385438E+01  0.1079784E+01
   04  0.4454722E+01  0.2507858E+01  0.1266895E+01  0.1260788E+01  0.1057972E+01
   04  0.4461862E+01  0.2485892E+01  0.1144297E+01  0.1138022E+01  0.1036006E+01
   04  0.4469003E+01  0.2463790E+01  0.1023578E+01  0.1017149E+01  0.1013903E+01
   04  0.4476144E+01  0.2441572E+01  0.9047527E+00  0.8981823E+00  0.9916862E+00
   04  0.4483285E+01  0.2419259E+01  0.7878161E+00  0.7811187E+00  0.9693734E+00
   04  0.4490426E+01  0.2396870E+01  0.6727545E+00  0.6659442E+00  0.9469835E+00
   04  0.4497567E+01  0.2374418E+01  0.5595389E+00  0.5526289E+00  0.9245324E+00
   04  0.4504708E+01  0.2351918E+01  0.4481211E+00  0.4411225E+00  0.9020316E+00
   04  0.4511849E+01  0.2329371E+01  0.3384179E+00  0.3313411E+00  0.8794845E+00
   04  0.4518990E+01  0.2306779E+01  0.2303173E+00  0.2231730E+00  0.8568935E+00
   04  0.4526131E+01  0.2284145E+01  0.1237186E+00  0.1165176E+00  0.8342591E+00
   04  0.4533272E+01  0.2261482E+01  0.1854675E-01  0.1128891E-01  0.8115958E+00
   04  0.4540413E+01  0.2238836E+01 -0.8504753E-01 -0.9237567E-01  0.7889499E+00
   04  0.4547554E+01  0.2216254E+01 -0.1869019E+00 -0.1943064E+00  0.7663676E+00
   04  0.4554695E+01  0.2193775E+01 -0.2869697E+00 -0.2944549E+00  0.7438893E+00
   04  0.4561836E+01  0.2171424E+01 -0.3853323E+00 -0.3928999E+00  0.7215383E+00
   04  0.4568977E+01  0.2149215E+01 -0.4820483E+00 -0.4897049E+00  0.6993289E+00
   04  0.4576118E+01  0.2127162E+01 -0.5771529E+00 -0.5849048E+00  0.6772762E+00
   04  0.4583259E+01  0.2105283E+01 -0.6706939E+00 -0.6785463E+00  0.6553969E+00
   04  0.4590400E+01  0.2083591E+01 -0.7627157E+00 -0.7706736E+00  0.6337055E+00
   04  0.4596755E+01  0.2064453E+01 -0.8432710E+00 -0.8513277E+00  0.6145665E+00
   04  0.4603111E+01  0.2045480E+01 -0.9226930E+00 -0.9308532E+00  0.5955942E+00
   04  0.4609466E+01  0.2026680E+01 -0.1001012E+01 -0.1009281E+01  0.5767944E+00
   04  0.4615822E+01  0.2008058E+01 -0.1078255E+01 -0.1086640E+01  0.5581719E+00
   04  0.4622178E+01  0.1989616E+01 -0.1154448E+01 -0.1162957E+01  0.5397297E+00
   04  0.4628533E+01  0.1971356E+01 -0.1229612E+01 -0.1238254E+01  0.5214699E+00
   04  0.4634889E+01  0.1953279E+01 -0.1303766E+01 -0.1312551E+01  0.5033934E+00
   04  0.4641244E+01  0.1935387E+01 -0.1376926E+01 -0.1385865E+01  0.4855005E+00
   04  0.4647600E+01  0.1917677E+01 -0.1449106E+01 -0.1458209E+01  0.4677906E+00
   04  0.4653955E+01  0.1900149E+01 -0.1520318E+01 -0.1529594E+01  0.4502626E+00
   04  0.4660311E+01  0.1882800E+01 -0.1590570E+01 -0.1600028E+01  0.4329144E+00
   04  0.4666667E+01  0.1865629E+01 -0.1659869E+01 -0.1669514E+01  0.4157434E+00
   04  0.4673808E+01  0.1846541E+01 -0.1736703E+01 -0.1746561E+01  0.3966549E+00
   04  0.4680950E+01  0.1827661E+01 -0.1812330E+01 -0.1822397E+01  0.3777751E+00
   04  0.4688091E+01  0.1808979E+01 -0.1886731E+01 -0.1897000E+01  0.3590927E+00
   04  0.4695232E+01  0.1790480E+01 -0.1959868E+01 -0.1970332E+01  0.3405939E+00
   04  0.4702374E+01  0.1772148E+01 -0.2031686E+01 -0.2042334E+01  0.3222621E+00
   04  0.4709515E+01  0.1753963E+01 -0.2102115E+01 -0.2112933E+01  0.3040770E+00
   04  0.4716657E+01  0.1735901E+01 -0.2171074E+01 -0.2182044E+01  0.2860148E+00
   04  0.4723798E+01  0.1717936E+01 -0.2238475E+01 -0.2249579E+01  0.2680504E+00
   04  0.4730940E+01  0.1700046E+01 -0.2304229E+01 -0.2315449E+01  0.2501596E+00
   04  0.4738081E+01  0.1682207E+01 -0.2368261E+01 -0.2379576E+01  0.2323211E+00
   04  0.4745223E+01  0.1664405E+01 -0.2430516E+01 -0.2441901E+01  0.2145189E+00
   04  0.4752364E+01  0.1646630E+01 -0.2490971E+01 -0.2502394E+01  0.1967439E+00
   04  0.4759505E+01  0.1628881E+01 -0.2549638E+01 -0.2561055E+01  0.1789947E+00
   04  0.4766647E+01  0.1611163E+01 -0.2606563E+01 -0.2617919E+01  0.1612770E+00
   04  0.4773788E+01  0.1593489E+01 -0.2661824E+01 -0.2673047E+01  0.1436026E+00
   04  0.4780930E+01  0.1575873E+01 -0.2715517E+01 -0.2726520E+01  0.1259866E+00
   04  0.4788071E+01  0.1558331E+01 -0.2767746E+01 -0.2778429E+01  0.1084450E+00
   04  0.4795213E+01  0.1540878E+01 -0.2818606E+01 -0.2828862E+01  0.9099188E-01
   04  0.4802354E+01  0.1523524E+01 -0.2868166E+01 -0.2877891E+01  0.7363749E-01
   04  0.4809495E+01  0.1506270E+01 -0.2916469E+01 -0.2925571E+01  0.5638360E-01
   04  0.4816636E+01  0.1489112E+01 -0.2963517E+01 -0.2971926E+01  0.3922609E-01
   04  0.4823776E+01  0.1472040E+01 -0.3009270E+01 -0.3016955E+01  0.2215421E-01
   04  0.4830917E+01  0.1455038E+01 -0.3053654E+01 -0.3060629E+01  0.5151712E-02
   04  0.4838058E+01  0.1438084E+01 -0.3096564E+01 -0.3102896E+01 -0.1180158E-01
   04  0.4845199E+01  0.1421158E+01 -0.3137876E+01 -0.3143690E+01 -0.2872811E-01
   04  0.4852340E+01  0.1404235E+01 -0.3177454E+01 -0.3182927E+01 -0.4565115E-01
   04  0.4859481E+01  0.1387292E+01 -0.3215160E+01 -0.3220514E+01 -0.6259357E-01
   04  0.4866622E+01  0.1370309E+01 -0.3250863E+01 -0.3256349E+01 -0.7957668E-01
   04  0.4873763E+01  0.1353267E+01 -0.3284448E+01 -0.3290326E+01 -0.9661888E-01
   04  0.4880904E+01  0.1336152E+01 -0.3315829E+01 -0.3322348E+01 -0.1137339E+00
   04  0.4888045E+01  0.1318958E+01 -0.3344962E+01 -0.3352335E+01 -0.1309282E+00
   04  0.4895186E+01  0.1301687E+01 -0.3371860E+01 -0.3380244E+01 -0.1481989E+00
   04  0.4902327E+01  0.1284356E+01 -0.3396605E+01 -0.3406082E+01 -0.1655304E+00
   04  0.4909468E+01  0.1266993E+01 -0.3419357E+01 -0.3429922E+01 -0.1828935E+00
   04  0.4916609E+01  0.1249641E+01 -0.3440354E+01 -0.3451908E+01 -0.2002449E+00
   04  0.4923750E+01  0.1232357E+01 -0.3459898E+01 -0.3472254E+01 -0.2175295E+00
   04  0.4930104E+01  0.1217082E+01 -0.3476265E+01 -0.3489112E+01 -0.2328041E+00
   04  0.4936458E+01  0.1201954E+01 -0.3492000E+01 -0.3505081E+01 -0.2479320E+00
   04  0.4942812E+01  0.1187012E+01 -0.3507318E+01 -0.3520348E+01 -0.2628739E+00
   04  0.4949167E+01  0.1172285E+01 -0.3522382E+01 -0.3535067E+01 -0.2776012E+00
   04  0.4955521E+01  0.1157787E+01 -0.3537271E+01 -0.3549328E+01 -0.2920994E+00
   04  0.4961875E+01  0.1143514E+01 -0.3551970E+01 -0.3563147E+01 -0.3063716E+00
   04  0.4968229E+01  0.1129430E+01 -0.3566449E+01 -0.3576026E+01 -0.3204561E+00
   04  0.4974583E+01  0.1115116E+01 -0.3578805E+01 -0.3587269E+01 -0.3347699E+00
   04  0.4980937E+01  0.1100317E+01 -0.3590960E+01 -0.3595449E+01 -0.3495692E+00
   04  0.4984115E+01  0.1093560E+01 -0.3597630E+01 -0.3601055E+01 -0.3563264E+00
   04  0.4987292E+01  0.1086808E+01 -0.3603959E+01 -0.3606411E+01 -0.3630776E+00
   04  0.4990469E+01  0.1080064E+01 -0.3609912E+01 -0.3611467E+01 -0.3698222E+00
   04  0.4993646E+01  0.1072291E+01 -0.3612098E+01 -0.3613323E+01 -0.3775950E+00
   04  0.4996823E+01  0.1066078E+01 -0.3619659E+01 -0.3620109E+01 -0.3838077E+00
   04  0.5000000E+01  0.1059486E+01 -0.3624641E+01 -0.3624738E+01 -0.3903995E+00
   04  0.5005356E+01  0.1048368E+01 -0.3632236E+01 -0.3631699E+01 -0.4015185E+00
   04  0.5010711E+01  0.1036849E+01 -0.3636922E+01 -0.3636148E+01 -0.4130365E+00
   04  0.5016067E+01  0.1025215E+01 -0.3639838E+01 -0.3639073E+01 -0.4246710E+00
   04  0.5021422E+01  0.1013535E+01 -0.3641280E+01 -0.3640785E+01 -0.4363511E+00
   04  0.5026778E+01  0.1001862E+01 -0.3641555E+01 -0.3641547E+01 -0.4480242E+00
   04  0.5032133E+01  0.9902282E+00 -0.3640880E+01 -0.3641524E+01 -0.4596578E+00
   04  0.5037489E+01  0.9786522E+00 -0.3639396E+01 -0.3640815E+01 -0.4712338E+00
   04  0.5042844E+01  0.9671443E+00 -0.3637200E+01 -0.3639476E+01 -0.4827417E+00
   04  0.5049985E+01  0.9519211E+00 -0.3633473E+01 -0.3636936E+01 -0.4979649E+00
   04  0.5057125E+01  0.9368412E+00 -0.3628730E+01 -0.3633385E+01 -0.5130449E+00
   04  0.5064266E+01  0.9219140E+00 -0.3623061E+01 -0.3628864E+01 -0.5279720E+00
   04  0.5071407E+01  0.9071527E+00 -0.3616580E+01 -0.3623432E+01 -0.5427333E+00
   04  0.5078547E+01  0.8925703E+00 -0.3609410E+01 -0.3617160E+01 -0.5573158E+00
   04  0.5085688E+01  0.8781765E+00 -0.3601656E+01 -0.3610116E+01 -0.5717096E+00
   04  0.5092829E+01  0.8639717E+00 -0.3593365E+01 -0.3602327E+01 -0.5859143E+00
   04  0.5099969E+01  0.8499390E+00 -0.3584481E+01 -0.3593725E+01 -0.5999470E+00
   04  0.5107110E+01  0.8360391E+00 -0.3574809E+01 -0.3584111E+01 -0.6138470E+00
   04  0.5109490E+01  0.8314277E+00 -0.3571224E+01 -0.3580504E+01 -0.6184583E+00
   04  0.5111871E+01  0.8268220E+00 -0.3567506E+01 -0.3576735E+01 -0.6230641E+00
   04  0.5114251E+01  0.8222191E+00 -0.3563639E+01 -0.3572791E+01 -0.6276669E+00
   04  0.5116631E+01  0.8176166E+00 -0.3559607E+01 -0.3568658E+01 -0.6322694E+00
   04  0.5119011E+01  0.8130119E+00 -0.3555396E+01 -0.3564322E+01 -0.6368741E+00
   04  0.5121392E+01  0.8084028E+00 -0.3550992E+01 -0.3559769E+01 -0.6414832E+00
   04  0.5123772E+01  0.8037872E+00 -0.3546382E+01 -0.3554989E+01 -0.6460989E+00
   04  0.5126152E+01  0.7991632E+00 -0.3541554E+01 -0.3549971E+01 -0.6507228E+00
   04  0.5128532E+01  0.7945294E+00 -0.3536498E+01 -0.3544709E+01 -0.6553566E+00
   04  0.5135673E+01  0.7805667E+00 -0.3520314E+01 -0.3527835E+01 -0.6693193E+00
   04  0.5142814E+01  0.7664969E+00 -0.3501892E+01 -0.3508668E+01 -0.6833891E+00
   04  0.5149955E+01  0.7523278E+00 -0.3481233E+01 -0.3487286E+01 -0.6975582E+00
   04  0.5157096E+01  0.7380790E+00 -0.3458410E+01 -0.3463833E+01 -0.7118070E+00
   04  0.5164237E+01  0.7237726E+00 -0.3433519E+01 -0.3438460E+01 -0.7261134E+00
   04  0.5171378E+01  0.7094270E+00 -0.3406644E+01 -0.3411280E+01 -0.7404591E+00
   04  0.5174948E+01  0.7022402E+00 -0.3392323E+01 -0.3396870E+01 -0.7476459E+00
   04  0.5178519E+01  0.6950476E+00 -0.3377529E+01 -0.3382028E+01 -0.7548384E+00
   04  0.5182089E+01  0.6878503E+00 -0.3362270E+01 -0.3366757E+01 -0.7620358E+00
   04  0.5185660E+01  0.6806494E+00 -0.3346556E+01 -0.3351064E+01 -0.7692367E+00
   04  0.5189230E+01  0.6734470E+00 -0.3330405E+01 -0.3334957E+01 -0.7764390E+00
   04  0.5192800E+01  0.6662464E+00 -0.3313840E+01 -0.3318455E+01 -0.7836397E+00
   04  0.5196371E+01  0.6590518E+00 -0.3296895E+01 -0.3301583E+01 -0.7908342E+00
   04  0.5199941E+01  0.6518690E+00 -0.3279612E+01 -0.3284378E+01 -0.7980170E+00
   04  0.5203512E+01  0.6447050E+00 -0.3262041E+01 -0.3266883E+01 -0.8051810E+00
   04  0.5207082E+01  0.6375677E+00 -0.3244239E+01 -0.3249151E+01 -0.8123183E+00
   04  0.5210653E+01  0.6304656E+00 -0.3226267E+01 -0.3231237E+01 -0.8194204E+00
   04  0.5214223E+01  0.6234071E+00 -0.3208185E+01 -0.3213200E+01 -0.8264789E+00
   04  0.5219579E+01  0.6129185E+00 -0.3181093E+01 -0.3186140E+01 -0.8369675E+00
   04  0.5224935E+01  0.6025625E+00 -0.3154008E+01 -0.3159043E+01 -0.8473235E+00
   04  0.5230290E+01  0.5923466E+00 -0.3126989E+01 -0.3131969E+01 -0.8575394E+00
   04  0.5235646E+01  0.5822646E+00 -0.3099995E+01 -0.3104882E+01 -0.8676215E+00
   04  0.5241002E+01  0.5722957E+00 -0.3072881E+01 -0.3077646E+01 -0.8775903E+00
   04  0.5246357E+01  0.5624084E+00 -0.3045418E+01 -0.3050044E+01 -0.8874776E+00
   04  0.5247696E+01  0.5599455E+00 -0.3038405E+01 -0.3042999E+01 -0.8899406E+00
   04  0.5249035E+01  0.5574846E+00 -0.3031349E+01 -0.3035911E+01 -0.8924014E+00
   04  0.5250374E+01  0.5550253E+00 -0.3024243E+01 -0.3028774E+01 -0.8948608E+00
   04  0.5251713E+01  0.5525667E+00 -0.3017085E+01 -0.3021585E+01 -0.8973193E+00
   04  0.5253052E+01  0.5501085E+00 -0.3009868E+01 -0.3014338E+01 -0.8997775E+00
   04  0.5254391E+01  0.5476500E+00 -0.3002590E+01 -0.3007030E+01 -0.9022360E+00
   04  0.5255730E+01  0.5451908E+00 -0.2995246E+01 -0.2999656E+01 -0.9046953E+00
   04  0.5257069E+01  0.5427302E+00 -0.2987831E+01 -0.2992214E+01 -0.9071558E+00
   04  0.5263424E+01  0.5310238E+00 -0.2951957E+01 -0.2956203E+01 -0.9188622E+00
   04  0.5269779E+01  0.5192543E+00 -0.2914177E+01 -0.2918327E+01 -0.9306317E+00
   04  0.5276135E+01  0.5074206E+00 -0.2874424E+01 -0.2878525E+01 -0.9424655E+00
   04  0.5282490E+01  0.4955487E+00 -0.2832838E+01 -0.2836929E+01 -0.9543373E+00
   04  0.5288846E+01  0.4836843E+00 -0.2789713E+01 -0.2793813E+01 -0.9662017E+00
   04  0.5295201E+01  0.4718803E+00 -0.2745414E+01 -0.2749522E+01 -0.9780057E+00
   04  0.5301556E+01  0.4601852E+00 -0.2700292E+01 -0.2704379E+01 -0.9897008E+00
   04  0.5307912E+01  0.4486323E+00 -0.2654601E+01 -0.2658621E+01 -0.1001254E+01
   04  0.5314267E+01  0.4372343E+00 -0.2608454E+01 -0.2612351E+01 -0.1012652E+01
   04  0.5320623E+01  0.4259829E+00 -0.2561813E+01 -0.2565532E+01 -0.1023903E+01
   04  0.5326978E+01  0.4148532E+00 -0.2514511E+01 -0.2518011E+01 -0.1035033E+01
   04  0.5333333E+01  0.4038096E+00 -0.2466304E+01 -0.2469565E+01 -0.1046076E+01
   04  0.5340474E+01  0.3914548E+00 -0.2410773E+01 -0.2413767E+01 -0.1058431E+01
   04  0.5347615E+01  0.3791086E+00 -0.2353399E+01 -0.2356160E+01 -0.1070777E+01
   04  0.5354756E+01  0.3667282E+00 -0.2293906E+01 -0.2296481E+01 -0.1083158E+01
   04  0.5361897E+01  0.3542802E+00 -0.2232110E+01 -0.2234546E+01 -0.1095606E+01
   04  0.5369038E+01  0.3417398E+00 -0.2167919E+01 -0.2170247E+01 -0.1108146E+01
   04  0.5376179E+01  0.3290919E+00 -0.2101328E+01 -0.2103555E+01 -0.1120794E+01
   04  0.5383320E+01  0.3163346E+00 -0.2032436E+01 -0.2034546E+01 -0.1133551E+01
   04  0.5390460E+01  0.3034868E+00 -0.1961482E+01 -0.1963448E+01 -0.1146399E+01
   04  0.5397601E+01  0.2905982E+00 -0.1888906E+01 -0.1890700E+01 -0.1159288E+01
   04  0.5404742E+01  0.2777560E+00 -0.1815374E+01 -0.1816982E+01 -0.1172130E+01
   04  0.5411883E+01  0.2650781E+00 -0.1741736E+01 -0.1743164E+01 -0.1184808E+01
   04  0.5419024E+01  0.2526850E+00 -0.1668831E+01 -0.1670106E+01 -0.1197201E+01
   04  0.5426165E+01  0.2406522E+00 -0.1597164E+01 -0.1598325E+01 -0.1209234E+01
   04  0.5433306E+01  0.2289639E+00 -0.1526593E+01 -0.1527684E+01 -0.1220922E+01
   04  0.5440447E+01  0.2174942E+00 -0.1456213E+01 -0.1457270E+01 -0.1232392E+01
   04  0.5447588E+01  0.2060294E+00 -0.1384564E+01 -0.1385593E+01 -0.1243857E+01
   04  0.5454728E+01  0.1943784E+00 -0.1310333E+01 -0.1311385E+01 -0.1255508E+01
   04  0.5461869E+01  0.1825041E+00 -0.1233396E+01 -0.1234393E+01 -0.1267382E+01
   04  0.5469010E+01  0.1712298E+00 -0.1159397E+01 -0.1159410E+01 -0.1278656E+01
   04  0.5476151E+01  0.1621618E+00 -0.1097504E+01 -0.1097975E+01 -0.1287724E+01
   04  0.5483291E+01  0.1569472E+00 -0.1059308E+01 -0.1060922E+01 -0.1292939E+01
   04  0.5490432E+01  0.1508782E+00 -0.1016763E+01 -0.1016727E+01 -0.1299008E+01
   04  0.5497573E+01  0.1438584E+00 -0.9656200E+00 -0.9662882E+00 -0.1306028E+01
   04  0.5504713E+01  0.1378927E+00 -0.9191715E+00 -0.9190444E+00 -0.1311993E+01
   04  0.5511854E+01  0.1332544E+00 -0.8816805E+00 -0.8795126E+00 -0.1316632E+01
   04  0.5518995E+01  0.1149905E+00 -0.7622270E+00 -0.7596076E+00 -0.1334896E+01
   04  0.5526135E+01  0.6471247E-01 -0.4246968E+00 -0.4232389E+00 -0.1385174E+01
   04  0.5531491E+01  0.3133771E-01 -0.1986585E+00 -0.1977504E+00 -0.1418548E+01
   04  0.5536846E+01  0.1257080E-01 -0.7172104E-01 -0.7127797E-01 -0.1437315E+01
   04  0.5542202E+01  0.5256422E-02 -0.2224479E-01 -0.2207724E-01 -0.1444630E+01
   04  0.5547557E+01  0.3011657E-02 -0.8024280E-02 -0.7936776E-02 -0.1446874E+01
   04  0.5552913E+01  0.2253786E-02 -0.3515683E-02 -0.3467211E-02 -0.1447632E+01
   04  0.5558268E+01  0.2045412E-02 -0.2371659E-02 -0.2347419E-02 -0.1447841E+01
   04  0.5563624E+01  0.1919949E-02 -0.1814416E-02 -0.1800281E-02 -0.1447966E+01
   04  0.5568979E+01  0.1828622E-02 -0.1485542E-02 -0.1476470E-02 -0.1448057E+01
   04  0.5574334E+01  0.1750636E-02 -0.1271176E-02 -0.1261904E-02 -0.1448135E+01
   04  0.5579690E+01  0.1706118E-02 -0.1131101E-02 -0.1126060E-02 -0.1448180E+01
   04  0.5585045E+01  0.1683855E-02 -0.1047228E-02 -0.1046012E-02 -0.1448202E+01
   04  0.5590401E+01  0.1682729E-02 -0.1001848E-02 -0.1003859E-02 -0.1448203E+01
   04  0.5596756E+01  0.1698625E-02 -0.9758244E-03 -0.9810457E-03 -0.1448187E+01
   04  0.5603112E+01  0.1718523E-02 -0.9640520E-03 -0.9717958E-03 -0.1448168E+01
   04  0.5609467E+01  0.1712388E-02 -0.9407589E-03 -0.9467270E-03 -0.1448174E+01
   04  0.5615823E+01  0.1709350E-02 -0.9495329E-03 -0.9463163E-03 -0.1448177E+01
   04  0.5622178E+01  0.1716635E-02 -0.9721966E-03 -0.9676820E-03 -0.1448169E+01
   04  0.5628534E+01  0.1737822E-02 -0.1001419E-02 -0.9956021E-03 -0.1448148E+01
   04  0.5634889E+01  0.1763748E-02 -0.1028812E-02 -0.1021012E-02 -0.1448122E+01
   04  0.5641245E+01  0.1812359E-02 -0.1054338E-02 -0.1045544E-02 -0.1448074E+01
   04  0.5647600E+01  0.1899052E-02 -0.1073414E-02 -0.1065911E-02 -0.1447987E+01
   04  0.5653956E+01  0.2173833E-02 -0.1309624E-02 -0.1298701E-02 -0.1399076E+01
   04  0.5660311E+01  0.2842216E-02 -0.1632871E-02 -0.1635520E-02 -0.1447044E+01
   04  0.5666667E+01  0.4812590E-02 -0.5230751E-02 -0.5230240E-02 -0.1396437E+01
   04  0.5673807E+01  0.7381511E-02 -0.9908970E-02 -0.9895178E-02 -0.1393868E+01
   04  0.5680947E+01  0.1653615E-01  0.9805251E-02  0.9757022E-02 -0.1433350E+01
   04  0.5688088E+01  0.3290718E-01  0.4195406E-01  0.4192910E-01 -0.1416979E+01
   04  0.5695228E+01  0.5350209E-01  0.9049329E-01  0.9044708E-01 -0.1396384E+01
   04  0.5702368E+01  0.8867225E-01  0.1768266E+00  0.1767424E+00 -0.1361214E+01
   04  0.5709508E+01  0.1422391E+00  0.3084423E+00  0.3083650E+00 -0.1307647E+01
   04  0.5716649E+01  0.2081065E+00  0.4810919E+00  0.4800126E+00 -0.1241780E+01
   04  0.5723789E+01  0.2839887E+00  0.6816682E+00  0.6807579E+00 -0.1165897E+01
   04  0.5730929E+01  0.3405054E+00  0.8390957E+00  0.8389905E+00 -0.1109381E+01
   04  0.5738070E+01  0.3854634E+00  0.9545781E+00  0.9548146E+00 -0.1064423E+01
   04  0.5745210E+01  0.4159260E+00  0.1022661E+01  0.1023853E+01 -0.1033960E+01
   04  0.5752350E+01  0.4391505E+00  0.1057770E+01  0.1059766E+01 -0.1010736E+01
   04  0.5759491E+01  0.4577508E+00  0.1078488E+01  0.1080816E+01 -0.9921352E+00
   04  0.5766631E+01  0.4763217E+00  0.1093245E+01  0.1095715E+01 -0.9735643E+00
   04  0.5773771E+01  0.4944493E+00  0.1105788E+01  0.1108381E+01 -0.9554367E+00
   04  0.5780911E+01  0.5104680E+00  0.1113878E+01  0.1117355E+01 -0.9394180E+00
   04  0.5788052E+01  0.5277892E+00  0.1125730E+01  0.1128817E+01 -0.9220968E+00
   04  0.5795192E+01  0.5455011E+00  0.1142949E+01  0.1136669E+01 -0.9043850E+00
   04  0.5799476E+01  0.5519032E+00  0.1150505E+01  0.1143695E+01 -0.8979828E+00
   04  0.5803761E+01  0.5587174E+00  0.1160322E+01  0.1151832E+01 -0.8911686E+00
   04  0.5808045E+01  0.5659679E+00  0.1172252E+01  0.1160279E+01 -0.8839181E+00
   04  0.5812329E+01  0.5813813E+00  0.1190733E+01  0.1176598E+01 -0.8685047E+00
   04  0.5816613E+01  0.5972815E+00  0.1209846E+01  0.1192298E+01 -0.8526045E+00
   04  0.5820183E+01  0.6106135E+00  0.1224710E+01  0.1204140E+01 -0.8392726E+00
   04  0.5823753E+01  0.6239694E+00  0.1238892E+01  0.1214657E+01 -0.8259166E+00
   04  0.5827324E+01  0.6371666E+00  0.1251712E+01  0.1224030E+01 -0.8127194E+00
   04  0.5832679E+01  0.6528840E+00  0.1265323E+01  0.1234315E+01 -0.7970020E+00
   04  0.5838034E+01  0.6676686E+00  0.1275666E+01  0.1243038E+01 -0.7822175E+00
   04  0.5842318E+01  0.6790162E+00  0.1282063E+01  0.1249039E+01 -0.7708698E+00
   04  0.5846603E+01  0.6900920E+00  0.1287092E+01  0.1253897E+01 -0.7597940E+00
   04  0.5850887E+01  0.7008780E+00  0.1290517E+01  0.1258023E+01 -0.7490081E+00
   04  0.5855171E+01  0.7114547E+00  0.1292537E+01  0.1261699E+01 -0.7384313E+00
   04  0.5859455E+01  0.7220211E+00  0.1293869E+01  0.1264963E+01 -0.7278649E+00
   04  0.5863025E+01  0.7308040E+00  0.1294359E+01  0.1267283E+01 -0.7190821E+00
   04  0.5866596E+01  0.7395565E+00  0.1294385E+01  0.1269271E+01 -0.7103296E+00
   04  0.5870166E+01  0.7482625E+00  0.1293965E+01  0.1270885E+01 -0.7016236E+00
   04  0.5873736E+01  0.7569038E+00  0.1293129E+01  0.1272055E+01 -0.6929822E+00
   04  0.5877306E+01  0.7654828E+00  0.1291953E+01  0.1272740E+01 -0.6844032E+00
   04  0.5880876E+01  0.7740110E+00  0.1290493E+01  0.1273014E+01 -0.6758751E+00
   04  0.5886231E+01  0.7867191E+00  0.1288065E+01  0.1272834E+01 -0.6631669E+00
   04  0.5891587E+01  0.7992508E+00  0.1284886E+01  0.1271568E+01 -0.6506352E+00
   04  0.5896942E+01  0.8115730E+00  0.1280872E+01  0.1269175E+01 -0.6383130E+00
   04  0.5902297E+01  0.8236647E+00  0.1275960E+01  0.1265676E+01 -0.6262213E+00
   04  0.5907653E+01  0.8355139E+00  0.1270129E+01  0.1261083E+01 -0.6143721E+00
   04  0.5913008E+01  0.8471223E+00  0.1263395E+01  0.1255411E+01 -0.6027638E+00
   04  0.5918363E+01  0.8585036E+00  0.1255809E+01  0.1248739E+01 -0.5913824E+00
   04  0.5923718E+01  0.8696813E+00  0.1247447E+01  0.1241204E+01 -0.5802048E+00
   04  0.5930075E+01  0.8827378E+00  0.1236805E+01  0.1231424E+01 -0.5671482E+00
   04  0.5936432E+01  0.8955973E+00  0.1225331E+01  0.1220874E+01 -0.5542888E+00
   04  0.5942789E+01  0.9083153E+00  0.1213198E+01  0.1209786E+01 -0.5415707E+00
   04  0.5949146E+01  0.9209446E+00  0.1200576E+01  0.1198361E+01 -0.5289414E+00
   04  0.5955502E+01  0.9335313E+00  0.1187621E+01  0.1186750E+01 -0.5163548E+00
   04  0.5961859E+01  0.9461132E+00  0.1174477E+01  0.1175058E+01 -0.5037729E+00
   04  0.5968216E+01  0.9587185E+00  0.1161263E+01  0.1163344E+01 -0.4911675E+00
   04  0.5974573E+01  0.9713667E+00  0.1148077E+01  0.1151625E+01 -0.4785193E+00
   04  0.5980930E+01  0.9840706E+00  0.1135000E+01  0.1139895E+01 -0.4658154E+00
   04  0.5987286E+01  0.9968386E+00  0.1122097E+01  0.1128137E+01 -0.4530474E+00
   04  0.5993643E+01  0.1009675E+01  0.1109417E+01  0.1116324E+01 -0.4402106E+00
   04  0.6000000E+01  0.1022581E+01  0.1096989E+01  0.1104432E+01 -0.4273050E+00
   04  0.6007140E+01  0.1037158E+01  0.1083431E+01  0.1091022E+01 -0.4127277E+00
   04  0.6014281E+01  0.1051795E+01  0.1070154E+01  0.1077434E+01 -0.3980911E+00
   04  0.6021421E+01  0.1066459E+01  0.1057071E+01  0.1063607E+01 -0.3834273E+00
   04  0.6028561E+01  0.1081110E+01  0.1044066E+01  0.1049484E+01 -0.3687759E+00
   04  0.6035701E+01  0.1095705E+01  0.1031003E+01  0.1035017E+01 -0.3541812E+00
   04  0.6042842E+01  0.1110196E+01  0.1017736E+01  0.1020168E+01 -0.3396897E+00
   04  0.6049982E+01  0.1124538E+01  0.1004123E+01  0.1004914E+01 -0.3253481E+00
   04  0.6057122E+01  0.1138686E+01  0.9900379E+00  0.9892433E+00 -0.3112001E+00
   04  0.6064263E+01  0.1152603E+01  0.9753827E+00  0.9731510E+00 -0.2972825E+00
   04  0.6071403E+01  0.1166264E+01  0.9600971E+00  0.9566412E+00 -0.2836217E+00
   04  0.6078543E+01  0.1179655E+01  0.9441609E+00  0.9397271E+00 -0.2702311E+00
   04  0.6085683E+01  0.1192776E+01  0.9275929E+00  0.9224320E+00 -0.2571097E+00
   04  0.6092824E+01  0.1205644E+01  0.9104459E+00  0.9047887E+00 -0.2442424E+00
   04  0.6099964E+01  0.1218285E+01  0.8927999E+00  0.8868399E+00 -0.2316011E+00
   04  0.6107104E+01  0.1230740E+01  0.8747531E+00  0.8686395E+00 -0.2191461E+00
   04  0.6114244E+01  0.1243053E+01  0.8564149E+00  0.8502389E+00 -0.2068326E+00
   04  0.6121385E+01  0.1255274E+01  0.8378971E+00  0.8316871E+00 -0.1946121E+00
   04  0.6128525E+01  0.1267457E+01  0.8192839E+00  0.8130775E+00 -0.1824292E+00
   04  0.6135665E+01  0.1279659E+01  0.8006588E+00  0.7944856E+00 -0.1702270E+00
   04  0.6142805E+01  0.1291927E+01  0.7821181E+00  0.7759311E+00 -0.1579586E+00
   04  0.6149946E+01  0.1304331E+01  0.7636668E+00  0.7575605E+00 -0.1455547E+00
   04  0.6157086E+01  0.1316904E+01  0.7453065E+00  0.7394173E+00 -0.1329821E+00
   04  0.6164226E+01  0.1329642E+01  0.7270571E+00  0.7214273E+00 -0.1202439E+00
   04  0.6171366E+01  0.1342533E+01  0.7089410E+00  0.7035374E+00 -0.1073530E+00
   04  0.6178506E+01  0.1355594E+01  0.6909622E+00  0.6858373E+00 -0.9429232E-01
   04  0.6185646E+01  0.1368817E+01  0.6731054E+00  0.6683556E+00 -0.8106914E-01
   04  0.6192787E+01  0.1382189E+01  0.6552039E+00  0.6511481E+00 -0.6769668E-01
   04  0.6199927E+01  0.1395647E+01  0.6373608E+00  0.6340441E+00 -0.5423950E-01
   04  0.6207067E+01  0.1409145E+01  0.6195993E+00  0.6169819E+00 -0.4074150E-01
   04  0.6214207E+01  0.1422636E+01  0.6020135E+00  0.5998997E+00 -0.2725045E-01
   04  0.6221347E+01  0.1436084E+01  0.5846156E+00  0.5828280E+00 -0.1380216E-01
   04  0.6228487E+01  0.1449454E+01  0.5673774E+00  0.5658362E+00 -0.4322875E-03
   04  0.6235627E+01  0.1462716E+01  0.5502029E+00  0.5489557E+00  0.1283040E-01
   04  0.6242768E+01  0.1475862E+01  0.5330575E+00  0.5322010E+00  0.2597618E-01
   04  0.6249908E+01  0.1488845E+01  0.5159277E+00  0.5153887E+00  0.3895924E-01
   04  0.6257048E+01  0.1501622E+01  0.4987788E+00  0.4984026E+00  0.5173588E-01
   04  0.6263405E+01  0.1512752E+01  0.4832718E+00  0.4829344E+00  0.6286601E-01
   04  0.6269762E+01  0.1523574E+01  0.4671596E+00  0.4670020E+00  0.7368803E-01
   04  0.6276119E+01  0.1534076E+01  0.4507257E+00  0.4507053E+00  0.8419040E-01
   04  0.6282476E+01  0.1544205E+01  0.4338032E+00  0.4339083E+00  0.9431922E-01
   04  0.6288834E+01  0.1553961E+01  0.4164447E+00  0.4165691E+00  0.1040754E+00
   04  0.6295191E+01  0.1563295E+01  0.3987006E+00  0.3985893E+00  0.1134091E+00
   04  0.6301548E+01  0.1572137E+01  0.3805778E+00  0.3796688E+00  0.1222510E+00
   04  0.6307905E+01  0.1580403E+01  0.3619528E+00  0.3596471E+00  0.1305166E+00
   04  0.6314262E+01  0.1587969E+01  0.3422482E+00  0.3384499E+00  0.1380825E+00
   04  0.6320619E+01  0.1594783E+01  0.3213129E+00  0.3161403E+00  0.1448966E+00
   04  0.6326976E+01  0.1600859E+01  0.2991869E+00  0.2926268E+00  0.1509725E+00
   04  0.6333333E+01  0.1606342E+01  0.2759796E+00  0.2685248E+00  0.1564557E+00
   04  0.6340473E+01  0.1611958E+01  0.2490289E+00  0.2411776E+00  0.1620724E+00
   04  0.6347613E+01  0.1617224E+01  0.2218516E+00  0.2137700E+00  0.1673382E+00
   04  0.6354753E+01  0.1622253E+01  0.1946996E+00  0.1865345E+00  0.1723674E+00
   04  0.6361893E+01  0.1627143E+01  0.1677894E+00  0.1596494E+00  0.1772565E+00
   04  0.6369033E+01  0.1631967E+01  0.1412935E+00  0.1332325E+00  0.1820810E+00
   04  0.6376173E+01  0.1636782E+01  0.1153399E+00  0.1073495E+00  0.1868957E+00
   04  0.6383313E+01  0.1641624E+01  0.9000864E-01  0.8202577E-01  0.1917375E+00
   04  0.6390453E+01  0.1646511E+01  0.6532402E-01  0.5726279E-01  0.1966251E+00
   04  0.6397593E+01  0.1651450E+01  0.4129021E-01  0.3304047E-01  0.2015639E+00
   04  0.6404733E+01  0.1656433E+01  0.1789852E-01  0.9345189E-02  0.2065473E+00
   04  0.6411873E+01  0.1661446E+01 -0.4868198E-02 -0.1382637E-01  0.2115605E+00
   04  0.6419013E+01  0.1666468E+01 -0.2703748E-01 -0.3648359E-01  0.2165815E+00
   04  0.6426153E+01  0.1671471E+01 -0.4863544E-01 -0.5862834E-01  0.2215847E+00
   04  0.6433293E+01  0.1676428E+01 -0.6968014E-01 -0.8024688E-01  0.2265417E+00
   04  0.6440432E+01  0.1681306E+01 -0.9017630E-01 -0.1013134E+00  0.2314203E+00
   04  0.6447572E+01  0.1686070E+01 -0.1101102E+00 -0.1217840E+00  0.2361835E+00
   04  0.6454712E+01  0.1690676E+01 -0.1294480E+00 -0.1415973E+00  0.2407902E+00
   04  0.6461852E+01  0.1695080E+01 -0.1481335E+00 -0.1606768E+00  0.2451938E+00
   04  0.6468992E+01  0.1699229E+01 -0.1660978E+00 -0.1789343E+00  0.2493431E+00
   04  0.6476132E+01  0.1703070E+01 -0.1832630E+00 -0.1962834E+00  0.2531843E+00
   04  0.6483272E+01  0.1706550E+01 -0.1995620E+00 -0.2126444E+00  0.2566640E+00
   04  0.6490411E+01  0.1709620E+01 -0.2149480E+00 -0.2279674E+00  0.2597344E+00
   04  0.6497551E+01  0.1712236E+01 -0.2293800E+00 -0.2422422E+00  0.2623497E+00
   04  0.6504691E+01  0.1714367E+01 -0.2428827E+00 -0.2555055E+00  0.2644814E+00
   04  0.6511831E+01  0.1715967E+01 -0.2554103E+00 -0.2677945E+00  0.2660807E+00
   04  0.6518971E+01  0.1716993E+01 -0.2669969E+00 -0.2791438E+00  0.2671073E+00
   04  0.6526110E+01  0.1717381E+01 -0.2775501E+00 -0.2895484E+00  0.2674954E+00
   04  0.6533250E+01  0.1717024E+01 -0.2868771E+00 -0.2988212E+00  0.2671378E+00
   04  0.6540390E+01  0.1715878E+01 -0.2949206E+00 -0.3068376E+00  0.2659919E+00
   04  0.6547530E+01  0.1714024E+01 -0.3018732E+00 -0.3138984E+00  0.2641380E+00
   04  0.6554669E+01  0.1711608E+01 -0.3081226E+00 -0.3204334E+00  0.2617216E+00
   04  0.6561809E+01  0.1708767E+01 -0.3141142E+00 -0.3268405E+00  0.2588813E+00
   04  0.6568949E+01  0.1705601E+01 -0.3201803E+00 -0.3332931E+00  0.2557148E+00
   04  0.6576089E+01  0.1702151E+01 -0.3263626E+00 -0.3398032E+00  0.2522651E+00
   04  0.6583229E+01  0.1698424E+01 -0.3325061E+00 -0.3462425E+00  0.2485383E+00
   04  0.6590368E+01  0.1694426E+01 -0.3383645E+00 -0.3524256E+00  0.2445402E+00
   04  0.6596727E+01  0.1690645E+01 -0.3431421E+00 -0.3575165E+00  0.2407593E+00
   04  0.6603085E+01  0.1686671E+01 -0.3473638E+00 -0.3620606E+00  0.2367853E+00
   04  0.6609443E+01  0.1682524E+01 -0.3509082E+00 -0.3659230E+00  0.2326381E+00
   04  0.6615801E+01  0.1678227E+01 -0.3536711E+00 -0.3689855E+00  0.2283408E+00
   04  0.6622159E+01  0.1673804E+01 -0.3555704E+00 -0.3711516E+00  0.2239175E+00
   04  0.6628517E+01  0.1669277E+01 -0.3565512E+00 -0.3723474E+00  0.2193911E+00
   04  0.6634876E+01  0.1664667E+01 -0.3565838E+00 -0.3725340E+00  0.2147805E+00
   04  0.6641234E+01  0.1659991E+01 -0.3556747E+00 -0.3716972E+00  0.2101047E+00
   04  0.6647592E+01  0.1655286E+01 -0.3538191E+00 -0.3698222E+00  0.2053996E+00
   04  0.6653950E+01  0.1650603E+01 -0.3509791E+00 -0.3669195E+00  0.2007167E+00
   04  0.6660308E+01  0.1645950E+01 -0.3472676E+00 -0.3630693E+00  0.1960637E+00
   04  0.6666667E+01  0.1641434E+01 -0.3426077E+00 -0.3582041E+00  0.1915476E+00
   04  0.6673806E+01  0.1636617E+01 -0.3362347E+00 -0.3515961E+00  0.1867314E+00
   04  0.6680945E+01  0.1632141E+01 -0.3287322E+00 -0.3438289E+00  0.1822549E+00
   04  0.6688085E+01  0.1627901E+01 -0.3204915E+00 -0.3353076E+00  0.1780153E+00
   04  0.6695224E+01  0.1623798E+01 -0.3118976E+00 -0.3263298E+00  0.1739115E+00
   04  0.6702364E+01  0.1619749E+01 -0.3031755E+00 -0.3171540E+00  0.1698625E+00
   04  0.6709503E+01  0.1615784E+01 -0.2943759E+00 -0.3078466E+00  0.1658976E+00
   04  0.6716642E+01  0.1611990E+01 -0.2854217E+00 -0.2983804E+00  0.1621044E+00
   04  0.6723782E+01  0.1608441E+01 -0.2762854E+00 -0.2887202E+00  0.1585546E+00
   04  0.6730921E+01  0.1605191E+01 -0.2669326E+00 -0.2788692E+00  0.1553052E+00
   04  0.6738060E+01  0.1602273E+01 -0.2573819E+00 -0.2688486E+00  0.1523870E+00
   04  0.6745200E+01  0.1599688E+01 -0.2476510E+00 -0.2587676E+00  0.1498018E+00
   04  0.6752339E+01  0.1597410E+01 -0.2378992E+00 -0.2486899E+00  0.1475237E+00
   04  0.6759479E+01  0.1595440E+01 -0.2281547E+00 -0.2386378E+00  0.1455535E+00
   04  0.6766618E+01  0.1593779E+01 -0.2184256E+00 -0.2286226E+00  0.1438929E+00
   04  0.6773757E+01  0.1592430E+01 -0.2087195E+00 -0.2186522E+00  0.1425444E+00
   04  0.6780897E+01  0.1591394E+01 -0.1990443E+00 -0.2087377E+00  0.1415084E+00
   04  0.6788036E+01  0.1590669E+01 -0.1894119E+00 -0.1988936E+00  0.1407833E+00
   04  0.6795176E+01  0.1590252E+01 -0.1798395E+00 -0.1891369E+00  0.1403664E+00
   04  0.6802315E+01  0.1590137E+01 -0.1703487E+00 -0.1794922E+00  0.1402513E+00
   04  0.6809454E+01  0.1590314E+01 -0.1609592E+00 -0.1699852E+00  0.1404282E+00
   04  0.6816593E+01  0.1590770E+01 -0.1516838E+00 -0.1606455E+00  0.1408842E+00
   04  0.6823733E+01  0.1591488E+01 -0.1425325E+00 -0.1515064E+00  0.1416019E+00
   04  0.6830872E+01  0.1592446E+01 -0.1335142E+00 -0.1426038E+00  0.1425603E+00
   04  0.6838011E+01  0.1593622E+01 -0.1246369E+00 -0.1339734E+00  0.1437359E+00
   04  0.6845151E+01  0.1594990E+01 -0.1159066E+00 -0.1256490E+00  0.1451035E+00
   04  0.6852290E+01  0.1596523E+01 -0.1073254E+00 -0.1176597E+00  0.1466370E+00
   04  0.6859429E+01  0.1598196E+01 -0.9889113E-01 -0.1100293E+00  0.1483100E+00
   04  0.6866569E+01  0.1599982E+01 -0.9059696E-01 -0.1027740E+00  0.1500962E+00
   04  0.6873708E+01  0.1601856E+01 -0.8243277E-01 -0.9590193E-01  0.1519698E+00
   04  0.6880847E+01  0.1603791E+01 -0.7438723E-01 -0.8941374E-01  0.1539054E+00
   04  0.6887986E+01  0.1605765E+01 -0.6645025E-01 -0.8330406E-01  0.1558787E+00
   04  0.6895126E+01  0.1607752E+01 -0.5861553E-01 -0.7756300E-01  0.1578655E+00
   04  0.6902265E+01  0.1609728E+01 -0.5088258E-01 -0.7217785E-01  0.1598421E+00
   04  0.6909404E+01  0.1611670E+01 -0.4325820E-01 -0.6713550E-01  0.1617841E+00
   04  0.6916544E+01  0.1613553E+01 -0.3575650E-01 -0.6242437E-01  0.1636674E+00
   04  0.6923683E+01  0.1615353E+01 -0.2839802E-01 -0.5803568E-01  0.1654675E+00
   04  0.6930043E+01  0.1616868E+01 -0.2199240E-01 -0.5440223E-01  0.1669824E+00
   04  0.6936402E+01  0.1618283E+01 -0.1573921E-01 -0.5101629E-01  0.1683966E+00
   04  0.6942762E+01  0.1619583E+01 -0.9655821E-02 -0.4787522E-01  0.1696965E+00
   04  0.6949122E+01  0.1620757E+01 -0.3756104E-02 -0.4497411E-01  0.1708711E+00
   04  0.6955482E+01  0.1621798E+01  0.1952126E-02 -0.4230333E-01  0.1719125E+00
   04  0.6961841E+01  0.1622703E+01  0.7468757E-02 -0.3984709E-01  0.1728168E+00
   04  0.6968201E+01  0.1623471E+01  0.1280268E-01 -0.3758237E-01  0.1735846E+00
   04  0.6974561E+01  0.1624107E+01  0.1797204E-01 -0.3547811E-01  0.1742206E+00
   04  0.6980921E+01  0.1624620E+01  0.2300444E-01 -0.3349527E-01  0.1747339E+00
   04  0.6987280E+01  0.1625023E+01  0.2793612E-01 -0.3158769E-01  0.1751368E+00
   04  0.6993640E+01  0.1625331E+01  0.3280985E-01 -0.2970365E-01  0.1754445E+00
   04  0.7000000E+01  0.1625560E+01  0.3767247E-01 -0.2778786E-01  0.1756742E+00
   04  0.7007139E+01  0.1625751E+01  0.4318148E-01 -0.2551706E-01  0.1758645E+00
   04  0.7014278E+01  0.1625890E+01  0.4880092E-01 -0.2306235E-01  0.1760042E+00
   04  0.7021416E+01  0.1626000E+01  0.5459262E-01 -0.2036597E-01  0.1761143E+00
   04  0.7028555E+01  0.1626103E+01  0.6061458E-01 -0.1735296E-01  0.1762169E+00
   04  0.7035694E+01  0.1626213E+01  0.6691936E-01 -0.1396961E-01  0.1763274E+00
   04  0.7042833E+01  0.1626350E+01  0.7354643E-01 -0.1015030E-01  0.1764637E+00
   04  0.7049971E+01  0.1626519E+01  0.8052847E-01 -0.5871023E-02  0.1766329E+00
   04  0.7057110E+01  0.1626728E+01  0.8789823E-01 -0.1101103E-02  0.1768415E+00
   04  0.7064249E+01  0.1626980E+01  0.9567606E-01  0.4185004E-02  0.1770937E+00
   04  0.7071388E+01  0.1627278E+01  0.1038917E+00  0.1000793E-01  0.1773924E+00
   04  0.7078527E+01  0.1627625E+01  0.1125692E+00  0.1638396E-01  0.1777394E+00
   04  0.7085665E+01  0.1628023E+01  0.1217317E+00  0.2332510E-01  0.1781367E+00
   04  0.7092804E+01  0.1628472E+01  0.1313988E+00  0.3083788E-01  0.1785859E+00
   04  0.7099943E+01  0.1628974E+01  0.1415838E+00  0.3892159E-01  0.1790881E+00
   04  0.7107082E+01  0.1629528E+01  0.1522872E+00  0.4756502E-01  0.1796420E+00
   04  0.7114220E+01  0.1630128E+01  0.1634895E+00  0.5674082E-01  0.1802418E+00
   04  0.7121359E+01  0.1630760E+01  0.1751367E+00  0.6639787E-01  0.1808739E+00
   04  0.7128498E+01  0.1631399E+01  0.1871307E+00  0.7645383E-01  0.1815130E+00
   04  0.7135637E+01  0.1632008E+01  0.1993254E+00  0.8679295E-01  0.1821219E+00
   04  0.7142775E+01  0.1632537E+01  0.2115436E+00  0.9725581E-01  0.1826509E+00
   04  0.7149914E+01  0.1632919E+01  0.2235146E+00  0.1076601E+00  0.1830331E+00
   04  0.7157052E+01  0.1633081E+01  0.2349280E+00  0.1178121E+00  0.1831947E+00
   04  0.7164191E+01  0.1632958E+01  0.2455358E+00  0.1275098E+00  0.1830719E+00
   04  0.7171329E+01  0.1632531E+01  0.2552533E+00  0.1366162E+00  0.1826451E+00
   04  0.7178468E+01  0.1631767E+01  0.2638264E+00  0.1450906E+00  0.1818809E+00
   04  0.7185606E+01  0.1630674E+01  0.2712303E+00  0.1528613E+00  0.1807882E+00
   04  0.7192745E+01  0.1629305E+01  0.2775812E+00  0.1599524E+00  0.1794187E+00
   04  0.7199883E+01  0.1627719E+01  0.2829776E+00  0.1664626E+00  0.1778333E+00
   04  0.7207022E+01  0.1625992E+01  0.2875946E+00  0.1724886E+00  0.1761057E+00
   04  0.7214160E+01  0.1624161E+01  0.2915449E+00  0.1780625E+00  0.1742745E+00
   04  0.7221299E+01  0.1622259E+01  0.2950305E+00  0.1832037E+00  0.1723731E+00
   04  0.7228438E+01  0.1620365E+01  0.2979926E+00  0.1879542E+00  0.1704794E+00
   04  0.7235576E+01  0.1618565E+01  0.3000663E+00  0.1923922E+00  0.1686789E+00
   04  0.7242715E+01  0.1616952E+01  0.3010618E+00  0.1964465E+00  0.1670661E+00
   04  0.7249853E+01  0.1615559E+01  0.3011187E+00  0.1997183E+00  0.1656730E+00
   04  0.7256992E+01  0.1614393E+01  0.3004424E+00  0.2018896E+00  0.1645065E+00
   04  0.7263354E+01  0.1613450E+01  0.2989994E+00  0.2028106E+00  0.1635640E+00
   04  0.7269715E+01  0.1612443E+01  0.2965575E+00  0.2029382E+00  0.1625567E+00
   04  0.7276077E+01  0.1611296E+01  0.2930509E+00  0.2022839E+00  0.1614099E+00
   04  0.7282439E+01  0.1609974E+01  0.2884316E+00  0.2008110E+00  0.1600883E+00
   04  0.7288801E+01  0.1608492E+01  0.2827623E+00  0.1987698E+00  0.1586065E+00
   04  0.7295163E+01  0.1606904E+01  0.2762062E+00  0.1962996E+00  0.1570180E+00
   04  0.7301524E+01  0.1605244E+01  0.2688132E+00  0.1934566E+00  0.1553577E+00
   04  0.7307886E+01  0.1603575E+01  0.2606405E+00  0.1901354E+00  0.1536893E+00
   04  0.7314248E+01  0.1601941E+01  0.2517558E+00  0.1862868E+00  0.1520549E+00
   04  0.7320610E+01  0.1600343E+01  0.2423080E+00  0.1818854E+00  0.1504569E+00
   04  0.7326972E+01  0.1598797E+01  0.2323543E+00  0.1769178E+00  0.1489114E+00
   04  0.7333333E+01  0.1597303E+01  0.2219668E+00  0.1714285E+00  0.1474165E+00
   04  0.7340470E+01  0.1595675E+01  0.2098732E+00  0.1647085E+00  0.1457886E+00
   04  0.7347607E+01  0.1594093E+01  0.1974191E+00  0.1574324E+00  0.1442070E+00
   04  0.7354744E+01  0.1592547E+01  0.1847229E+00  0.1496336E+00  0.1426607E+00
   04  0.7361881E+01  0.1591023E+01  0.1718744E+00  0.1413515E+00  0.1411365E+00
   04  0.7369018E+01  0.1589503E+01  0.1589420E+00  0.1326446E+00  0.1396173E+00
   04  0.7376155E+01  0.1587975E+01  0.1459770E+00  0.1235504E+00  0.1380886E+00
   04  0.7383292E+01  0.1586422E+01  0.1330153E+00  0.1140972E+00  0.1365357E+00
   04  0.7390429E+01  0.1584830E+01  0.1200763E+00  0.1043078E+00  0.1349436E+00
   04  0.7397566E+01  0.1583184E+01  0.1071648E+00  0.9419907E-01  0.1332982E+00
   04  0.7404702E+01  0.1581472E+01  0.9427061E-01  0.8377766E-01  0.1315862E+00
   04  0.7411839E+01  0.1579682E+01  0.8137132E-01  0.7304211E-01  0.1297956E+00
   04  0.7418976E+01  0.1577801E+01  0.6843619E-01  0.6198331E-01  0.1279155E+00
   04  0.7426113E+01  0.1575822E+01  0.5542391E-01  0.5058307E-01  0.1259365E+00
   04  0.7433250E+01  0.1573737E+01  0.4228973E-01  0.3881079E-01  0.1238506E+00
   04  0.7440387E+01  0.1571538E+01  0.2898793E-01  0.2663762E-01  0.1216515E+00
   04  0.7447524E+01  0.1569221E+01  0.1546990E-01  0.1402464E-01  0.1193346E+00
   04  0.7454661E+01  0.1566784E+01  0.1692222E-02  0.9321734E-03  0.1168981E+00
   04  0.7461798E+01  0.1564229E+01 -0.1237709E-01 -0.1267180E-01  0.1143429E+00
   04  0.7468934E+01  0.1561560E+01 -0.2676162E-01 -0.2681312E-01  0.1116737E+00
   04  0.7476070E+01  0.1558784E+01 -0.4147751E-01 -0.4151224E-01  0.1088978E+00
   04  0.7483206E+01  0.1555912E+01 -0.5652552E-01 -0.5677313E-01  0.1060258E+00
   04  0.7490341E+01  0.1552958E+01 -0.7189267E-01 -0.7258390E-01  0.1030715E+00
   04  0.7497477E+01  0.1549938E+01 -0.8755255E-01 -0.8891504E-01  0.1000515E+00
   04  0.7504613E+01  0.1546870E+01 -0.1034658E+00 -0.1057187E+00  0.9698428E-01
   04  0.7511749E+01  0.1543776E+01 -0.1195814E+00 -0.1229295E+00  0.9388993E-01
   04  0.7518885E+01  0.1540675E+01 -0.1358387E+00 -0.1404662E+00  0.9078915E-01
   04  0.7526021E+01  0.1537589E+01 -0.1521694E+00 -0.1582339E+00  0.8770250E-01
   04  0.7533157E+01  0.1534536E+01 -0.1685001E+00 -0.1761277E+00  0.8464975E-01
   04  0.7540293E+01  0.1531535E+01 -0.1847550E+00 -0.1940360E+00  0.8164925E-01
   04  0.7547429E+01  0.1528604E+01 -0.2008585E+00 -0.2118447E+00  0.7871756E-01
   04  0.7554565E+01  0.1525755E+01 -0.2167371E+00 -0.2294402E+00  0.7586919E-01
   04  0.7561701E+01  0.1523003E+01 -0.2323218E+00 -0.2467140E+00  0.7311658E-01
   04  0.7568837E+01  0.1520356E+01 -0.2475501E+00 -0.2635652E+00  0.7047020E-01
   04  0.7575973E+01  0.1517825E+01 -0.2623672E+00 -0.2799035E+00  0.6793887E-01
   04  0.7583108E+01  0.1515416E+01 -0.2767271E+00 -0.2956514E+00  0.6553010E-01
   04  0.7590244E+01  0.1513136E+01 -0.2905941E+00 -0.3107461E+00  0.6325045E-01
   04  0.7596613E+01  0.1511216E+01 -0.3025240E+00 -0.3236180E+00  0.6132975E-01
   04  0.7602981E+01  0.1509407E+01 -0.3140297E+00 -0.3359082E+00  0.5952064E-01
   04  0.7609350E+01  0.1507713E+01 -0.3251076E+00 -0.3476053E+00  0.5782698E-01
   04  0.7615718E+01  0.1506139E+01 -0.3357612E+00 -0.3587084E+00  0.5625248E-01
   04  0.7622087E+01  0.1504687E+01 -0.3460008E+00 -0.3692271E+00  0.5480056E-01
   04  0.7628456E+01  0.1503360E+01 -0.3558433E+00 -0.3791810E+00  0.5347414E-01
   04  0.7634824E+01  0.1502161E+01 -0.3653115E+00 -0.3885989E+00  0.5227533E-01
   04  0.7641193E+01  0.1501091E+01 -0.3744339E+00 -0.3975182E+00  0.5120519E-01
   04  0.7647561E+01  0.1500149E+01 -0.3832436E+00 -0.4059838E+00  0.5026327E-01
   04  0.7653930E+01  0.1499333E+01 -0.3917779E+00 -0.4140469E+00  0.4944733E-01
   04  0.7660298E+01  0.1498639E+01 -0.4000770E+00 -0.4217630E+00  0.4875297E-01
   04  0.7666667E+01  0.1498059E+01 -0.4081830E+00 -0.4291909E+00  0.4817340E-01
   04  0.7673798E+01  0.1497533E+01 -0.4170862E+00 -0.4372444E+00  0.4764678E-01
   04  0.7680929E+01  0.1497121E+01 -0.4258601E+00 -0.4450929E+00  0.4723520E-01
   04  0.7688060E+01  0.1496804E+01 -0.4345622E+00 -0.4528150E+00  0.4691767E-01
   04  0.7695191E+01  0.1496556E+01 -0.4432453E+00 -0.4604820E+00  0.4666949E-01
   04  0.7702322E+01  0.1496349E+01 -0.4519554E+00 -0.4681576E+00  0.4646347E-01
   04  0.7709453E+01  0.1496156E+01 -0.4607310E+00 -0.4758943E+00  0.4627040E-01
   04  0.7716583E+01  0.1495947E+01 -0.4696006E+00 -0.4837357E+00  0.4606097E-01
   04  0.7723714E+01  0.1495692E+01 -0.4785838E+00 -0.4917124E+00  0.4580593E-01
   04  0.7730845E+01  0.1495362E+01 -0.4876917E+00 -0.4998348E+00  0.4547584E-01
   04  0.7737976E+01  0.1494926E+01 -0.4969314E+00 -0.5080844E+00  0.4503979E-01
   04  0.7745107E+01  0.1494338E+01 -0.5062986E+00 -0.5163527E+00  0.4445229E-01
   04  0.7752238E+01  0.1493586E+01 -0.5158146E+00 -0.5246300E+00  0.4369971E-01
   04  0.7759369E+01  0.1492587E+01 -0.5254373E+00 -0.5326093E+00  0.4270132E-01
   04  0.7766500E+01  0.1491298E+01 -0.5351055E+00 -0.5401082E+00  0.4141198E-01
   04  0.7773631E+01  0.1489678E+01 -0.5446721E+00 -0.5469598E+00  0.3979214E-01
   04  0.7780762E+01  0.1487746E+01 -0.5539366E+00 -0.5532664E+00  0.3786019E-01
   04  0.7787893E+01  0.1485572E+01 -0.5626988E+00 -0.5592647E+00  0.3568557E-01
   04  0.7795024E+01  0.1483204E+01 -0.5708708E+00 -0.5651579E+00  0.3331811E-01
   04  0.7802153E+01  0.1480646E+01 -0.5783973E+00 -0.5709240E+00  0.3075961E-01
   04  0.7809283E+01  0.1477894E+01 -0.5853063E+00 -0.5764080E+00  0.2800753E-01
   04  0.7816412E+01  0.1474962E+01 -0.5915603E+00 -0.5813905E+00  0.2507548E-01
   04  0.7823541E+01  0.1471891E+01 -0.5970916E+00 -0.5856741E+00  0.2200452E-01
   04  0.7830670E+01  0.1468754E+01 -0.6019326E+00 -0.5891681E+00  0.1886845E-01
   04  0.7837799E+01  0.1465613E+01 -0.6061092E+00 -0.5917811E+00  0.1572695E-01
   04  0.7844928E+01  0.1462524E+01 -0.6095704E+00 -0.5934319E+00  0.1263834E-01
   04  0.7852058E+01  0.1459541E+01 -0.6122225E+00 -0.5940874E+00  0.9654997E-02
   04  0.7859187E+01  0.1456629E+01 -0.6140471E+00 -0.5938327E+00  0.6742835E-02
   04  0.7866316E+01  0.1453846E+01 -0.6149002E+00 -0.5925544E+00  0.3959528E-02
   04  0.7873445E+01  0.1451184E+01 -0.6147667E+00 -0.5902635E+00  0.1297481E-02
   04  0.7880574E+01  0.1448643E+01 -0.6135712E+00 -0.5870243E+00 -0.1242894E-02
   04  0.7887703E+01  0.1446176E+01 -0.6115756E+00 -0.5827833E+00 -0.3710172E-02
   04  0.7894833E+01  0.1443700E+01 -0.6089574E+00 -0.5777129E+00 -0.6185546E-02
   04  0.7901962E+01  0.1441203E+01 -0.6057825E+00 -0.5718768E+00 -0.8682582E-02
   04  0.7909091E+01  0.1438687E+01 -0.6021025E+00 -0.5652854E+00 -0.1119909E-01
   04  0.7916220E+01  0.1436178E+01 -0.5978530E+00 -0.5579368E+00 -0.1370815E-01
   04  0.7923349E+01  0.1433715E+01 -0.5929773E+00 -0.5497530E+00 -0.1617076E-01
   04  0.7929737E+01  0.1431602E+01 -0.5879972E+00 -0.5415757E+00 -0.1828363E-01
   04  0.7936124E+01  0.1429679E+01 -0.5823217E+00 -0.5324047E+00 -0.2020664E-01
   04  0.7942512E+01  0.1427975E+01 -0.5758754E+00 -0.5222204E+00 -0.2191134E-01
   04  0.7948900E+01  0.1426503E+01 -0.5686114E+00 -0.5110142E+00 -0.2338275E-01
   04  0.7955287E+01  0.1425236E+01 -0.5604845E+00 -0.4988870E+00 -0.2464969E-01
   04  0.7961675E+01  0.1424091E+01 -0.5517189E+00 -0.4859192E+00 -0.2579526E-01
   04  0.7968062E+01  0.1423045E+01 -0.5423969E+00 -0.4721678E+00 -0.2684105E-01
   04  0.7974450E+01  0.1422075E+01 -0.5325855E+00 -0.4577089E+00 -0.2781148E-01
   04  0.7980837E+01  0.1421151E+01 -0.5223321E+00 -0.4426404E+00 -0.2873471E-01
   04  0.7987225E+01  0.1420239E+01 -0.5116444E+00 -0.4270670E+00 -0.2964710E-01
   04  0.7993612E+01  0.1419297E+01 -0.5005061E+00 -0.4110772E+00 -0.3058900E-01
