# gauge_id=     6 location=(  0.9037600000E+02  0.1000000000E-02 ) num_var=  4
# level, time, q[  1  2  3], eta, aux[]
   01  0.0000000E+00  0.0000000E+00  0.0000000E+00  0.0000000E+00  0.1070000E+01
   01  0.1600000E-01  0.0000000E+00  0.0000000E+00  0.0000000E+00  0.1070000E+01
   01  0.1329653E+00  0.0000000E+00  0.0000000E+00  0.0000000E+00  0.1070000E+01
   01  0.2476540E+00  0.0000000E+00  0.0000000E+00  0.0000000E+00  0.1070000E+01
   01  0.3333333E+00  0.0000000E+00  0.0000000E+00  0.0000000E+00  0.1070000E+01
   01  0.4522257E+00  0.0000000E+00  0.0000000E+00  0.0000000E+00  0.1070000E+01
   01  0.5724150E+00  0.0000000E+00  0.0000000E+00  0.0000000E+00  0.1070000E+01
   01  0.6666667E+00  0.0000000E+00  0.0000000E+00  0.0000000E+00  0.1070000E+01
   01  0.7903854E+00  0.0000000E+00  0.0000000E+00  0.0000000E+00  0.1070000E+01
   01  0.9158532E+00  0.0000000E+00  0.0000000E+00  0.0000000E+00  0.1070000E+01
   01  0.1000000E+01  0.0000000E+00  0.0000000E+00  0.0000000E+00  0.1070000E+01
   01  0.1128722E+01  0.0000000E+00  0.0000000E+00  0.0000000E+00  0.1070000E+01
   01  0.1257366E+01  0.0000000E+00  0.0000000E+00  0.0000000E+00  0.1070000E+01
   01  0.1333333E+01  0.0000000E+00  0.0000000E+00  0.0000000E+00  0.1070000E+01
   01  0.1461954E+01  0.0000000E+00  0.0000000E+00  0.0000000E+00  0.1070000E+01
   01  0.1590570E+01  0.0000000E+00  0.0000000E+00  0.0000000E+00  0.1070000E+01
   01  0.1666667E+01  0.0000000E+00  0.0000000E+00  0.0000000E+00  0.1070000E+01
   01  0.1795194E+01  0.0000000E+00  0.0000000E+00  0.0000000E+00  0.1070000E+01
   01  0.1923729E+01  0.0000000E+00  0.0000000E+00  0.0000000E+00  0.1070000E+01
   01  0.2000000E+01  0.0000000E+00  0.0000000E+00  0.0000000E+00  0.1070000E+01
   01  0.2128607E+01  0.0000000E+00  0.0000000E+00  0.0000000E+00  0.1070000E+01
   01  0.2257190E+01  0.0000000E+00  0.0000000E+00  0.0000000E+00  0.1070000E+01
   01  0.2333333E+01  0.0000000E+00  0.0000000E+00  0.0000000E+00  0.1070000E+01
   01  0.2461836E+01  0.0000000E+00  0.0000000E+00  0.0000000E+00  0.1070000E+01
   01  0.2590356E+01  0.0000000E+00  0.0000000E+00  0.0000000E+00  0.1070000E+01
   01  0.2666667E+01  0.0000000E+00  0.0000000E+00  0.0000000E+00  0.1070000E+01
   01  0.2795247E+01  0.0000000E+00  0.0000000E+00  0.0000000E+00  0.1070000E+01
   01  0.2923808E+01  0.0000000E+00  0.0000000E+00  0.0000000E+00  0.1070000E+01
   01  0.3000000E+01  0.0000000E+00  0.0000000E+00  0.0000000E+00  0.1070000E+01
   01  0.3128516E+01  0.0000000E+00  0.0000000E+00  0.0000000E+00  0.1070000E+01
   02  0.3257048E+01  0.0000000E+00  0.0000000E+00  0.0000000E+00  0.2830000E+01
   02  0.3295190E+01  0.0000000E+00  0.0000000E+00  0.0000000E+00  0.2830000E+01
   02  0.3333333E+01  0.0000000E+00  0.0000000E+00  0.0000000E+00  0.2830000E+01
   03  0.3376188E+01  0.0000000E+00  0.0000000E+00  0.0000000E+00  0.1455000E+01
   03  0.3397615E+01  0.0000000E+00  0.0000000E+00  0.0000000E+00  0.1455000E+01
   03  0.3419043E+01  0.0000000E+00  0.0000000E+00  0.0000000E+00  0.1455000E+01
   03  0.3440470E+01  0.0000000E+00  0.0000000E+00  0.0000000E+00  0.1455000E+01
   03  0.3461897E+01  0.0000000E+00  0.0000000E+00  0.0000000E+00  0.1455000E+01
   03  0.3483322E+01  0.0000000E+00  0.0000000E+00  0.0000000E+00  0.1455000E+01
   03  0.3504748E+01  0.0000000E+00  0.0000000E+00  0.0000000E+00  0.1455000E+01
   03  0.3526173E+01  0.0000000E+00  0.0000000E+00  0.0000000E+00  0.1455000E+01
   03  0.3547598E+01  0.0000000E+00  0.0000000E+00  0.0000000E+00  0.1455000E+01
   03  0.3569023E+01  0.0000000E+00  0.0000000E+00  0.0000000E+00  0.1455000E+01
   03  0.3590448E+01  0.0000000E+00  0.0000000E+00  0.0000000E+00  0.1455000E+01
   03  0.3609503E+01  0.0000000E+00  0.0000000E+00  0.0000000E+00  0.1455000E+01
   03  0.3628557E+01  0.0000000E+00  0.0000000E+00  0.0000000E+00  0.1455000E+01
   03  0.3647612E+01  0.0000000E+00  0.0000000E+00  0.0000000E+00  0.1455000E+01
   03  0.3666667E+01  0.0000000E+00  0.0000000E+00  0.0000000E+00  0.1455000E+01
   03  0.3688088E+01  0.0000000E+00  0.0000000E+00  0.0000000E+00  0.1455000E+01
   03  0.3709508E+01  0.0000000E+00  0.0000000E+00  0.0000000E+00  0.1455000E+01
   03  0.3730929E+01  0.0000000E+00  0.0000000E+00  0.0000000E+00  0.1455000E+01
   03  0.3752350E+01  0.0000000E+00  0.0000000E+00  0.0000000E+00  0.1455000E+01
   03  0.3773771E+01  0.0000000E+00  0.0000000E+00  0.0000000E+00  0.1455000E+01
   03  0.3795192E+01  0.0000000E+00  0.0000000E+00  0.0000000E+00  0.1455000E+01
   03  0.3816614E+01  0.0000000E+00  0.0000000E+00  0.0000000E+00  0.1455000E+01
   03  0.3838037E+01  0.0000000E+00  0.0000000E+00  0.0000000E+00  0.1455000E+01
   03  0.3852318E+01  0.0000000E+00  0.0000000E+00  0.0000000E+00  0.1455000E+01
   03  0.3866600E+01  0.0000000E+00  0.0000000E+00  0.0000000E+00  0.1455000E+01
   03  0.3880882E+01  0.0000000E+00  0.0000000E+00  0.0000000E+00  0.1455000E+01
   03  0.3891593E+01  0.0000000E+00  0.0000000E+00  0.0000000E+00  0.1455000E+01
   03  0.3902304E+01  0.0000000E+00  0.0000000E+00  0.0000000E+00  0.1455000E+01
   03  0.3913015E+01  0.0000000E+00  0.0000000E+00  0.0000000E+00  0.1455000E+01
   03  0.3923726E+01  0.0000000E+00  0.0000000E+00  0.0000000E+00  0.1455000E+01
   03  0.3942795E+01  0.0000000E+00  0.0000000E+00  0.0000000E+00  0.1455000E+01
   03  0.3961863E+01  0.0000000E+00  0.0000000E+00  0.0000000E+00  0.1455000E+01
   03  0.3980932E+01  0.0000000E+00  0.0000000E+00  0.0000000E+00  0.1455000E+01
   03  0.4000000E+01  0.0000000E+00  0.0000000E+00  0.0000000E+00  0.1455000E+01
   03  0.4021426E+01  0.0000000E+00  0.0000000E+00  0.0000000E+00  0.1455000E+01
   04  0.4042852E+01  0.0000000E+00  0.0000000E+00  0.0000000E+00  0.1792500E+01
   04  0.4049994E+01  0.0000000E+00  0.0000000E+00  0.0000000E+00  0.1792500E+01
   04  0.4057136E+01  0.0000000E+00  0.0000000E+00  0.0000000E+00  0.1792500E+01
   04  0.4064278E+01  0.0000000E+00  0.0000000E+00  0.0000000E+00  0.1792500E+01
   04  0.4071420E+01  0.0000000E+00  0.0000000E+00  0.0000000E+00  0.1792500E+01
   04  0.4078562E+01  0.0000000E+00  0.0000000E+00  0.0000000E+00  0.1792500E+01
   04  0.4085704E+01  0.0000000E+00  0.0000000E+00  0.0000000E+00  0.1792500E+01
   04  0.4092846E+01  0.0000000E+00  0.0000000E+00  0.0000000E+00  0.1792500E+01
   04  0.4099988E+01  0.0000000E+00  0.0000000E+00  0.0000000E+00  0.1792500E+01
   04  0.4107130E+01  0.0000000E+00  0.0000000E+00  0.0000000E+00  0.1792500E+01
   04  0.4114272E+01  0.0000000E+00  0.0000000E+00  0.0000000E+00  0.1792500E+01
   04  0.4121414E+01  0.0000000E+00  0.0000000E+00  0.0000000E+00  0.1792500E+01
   04  0.4128556E+01  0.0000000E+00  0.0000000E+00  0.0000000E+00  0.1792500E+01
   04  0.4135697E+01  0.0000000E+00  0.0000000E+00  0.0000000E+00  0.1792500E+01
   04  0.4142839E+01  0.0000000E+00  0.0000000E+00  0.0000000E+00  0.1792500E+01
   04  0.4149980E+01  0.0000000E+00  0.0000000E+00  0.0000000E+00  0.1792500E+01
   04  0.4157121E+01  0.0000000E+00  0.0000000E+00  0.0000000E+00  0.1792500E+01
   04  0.4164263E+01  0.0000000E+00  0.0000000E+00  0.0000000E+00  0.1792500E+01
   04  0.4171404E+01  0.0000000E+00  0.0000000E+00  0.0000000E+00  0.1792500E+01
   04  0.4178546E+01  0.0000000E+00  0.0000000E+00  0.0000000E+00  0.1792500E+01
   04  0.4185687E+01  0.0000000E+00  0.0000000E+00  0.0000000E+00  0.1792500E+01
   04  0.4192828E+01  0.0000000E+00  0.0000000E+00  0.0000000E+00  0.1792500E+01
   04  0.4199970E+01  0.0000000E+00  0.0000000E+00  0.0000000E+00  0.1792500E+01
   04  0.4207111E+01  0.0000000E+00  0.0000000E+00  0.0000000E+00  0.1792500E+01
   04  0.4214252E+01  0.0000000E+00  0.0000000E+00  0.0000000E+00  0.1792500E+01
   04  0.4221394E+01  0.0000000E+00  0.0000000E+00  0.0000000E+00  0.1792500E+01
   04  0.4228535E+01  0.0000000E+00  0.0000000E+00  0.0000000E+00  0.1792500E+01
   04  0.4235677E+01  0.0000000E+00  0.0000000E+00  0.0000000E+00  0.1792500E+01
   04  0.4242818E+01  0.0000000E+00  0.0000000E+00  0.0000000E+00  0.1792500E+01
   04  0.4249959E+01  0.0000000E+00  0.0000000E+00  0.0000000E+00  0.1792500E+01
   04  0.4257101E+01  0.0000000E+00  0.0000000E+00  0.0000000E+00  0.1792500E+01
   04  0.4263453E+01  0.5432409E-01  0.3048929E+00  0.3831290E-02  0.1735509E+01
   04  0.4269806E+01  0.8874222E-01  0.5032652E+00  0.6324415E-02  0.1769927E+01
   04  0.4276159E+01  0.1320023E+00  0.7452500E+00  0.9461109E-02  0.1813187E+01
   04  0.4282512E+01  0.1791800E+00  0.1012658E+01  0.1294519E-01  0.1860365E+01
   04  0.4288864E+01  0.2233681E+00  0.1259050E+01  0.1622950E-01  0.1904553E+01
   04  0.4295217E+01  0.2620530E+00  0.1445961E+01  0.1907923E-01  0.1943238E+01
   04  0.4301570E+01  0.2956435E+00  0.1594974E+01  0.2147539E-01  0.1976828E+01
   04  0.4307922E+01  0.3246837E+00  0.1707734E+01  0.2344432E-01  0.2005869E+01
   04  0.4314275E+01  0.3499196E+00  0.1790414E+01  0.2502947E-01  0.2031105E+01
   04  0.4320628E+01  0.3726974E+00  0.1853861E+01  0.2634297E-01  0.2053882E+01
   04  0.4326981E+01  0.3940037E+00  0.1905336E+01  0.2744368E-01  0.2075189E+01
   04  0.4333333E+01  0.4143098E+00  0.1948481E+01  0.2827607E-01  0.2095495E+01
   04  0.4340474E+01  0.4362565E+00  0.1989673E+01  0.2899431E-01  0.2117441E+01
   04  0.4347614E+01  0.4574863E+00  0.2024675E+01  0.2949613E-01  0.2138671E+01
   04  0.4354755E+01  0.4780910E+00  0.2054299E+01  0.2984258E-01  0.2159276E+01
   04  0.4361895E+01  0.4981039E+00  0.2078964E+01  0.2995838E-01  0.2179289E+01
   04  0.4369036E+01  0.5176168E+00  0.2099365E+01  0.2991478E-01  0.2198802E+01
   04  0.4376176E+01  0.5366322E+00  0.2115686E+01  0.2945432E-01  0.2217817E+01
   04  0.4383317E+01  0.5550037E+00  0.2127244E+01  0.2859414E-01  0.2236189E+01
   04  0.4390457E+01  0.5728043E+00  0.2134197E+01  0.2789551E-01  0.2253989E+01
   04  0.4397598E+01  0.5897682E+00  0.2135440E+01  0.2707241E-01  0.2270953E+01
   04  0.4404738E+01  0.6055426E+00  0.2129345E+01  0.2559761E-01  0.2286728E+01
   04  0.4411879E+01  0.6221756E+00  0.2119582E+01  0.2413201E-01  0.2303361E+01
   04  0.4419019E+01  0.6363304E+00  0.2097961E+01  0.2265566E-01  0.2317515E+01
   04  0.4426160E+01  0.6485402E+00  0.2067737E+01  0.2112306E-01  0.2329725E+01
   04  0.4433300E+01  0.6583181E+00  0.2024872E+01  0.1972645E-01  0.2339503E+01
   04  0.4440441E+01  0.6673029E+00  0.1977965E+01  0.1830861E-01  0.2348488E+01
   04  0.4447581E+01  0.6782806E+00  0.1924171E+01  0.1707602E-01  0.2359466E+01
   04  0.4454722E+01  0.6875942E+00  0.1873896E+01  0.1568805E-01  0.2368779E+01
   04  0.4461862E+01  0.6989923E+00  0.1832009E+01  0.1439838E-01  0.2380177E+01
   04  0.4469003E+01  0.7088646E+00  0.1797172E+01  0.1276476E-01  0.2390050E+01
   04  0.4476144E+01  0.7170934E+00  0.1771496E+01  0.1139035E-01  0.2398278E+01
   04  0.4483285E+01  0.7262270E+00  0.1751429E+01  0.1023371E-01  0.2407412E+01
   04  0.4490426E+01  0.7359099E+00  0.1734318E+01  0.9555133E-02  0.2417095E+01
   04  0.4497567E+01  0.7460957E+00  0.1713075E+01  0.9261775E-02  0.2427281E+01
   04  0.4504708E+01  0.7544562E+00  0.1681988E+01  0.9075493E-02  0.2435641E+01
   04  0.4511849E+01  0.7670871E+00  0.1638760E+01  0.8862850E-02  0.2448272E+01
   04  0.4518990E+01  0.7777956E+00  0.1585924E+01  0.8495341E-02  0.2458981E+01
   04  0.4526131E+01  0.7864985E+00  0.1523463E+01  0.7822795E-02  0.2467683E+01
   04  0.4533272E+01  0.7908195E+00  0.1455106E+01  0.6870289E-02  0.2472004E+01
   04  0.4540413E+01  0.7935950E+00  0.1383024E+01  0.5511250E-02  0.2474780E+01
   04  0.4547554E+01  0.7951380E+00  0.1308821E+01  0.3988283E-02  0.2476323E+01
   04  0.4554695E+01  0.7959120E+00  0.1233674E+01  0.2525379E-02  0.2477097E+01
   04  0.4561836E+01  0.7960408E+00  0.1158619E+01  0.1185838E-02  0.2477226E+01
   04  0.4568977E+01  0.7957123E+00  0.1084510E+01  0.8258561E-04  0.2476897E+01
   04  0.4576118E+01  0.7950018E+00  0.1011625E+01 -0.8223910E-03  0.2476187E+01
   04  0.4583259E+01  0.7939481E+00  0.9399900E+00 -0.1518065E-02  0.2475133E+01
   04  0.4590400E+01  0.7925297E+00  0.8693809E+00 -0.1850104E-02  0.2473715E+01
   04  0.4596755E+01  0.7909780E+00  0.8074062E+00 -0.1811360E-02  0.2472163E+01
   04  0.4603111E+01  0.7891828E+00  0.7461198E+00 -0.1671908E-02  0.2470368E+01
   04  0.4609466E+01  0.7871899E+00  0.6853510E+00 -0.1510257E-02  0.2468375E+01
   04  0.4615822E+01  0.7850445E+00  0.6249286E+00 -0.1232494E-02  0.2466229E+01
   04  0.4622178E+01  0.7827901E+00  0.5646784E+00 -0.8505918E-03  0.2463975E+01
   04  0.4628533E+01  0.7804469E+00  0.5044427E+00 -0.3338497E-03  0.2461632E+01
   04  0.4634889E+01  0.7780490E+00  0.4440720E+00  0.2827524E-03  0.2459234E+01
   04  0.4641244E+01  0.7756332E+00  0.3834523E+00  0.9536034E-03  0.2456818E+01
   04  0.4647600E+01  0.7732208E+00  0.3225013E+00  0.1666521E-02  0.2454406E+01
   04  0.4653955E+01  0.7708182E+00  0.2611695E+00  0.2416877E-02  0.2452003E+01
   04  0.4660311E+01  0.7684158E+00  0.1994502E+00  0.3195604E-02  0.2449601E+01
   04  0.4666667E+01  0.7659967E+00  0.1373881E+00  0.4001799E-02  0.2447182E+01
   04  0.4673808E+01  0.7632168E+00  0.6735088E-01  0.4966602E-02  0.2444402E+01
   04  0.4680950E+01  0.7603246E+00 -0.2833047E-02  0.5986983E-02  0.2441510E+01
   04  0.4688091E+01  0.7572619E+00 -0.7289908E-01  0.7060930E-02  0.2438447E+01
   04  0.4695232E+01  0.7539420E+00 -0.1426018E+00  0.8096939E-02  0.2435127E+01
   04  0.4702374E+01  0.7502925E+00 -0.2115483E+00  0.9022718E-02  0.2431478E+01
   04  0.4709515E+01  0.7462440E+00 -0.2794107E+00  0.9797142E-02  0.2427429E+01
   04  0.4716657E+01  0.7417524E+00 -0.3459081E+00  0.1037125E-01  0.2422937E+01
   04  0.4723798E+01  0.7368049E+00 -0.4108120E+00  0.1073638E-01  0.2417990E+01
   04  0.4730940E+01  0.7314090E+00 -0.4739671E+00  0.1088955E-01  0.2412594E+01
   04  0.4738081E+01  0.7255861E+00 -0.5352945E+00  0.1082205E-01  0.2406771E+01
   04  0.4745223E+01  0.7193753E+00 -0.5947914E+00  0.1053886E-01  0.2400560E+01
   04  0.4752364E+01  0.7128284E+00 -0.6525191E+00  0.1005855E-01  0.2394013E+01
   04  0.4759505E+01  0.7060022E+00 -0.7085817E+00  0.9415089E-02  0.2387187E+01
   04  0.4766647E+01  0.6989490E+00 -0.7631058E+00  0.8667183E-02  0.2380134E+01
   04  0.4773788E+01  0.6917234E+00 -0.8162251E+00  0.7858196E-02  0.2372908E+01
   04  0.4780930E+01  0.6843707E+00 -0.8680535E+00  0.7028241E-02  0.2365556E+01
   04  0.4788071E+01  0.6769258E+00 -0.9186677E+00  0.6211940E-02  0.2358111E+01
   04  0.4795213E+01  0.6694065E+00 -0.9680938E+00  0.5438584E-02  0.2350591E+01
   04  0.4802354E+01  0.6618118E+00 -0.1016299E+01  0.4763928E-02  0.2342997E+01
   04  0.4809495E+01  0.6541353E+00 -0.1063223E+01  0.4228775E-02  0.2335320E+01
   04  0.4816636E+01  0.6463582E+00 -0.1108764E+01  0.3833685E-02  0.2327543E+01
   04  0.4823776E+01  0.6384651E+00 -0.1152820E+01  0.3573608E-02  0.2319650E+01
   04  0.4830917E+01  0.6304454E+00 -0.1195300E+01  0.3427315E-02  0.2311630E+01
   04  0.4838058E+01  0.6222898E+00 -0.1236130E+01  0.3365722E-02  0.2303475E+01
   04  0.4845199E+01  0.6141083E+00 -0.1275658E+01  0.3464857E-02  0.2295293E+01
   04  0.4852340E+01  0.6054284E+00 -0.1312664E+01  0.3550261E-02  0.2286613E+01
   04  0.4859481E+01  0.5966359E+00 -0.1347213E+01  0.2764534E-02  0.2277821E+01
   04  0.4866622E+01  0.5882252E+00 -0.1381814E+01  0.2884754E-02  0.2269410E+01
   04  0.4873763E+01  0.5799544E+00 -0.1415089E+01  0.3056144E-02  0.2261139E+01
   04  0.4880904E+01  0.5711570E+00 -0.1447077E+01  0.3397262E-02  0.2252342E+01
   04  0.4888045E+01  0.5626742E+00 -0.1477339E+01  0.3753195E-02  0.2243859E+01
   04  0.4895186E+01  0.5541820E+00 -0.1506420E+01  0.3343434E-02  0.2235367E+01
   04  0.4902327E+01  0.5454182E+00 -0.1533428E+01  0.3587277E-02  0.2226603E+01
   04  0.4909468E+01  0.5363224E+00 -0.1557367E+01  0.3814941E-02  0.2217507E+01
   04  0.4916609E+01  0.5270283E+00 -0.1578903E+01  0.4034127E-02  0.2208213E+01
   04  0.4923750E+01  0.5175363E+00 -0.1597960E+01  0.4240612E-02  0.2198721E+01
   04  0.4930104E+01  0.5089351E+00 -0.1612773E+01  0.4394679E-02  0.2190120E+01
   04  0.4936458E+01  0.5002120E+00 -0.1625701E+01  0.4501456E-02  0.2181397E+01
   04  0.4942812E+01  0.4913995E+00 -0.1636880E+01  0.4549591E-02  0.2172584E+01
   04  0.4949167E+01  0.4825370E+00 -0.1646502E+01  0.4528605E-02  0.2163722E+01
   04  0.4955521E+01  0.4736738E+00 -0.1654824E+01  0.4440437E-02  0.2154859E+01
   04  0.4961875E+01  0.4648708E+00 -0.1662169E+01  0.4283577E-02  0.2146056E+01
   04  0.4968229E+01  0.4561814E+00 -0.1668858E+01  0.4070038E-02  0.2137366E+01
   04  0.4974583E+01  0.4476637E+00 -0.1675244E+01  0.3803730E-02  0.2128849E+01
   04  0.4980937E+01  0.4393588E+00 -0.1681610E+01  0.3498669E-02  0.2120544E+01
   04  0.4984115E+01  0.4353085E+00 -0.1684833E+01  0.3327528E-02  0.2116493E+01
   04  0.4987292E+01  0.4313259E+00 -0.1688161E+01  0.3156608E-02  0.2112511E+01
   04  0.4990469E+01  0.4274116E+00 -0.1691607E+01  0.2989858E-02  0.2108597E+01
   04  0.4993646E+01  0.4235647E+00 -0.1695176E+01  0.2830556E-02  0.2104750E+01
   04  0.4996823E+01  0.4197802E+00 -0.1698846E+01  0.2682624E-02  0.2100965E+01
   04  0.5000000E+01  0.4160488E+00 -0.1702570E+01  0.2549694E-02  0.2097234E+01
   04  0.5005356E+01  0.4098165E+00 -0.1708704E+01  0.2385086E-02  0.2091001E+01
   04  0.5010711E+01  0.4036315E+00 -0.1714392E+01  0.2287812E-02  0.2084817E+01
   04  0.5016067E+01  0.3974098E+00 -0.1719116E+01  0.2261336E-02  0.2078595E+01
   04  0.5021422E+01  0.3910180E+00 -0.1722031E+01  0.2304133E-02  0.2072203E+01
   04  0.5026778E+01  0.3844164E+00 -0.1722845E+01  0.2430222E-02  0.2065601E+01
   04  0.5032133E+01  0.3773800E+00 -0.1720073E+01  0.2614618E-02  0.2058565E+01
   04  0.5037489E+01  0.3697632E+00 -0.1712663E+01  0.2832856E-02  0.2050948E+01
   04  0.5042844E+01  0.3614994E+00 -0.1700039E+01  0.3063808E-02  0.2042684E+01
   04  0.5049985E+01  0.3494901E+00 -0.1675111E+01  0.3346018E-02  0.2030675E+01
   04  0.5057125E+01  0.3365129E+00 -0.1641488E+01  0.3569440E-02  0.2017698E+01
   04  0.5064266E+01  0.3228079E+00 -0.1600404E+01  0.3635206E-02  0.2003993E+01
   04  0.5071407E+01  0.3088305E+00 -0.1554678E+01  0.3614774E-02  0.1990015E+01
   04  0.5078547E+01  0.2948043E+00 -0.1505668E+01  0.3543382E-02  0.1975989E+01
   04  0.5085688E+01  0.2807505E+00 -0.1453475E+01  0.3467876E-02  0.1961936E+01
   04  0.5092829E+01  0.2665821E+00 -0.1397542E+01  0.3427456E-02  0.1947767E+01
   04  0.5099969E+01  0.2520916E+00 -0.1336758E+01  0.3335263E-02  0.1933277E+01
   04  0.5107110E+01  0.2370825E+00 -0.1270292E+01  0.3127440E-02  0.1918268E+01
   04  0.5109490E+01  0.2319180E+00 -0.1246516E+01  0.3039522E-02  0.1913103E+01
   04  0.5111871E+01  0.2266334E+00 -0.1221890E+01  0.2931779E-02  0.1907818E+01
   04  0.5114251E+01  0.2212141E+00 -0.1196353E+01  0.2805249E-02  0.1902399E+01
   04  0.5116631E+01  0.2156479E+00 -0.1169848E+01  0.2660808E-02  0.1896833E+01
   04  0.5119011E+01  0.2099162E+00 -0.1142291E+01  0.2499480E-02  0.1891101E+01
   04  0.5121392E+01  0.2040033E+00 -0.1113603E+01  0.2322762E-02  0.1885188E+01
   04  0.5123772E+01  0.1979014E+00 -0.1083739E+01  0.2132397E-02  0.1879086E+01
   04  0.5126152E+01  0.1916087E+00 -0.1052675E+01  0.1930368E-02  0.1872794E+01
   04  0.5128532E+01  0.1851301E+00 -0.1020418E+01  0.1719051E-02  0.1866315E+01
   04  0.5135673E+01  0.1650296E+00 -0.9192888E+00  0.1019715E-02  0.1846215E+01
   04  0.5142814E+01  0.1436997E+00 -0.8092327E+00  0.3465156E-03  0.1824885E+01
   04  0.5149955E+01  0.1213650E+00 -0.6910093E+00 -0.2364236E-03  0.1802550E+01
   04  0.5157096E+01  0.9954141E-01 -0.5719049E+00 -0.7003819E-03  0.1780726E+01
   04  0.5164237E+01  0.7937681E-01 -0.4582466E+00 -0.1020980E-02  0.1760562E+01
   04  0.5171378E+01  0.6163254E-01 -0.3549203E+00 -0.1187076E-02  0.1742818E+01
   04  0.5174948E+01  0.5391498E-01 -0.3085001E+00 -0.1224782E-02  0.1735100E+01
   04  0.5178519E+01  0.4701056E-01 -0.2663241E+00 -0.1232945E-02  0.1728196E+01
   04  0.5182089E+01  0.4098976E-01 -0.2289611E+00 -0.1215129E-02  0.1722175E+01
   04  0.5185660E+01  0.3587888E-01 -0.1967075E+00 -0.1177514E-02  0.1717064E+01
   04  0.5189230E+01  0.3153785E-01 -0.1689605E+00 -0.1123183E-02  0.1712723E+01
   04  0.5192800E+01  0.2783568E-01 -0.1450978E+00 -0.1053228E-02  0.1709021E+01
   04  0.5196371E+01  0.2470677E-01 -0.1247919E+00 -0.9724814E-03  0.1705892E+01
   04  0.5199941E+01  0.2208204E-01 -0.1076758E+00 -0.8854719E-03  0.1703267E+01
   04  0.5203512E+01  0.1989679E-01 -0.9338254E-01 -0.7961607E-03  0.1701082E+01
   04  0.5207082E+01  0.1810156E-01 -0.8159627E-01 -0.7093506E-03  0.1699287E+01
   04  0.5210653E+01  0.1666116E-01 -0.7210278E-01 -0.6277915E-03  0.1697846E+01
   04  0.5214223E+01  0.1554428E-01 -0.6470574E-01 -0.5538510E-03  0.1696729E+01
   04  0.5219579E+01  0.1427314E-01 -0.5626434E-01 -0.4573854E-03  0.1695458E+01
   04  0.5224935E+01  0.1338938E-01 -0.5029428E-01 -0.3804989E-03  0.1694574E+01
   04  0.5230290E+01  0.1275584E-01 -0.4592396E-01 -0.3281565E-03  0.1693941E+01
   04  0.5235646E+01  0.1225968E-01 -0.4249133E-01 -0.2879910E-03  0.1693445E+01
   04  0.5241002E+01  0.1182158E-01 -0.3956311E-01 -0.2545935E-03  0.1693007E+01
   04  0.5246357E+01  0.1140574E-01 -0.3692989E-01 -0.2253936E-03  0.1692591E+01
   04  0.5247696E+01  0.1130242E-01 -0.3630623E-01 -0.2184450E-03  0.1692487E+01
   04  0.5249035E+01  0.1119990E-01 -0.3569423E-01 -0.2115281E-03  0.1692385E+01
   04  0.5250374E+01  0.1109832E-01 -0.3509407E-01 -0.2046515E-03  0.1692283E+01
   04  0.5251713E+01  0.1099776E-01 -0.3450591E-01 -0.1978225E-03  0.1692183E+01
   04  0.5253052E+01  0.1089834E-01 -0.3392984E-01 -0.1910503E-03  0.1692083E+01
   04  0.5254391E+01  0.1080010E-01 -0.3336583E-01 -0.1843498E-03  0.1691985E+01
   04  0.5255730E+01  0.1070307E-01 -0.3281377E-01 -0.1777349E-03  0.1691888E+01
   04  0.5257069E+01  0.1060730E-01 -0.3227357E-01 -0.1712165E-03  0.1691792E+01
   04  0.5263424E+01  0.1017630E-01 -0.2984093E-01 -0.1413485E-03  0.1691361E+01
   04  0.5269779E+01  0.9788164E-02 -0.2771081E-01 -0.1080296E-03  0.1690973E+01
   04  0.5276135E+01  0.9464225E-02 -0.2593809E-01 -0.7907387E-04  0.1690649E+01
   04  0.5282490E+01  0.9186827E-02 -0.2443234E-01 -0.5558978E-04  0.1690372E+01
   04  0.5288846E+01  0.8944369E-02 -0.2313296E-01 -0.3687019E-04  0.1690129E+01
   04  0.5295201E+01  0.8731247E-02 -0.2200551E-01 -0.2213489E-04  0.1689916E+01
   04  0.5301556E+01  0.8542645E-02 -0.2102139E-01 -0.1053835E-04  0.1689728E+01
   04  0.5307912E+01  0.8374882E-02 -0.2015815E-01 -0.1470981E-05  0.1689560E+01
   04  0.5314267E+01  0.8224833E-02 -0.1939710E-01  0.5553271E-05  0.1689410E+01
   04  0.5320623E+01  0.8089912E-02 -0.1872284E-01  0.1091427E-04  0.1689275E+01
   04  0.5326978E+01  0.7967934E-02 -0.1812254E-01  0.1491728E-04  0.1689153E+01
   04  0.5333333E+01  0.7857044E-02 -0.1758541E-01  0.1781236E-04  0.1689042E+01
   04  0.5340474E+01  0.7743338E-02 -0.1703840E-01  0.1999091E-04  0.1688928E+01
   04  0.5347615E+01  0.7639779E-02 -0.1655010E-01  0.2126787E-04  0.1688825E+01
   04  0.5354756E+01  0.7544726E-02 -0.1611125E-01  0.2184145E-04  0.1688730E+01
   04  0.5361897E+01  0.7456777E-02 -0.1571406E-01  0.2187341E-04  0.1688642E+01
   04  0.5369038E+01  0.7374725E-02 -0.1535196E-01  0.2149573E-04  0.1688560E+01
   04  0.5376179E+01  0.7297524E-02 -0.1501938E-01  0.2081576E-04  0.1688483E+01
   04  0.5383320E+01  0.7224261E-02 -0.1471155E-01  0.1992068E-04  0.1688409E+01
   04  0.5390460E+01  0.7154142E-02 -0.1442433E-01  0.1888096E-04  0.1688339E+01
   04  0.5397601E+01  0.7086472E-02 -0.1415415E-01  0.1775332E-04  0.1688271E+01
   04  0.5404742E+01  0.7020633E-02 -0.1389794E-01  0.1658253E-04  0.1688206E+01
   04  0.5411883E+01  0.6956074E-02 -0.1365307E-01  0.1540410E-04  0.1688141E+01
   04  0.5419024E+01  0.6892303E-02 -0.1341723E-01  0.1424578E-04  0.1688077E+01
   04  0.5426165E+01  0.6828890E-02 -0.1318837E-01  0.1312787E-04  0.1688014E+01
   04  0.5433306E+01  0.6765464E-02 -0.1296470E-01  0.1206516E-04  0.1687950E+01
   04  0.5440447E+01  0.6701688E-02 -0.1274475E-01  0.1106969E-04  0.1687887E+01
   04  0.5447588E+01  0.6637255E-02 -0.1252728E-01  0.1015117E-04  0.1687822E+01
   04  0.5454728E+01  0.6571924E-02 -0.1231122E-01  0.9311087E-05  0.1687757E+01
   04  0.5461869E+01  0.6505509E-02 -0.1209560E-01  0.8548434E-05  0.1687691E+01
   04  0.5469010E+01  0.6437876E-02 -0.1187964E-01  0.7860321E-05  0.1687623E+01
   04  0.5476151E+01  0.6368892E-02 -0.1166296E-01  0.7242403E-05  0.1687554E+01
   04  0.5483291E+01  0.6298456E-02 -0.1144536E-01  0.6689423E-05  0.1687483E+01
   04  0.5490432E+01  0.6226535E-02 -0.1122646E-01  0.6196316E-05  0.1687412E+01
   04  0.5497573E+01  0.6153140E-02 -0.1100587E-01  0.5761580E-05  0.1687338E+01
   04  0.5504713E+01  0.6078355E-02 -0.1078349E-01  0.5377133E-05  0.1687263E+01
   04  0.5511854E+01  0.6002273E-02 -0.1055960E-01  0.5035485E-05  0.1687187E+01
   04  0.5518995E+01  0.5925001E-02 -0.1033480E-01  0.4729857E-05  0.1687110E+01
   04  0.5526135E+01  0.5846657E-02 -0.1010944E-01  0.4453892E-05  0.1687032E+01
   04  0.5531491E+01  0.5787639E-02 -0.9949783E-02  0.4267942E-05  0.1686973E+01
   04  0.5536846E+01  0.5728193E-02 -0.9788473E-02  0.4092854E-05  0.1686913E+01
   04  0.5542202E+01  0.5668404E-02 -0.9626031E-02  0.3926990E-05  0.1686853E+01
   04  0.5547557E+01  0.5608365E-02 -0.9462979E-02  0.3768819E-05  0.1686793E+01
   04  0.5552913E+01  0.5548169E-02 -0.9299790E-02  0.3616993E-05  0.1686733E+01
   04  0.5558268E+01  0.5487910E-02 -0.9136678E-02  0.3470349E-05  0.1686673E+01
   04  0.5563624E+01  0.5427668E-02 -0.8973044E-02  0.3327937E-05  0.1686613E+01
   04  0.5568979E+01  0.5367530E-02 -0.8809156E-02  0.3189061E-05  0.1686553E+01
   04  0.5574334E+01  0.5307575E-02 -0.8644660E-02  0.3053344E-05  0.1686493E+01
   04  0.5579690E+01  0.5247897E-02 -0.8480947E-02  0.2920463E-05  0.1686433E+01
   04  0.5585045E+01  0.5188592E-02 -0.8318666E-02  0.2790188E-05  0.1686374E+01
   04  0.5590401E+01  0.5129754E-02 -0.8159001E-02  0.2662309E-05  0.1686315E+01
   04  0.5596756E+01  0.5060304E-02 -0.7966888E-02  0.2511856E-05  0.1686245E+01
   04  0.5603112E+01  0.4991742E-02 -0.7779806E-02  0.2365179E-05  0.1686177E+01
   04  0.5609467E+01  0.4924185E-02 -0.7597777E-02  0.2222276E-05  0.1686109E+01
   04  0.5615823E+01  0.4857751E-02 -0.7420468E-02  0.2083268E-05  0.1686043E+01
   04  0.5622178E+01  0.4792567E-02 -0.7248175E-02  0.1948483E-05  0.1685978E+01
   04  0.5628534E+01  0.4728761E-02 -0.7081068E-02  0.1818297E-05  0.1685914E+01
   04  0.5634889E+01  0.4666419E-02 -0.6919463E-02  0.1692771E-05  0.1685851E+01
   04  0.5641245E+01  0.4605597E-02 -0.6763359E-02  0.1572011E-05  0.1685791E+01
   04  0.5647600E+01  0.4546297E-02 -0.6612461E-02  0.1456822E-05  0.1685731E+01
   04  0.5653956E+01  0.4488511E-02 -0.6466553E-02  0.1347335E-05  0.1685674E+01
   04  0.5660311E+01  0.4432245E-02 -0.6326601E-02  0.1243785E-05  0.1685617E+01
   04  0.5666667E+01  0.4377500E-02 -0.6192546E-02  0.1146154E-05  0.1685563E+01
   04  0.5673807E+01  0.4317484E-02 -0.6044638E-02  0.1042237E-05  0.1685502E+01
   04  0.5680947E+01  0.4259409E-02 -0.5904034E-02  0.9454422E-06  0.1685444E+01
   04  0.5688088E+01  0.4203199E-02 -0.5769243E-02  0.8558528E-06  0.1685388E+01
   04  0.5695228E+01  0.4148752E-02 -0.5639423E-02  0.7736586E-06  0.1685334E+01
   04  0.5702368E+01  0.4095967E-02 -0.5514450E-02  0.6991988E-06  0.1685281E+01
   04  0.5709508E+01  0.4044760E-02 -0.5394169E-02  0.6317055E-06  0.1685230E+01
   04  0.5716649E+01  0.3995007E-02 -0.5278336E-02  0.5706706E-06  0.1685180E+01
   04  0.5723789E+01  0.3946591E-02 -0.5166693E-02  0.5156738E-06  0.1685132E+01
   04  0.5730929E+01  0.3899406E-02 -0.5058982E-02  0.4661328E-06  0.1685084E+01
   04  0.5738070E+01  0.3853386E-02 -0.4954993E-02  0.4215362E-06  0.1685038E+01
   04  0.5745210E+01  0.3808507E-02 -0.4854575E-02  0.3812846E-06  0.1684994E+01
   04  0.5752350E+01  0.3764742E-02 -0.4757581E-02  0.3449677E-06  0.1684950E+01
   04  0.5759491E+01  0.3722063E-02 -0.4663867E-02  0.3121908E-06  0.1684907E+01
   04  0.5766631E+01  0.3680438E-02 -0.4573296E-02  0.2825980E-06  0.1684865E+01
   04  0.5773771E+01  0.3639837E-02 -0.4485736E-02  0.2559556E-06  0.1684825E+01
   04  0.5780911E+01  0.3600232E-02 -0.4401063E-02  0.2319809E-06  0.1684785E+01
   04  0.5788052E+01  0.3561596E-02 -0.4319162E-02  0.2104070E-06  0.1684747E+01
   04  0.5795192E+01  0.3523903E-02 -0.4239923E-02  0.1909982E-06  0.1684709E+01
   04  0.5799476E+01  0.3502120E-02 -0.4203850E-02  0.1806931E-06  0.1684687E+01
   04  0.5803761E+01  0.3480637E-02 -0.4167466E-02  0.1710057E-06  0.1684666E+01
   04  0.5808045E+01  0.3459450E-02 -0.4130882E-02  0.1619091E-06  0.1684644E+01
   04  0.5812329E+01  0.3438553E-02 -0.4094194E-02  0.1533764E-06  0.1684624E+01
   04  0.5816613E+01  0.3417943E-02 -0.4057490E-02  0.1453817E-06  0.1684603E+01
   04  0.5820183E+01  0.3401057E-02 -0.4029076E-02  0.1391785E-06  0.1684586E+01
   04  0.5823753E+01  0.3384361E-02 -0.4000529E-02  0.1333059E-06  0.1684569E+01
   04  0.5827324E+01  0.3367855E-02 -0.3971904E-02  0.1277517E-06  0.1684553E+01
   04  0.5832679E+01  0.3343188E-02 -0.3921175E-02  0.1197744E-06  0.1684528E+01
   04  0.5838034E+01  0.3318960E-02 -0.3871696E-02  0.1125011E-06  0.1684504E+01
   04  0.5842318E+01  0.3300010E-02 -0.3836738E-02  0.1072538E-06  0.1684485E+01
   04  0.5846603E+01  0.3281327E-02 -0.3802074E-02  0.1023824E-06  0.1684466E+01
   04  0.5850887E+01  0.3262909E-02 -0.3767741E-02  0.9786807E-07  0.1684448E+01
   04  0.5855171E+01  0.3244753E-02 -0.3733769E-02  0.9369297E-07  0.1684430E+01
   04  0.5859455E+01  0.3226857E-02 -0.3700186E-02  0.8984007E-07  0.1684412E+01
   04  0.5863025E+01  0.3212201E-02 -0.3674592E-02  0.8691026E-07  0.1684397E+01
   04  0.5866596E+01  0.3197720E-02 -0.3649075E-02  0.8417692E-07  0.1684383E+01
   04  0.5870166E+01  0.3183412E-02 -0.3623668E-02  0.8163257E-07  0.1684368E+01
   04  0.5873736E+01  0.3169276E-02 -0.3598397E-02  0.7926993E-07  0.1684354E+01
   04  0.5877306E+01  0.3155311E-02 -0.3573286E-02  0.7708192E-07  0.1684340E+01
   04  0.5880876E+01  0.3141516E-02 -0.3548358E-02  0.7506166E-07  0.1684327E+01
   04  0.5886231E+01  0.3120935E-02 -0.3503843E-02  0.7217881E-07  0.1684306E+01
   04  0.5891587E+01  0.3100749E-02 -0.3461024E-02  0.6966672E-07  0.1684286E+01
   04  0.5896942E+01  0.3080955E-02 -0.3419771E-02  0.6749784E-07  0.1684266E+01
   04  0.5902297E+01  0.3061549E-02 -0.3379968E-02  0.6564720E-07  0.1684247E+01
   04  0.5907653E+01  0.3042528E-02 -0.3341515E-02  0.6409202E-07  0.1684228E+01
   04  0.5913008E+01  0.3023887E-02 -0.3304325E-02  0.6281153E-07  0.1684209E+01
   04  0.5918363E+01  0.3005622E-02 -0.3268319E-02  0.6178669E-07  0.1684191E+01
   04  0.5923718E+01  0.2987728E-02 -0.3233430E-02  0.6100004E-07  0.1684173E+01
   04  0.5930075E+01  0.2966850E-02 -0.3188620E-02  0.6025844E-07  0.1684152E+01
   04  0.5936432E+01  0.2946493E-02 -0.3146124E-02  0.5982186E-07  0.1684131E+01
   04  0.5942789E+01  0.2926651E-02 -0.3105696E-02  0.5966389E-07  0.1684112E+01
   04  0.5949146E+01  0.2907313E-02 -0.3067133E-02  0.5976126E-07  0.1684092E+01
   04  0.5955502E+01  0.2888472E-02 -0.3030261E-02  0.6009337E-07  0.1684073E+01
   04  0.5961859E+01  0.2870117E-02 -0.2994937E-02  0.6064178E-07  0.1684055E+01
   04  0.5968216E+01  0.2852241E-02 -0.2961035E-02  0.6138989E-07  0.1684037E+01
   04  0.5974573E+01  0.2834834E-02 -0.2928450E-02  0.6232246E-07  0.1684020E+01
   04  0.5980930E+01  0.2817886E-02 -0.2897093E-02  0.6342527E-07  0.1684003E+01
   04  0.5987286E+01  0.2801388E-02 -0.2866886E-02  0.6468478E-07  0.1683986E+01
   04  0.5993643E+01  0.2785332E-02 -0.2837760E-02  0.6608771E-07  0.1683970E+01
   04  0.6000000E+01  0.2769708E-02 -0.2809657E-02  0.6762072E-07  0.1683955E+01
   04  0.6007140E+01  0.2752593E-02 -0.2775311E-02  0.6937347E-07  0.1683938E+01
   04  0.6014281E+01  0.2736010E-02 -0.2742990E-02  0.7126896E-07  0.1683921E+01
   04  0.6021421E+01  0.2719946E-02 -0.2712452E-02  0.7328331E-07  0.1683905E+01
   04  0.6028561E+01  0.2704387E-02 -0.2683499E-02  0.7539227E-07  0.1683889E+01
   04  0.6035701E+01  0.2689321E-02 -0.2655970E-02  0.7757086E-07  0.1683874E+01
   04  0.6042842E+01  0.2674734E-02 -0.2629729E-02  0.7979620E-07  0.1683860E+01
   04  0.6049982E+01  0.2660611E-02 -0.2604665E-02  0.8204365E-07  0.1683846E+01
   04  0.6057122E+01  0.2646940E-02 -0.2580683E-02  0.8428584E-07  0.1683832E+01
   04  0.6064263E+01  0.2633707E-02 -0.2557703E-02  0.8649314E-07  0.1683819E+01
   04  0.6071403E+01  0.2620899E-02 -0.2535656E-02  0.8863532E-07  0.1683806E+01
   04  0.6078543E+01  0.2608501E-02 -0.2514480E-02  0.9068434E-07  0.1683794E+01
   04  0.6085683E+01  0.2596500E-02 -0.2494124E-02  0.9262155E-07  0.1683781E+01
   04  0.6092824E+01  0.2584883E-02 -0.2474538E-02  0.9447318E-07  0.1683770E+01
   04  0.6099964E+01  0.2573634E-02 -0.2455680E-02  0.9634321E-07  0.1683759E+01
   04  0.6107104E+01  0.2562741E-02 -0.2437509E-02  0.9821568E-07  0.1683748E+01
   04  0.6114244E+01  0.2552189E-02 -0.2419988E-02  0.1000826E-06  0.1683737E+01
   04  0.6121385E+01  0.2541964E-02 -0.2403084E-02  0.1019417E-06  0.1683727E+01
   04  0.6128525E+01  0.2532054E-02 -0.2386763E-02  0.1037939E-06  0.1683717E+01
   04  0.6135665E+01  0.2522444E-02 -0.2370995E-02  0.1056419E-06  0.1683707E+01
   04  0.6142805E+01  0.2513119E-02 -0.2355750E-02  0.1074887E-06  0.1683698E+01
   04  0.6149946E+01  0.2504067E-02 -0.2340999E-02  0.1093362E-06  0.1683689E+01
   04  0.6157086E+01  0.2495272E-02 -0.2326714E-02  0.1113250E-06  0.1683680E+01
   04  0.6164226E+01  0.2486720E-02 -0.2312867E-02  0.1134303E-06  0.1683672E+01
   04  0.6171366E+01  0.2478399E-02 -0.2299432E-02  0.1156200E-06  0.1683663E+01
   04  0.6178506E+01  0.2470294E-02 -0.2286386E-02  0.1178644E-06  0.1683655E+01
   04  0.6185646E+01  0.2462394E-02 -0.2273703E-02  0.1201352E-06  0.1683647E+01
   04  0.6192787E+01  0.2454684E-02 -0.2261359E-02  0.1224055E-06  0.1683640E+01
   04  0.6199927E+01  0.2447152E-02 -0.2249334E-02  0.1246491E-06  0.1683632E+01
   04  0.6207067E+01  0.2439786E-02 -0.2237603E-02  0.1268413E-06  0.1683625E+01
   04  0.6214207E+01  0.2432574E-02 -0.2226146E-02  0.1289581E-06  0.1683618E+01
   04  0.6221347E+01  0.2425504E-02 -0.2214943E-02  0.1309770E-06  0.1683611E+01
   04  0.6228487E+01  0.2418565E-02 -0.2203973E-02  0.1328768E-06  0.1683604E+01
   04  0.6235627E+01  0.2411746E-02 -0.2193219E-02  0.1346372E-06  0.1683597E+01
   04  0.6242768E+01  0.2405036E-02 -0.2182662E-02  0.1362363E-06  0.1683590E+01
   04  0.6249908E+01  0.2398426E-02 -0.2172284E-02  0.1376552E-06  0.1683583E+01
   04  0.6257048E+01  0.2391905E-02 -0.2162070E-02  0.1388783E-06  0.1683577E+01
   04  0.6263405E+01  0.2386195E-02 -0.2156379E-02  0.1399739E-06  0.1683571E+01
   04  0.6269762E+01  0.2380538E-02 -0.2150104E-02  0.1408435E-06  0.1683566E+01
   04  0.6276119E+01  0.2374930E-02 -0.2143377E-02  0.1414928E-06  0.1683560E+01
   04  0.6282476E+01  0.2369364E-02 -0.2136302E-02  0.1419260E-06  0.1683554E+01
   04  0.6288834E+01  0.2363834E-02 -0.2128960E-02  0.1421467E-06  0.1683549E+01
   04  0.6295191E+01  0.2358336E-02 -0.2121414E-02  0.1421577E-06  0.1683543E+01
   04  0.6301548E+01  0.2352865E-02 -0.2113713E-02  0.1419617E-06  0.1683538E+01
   04  0.6307905E+01  0.2347416E-02 -0.2105893E-02  0.1415610E-06  0.1683532E+01
   04  0.6314262E+01  0.2341985E-02 -0.2097984E-02  0.1409579E-06  0.1683527E+01
   04  0.6320619E+01  0.2336567E-02 -0.2090008E-02  0.1401555E-06  0.1683522E+01
   04  0.6326976E+01  0.2331158E-02 -0.2081979E-02  0.1391572E-06  0.1683516E+01
   04  0.6333333E+01  0.2325755E-02 -0.2073911E-02  0.1379671E-06  0.1683511E+01
   04  0.6340473E+01  0.2319660E-02 -0.2061219E-02  0.1362184E-06  0.1683505E+01
   04  0.6347613E+01  0.2313567E-02 -0.2049355E-02  0.1343121E-06  0.1683499E+01
   04  0.6354753E+01  0.2307469E-02 -0.2038122E-02  0.1322388E-06  0.1683492E+01
   04  0.6361893E+01  0.2301363E-02 -0.2027367E-02  0.1299949E-06  0.1683486E+01
   04  0.6369033E+01  0.2295245E-02 -0.2016975E-02  0.1275813E-06  0.1683480E+01
   04  0.6376173E+01  0.2289110E-02 -0.2006855E-02  0.1250026E-06  0.1683474E+01
   04  0.6383313E+01  0.2282955E-02 -0.1996936E-02  0.1222663E-06  0.1683468E+01
   04  0.6390453E+01  0.2276777E-02 -0.1987166E-02  0.1193820E-06  0.1683462E+01
   04  0.6397593E+01  0.2270574E-02 -0.1977502E-02  0.1163611E-06  0.1683456E+01
   04  0.6404733E+01  0.2264342E-02 -0.1967912E-02  0.1132159E-06  0.1683449E+01
   04  0.6411873E+01  0.2258080E-02 -0.1958373E-02  0.1099596E-06  0.1683443E+01
   04  0.6419013E+01  0.2251787E-02 -0.1948865E-02  0.1066054E-06  0.1683437E+01
   04  0.6426153E+01  0.2245462E-02 -0.1939375E-02  0.1031676E-06  0.1683430E+01
   04  0.6433293E+01  0.2239105E-02 -0.1929892E-02  0.9966098E-07  0.1683424E+01
   04  0.6440432E+01  0.2232716E-02 -0.1920409E-02  0.9609940E-07  0.1683418E+01
   04  0.6447572E+01  0.2226295E-02 -0.1910921E-02  0.9249648E-07  0.1683411E+01
   04  0.6454712E+01  0.2219843E-02 -0.1901426E-02  0.8886530E-07  0.1683405E+01
   04  0.6461852E+01  0.2213362E-02 -0.1891920E-02  0.8521847E-07  0.1683398E+01
   04  0.6468992E+01  0.2206852E-02 -0.1882406E-02  0.8156813E-07  0.1683392E+01
   04  0.6476132E+01  0.2200317E-02 -0.1872882E-02  0.7792559E-07  0.1683385E+01
   04  0.6483272E+01  0.2193758E-02 -0.1863349E-02  0.7430161E-07  0.1683379E+01
   04  0.6490411E+01  0.2187177E-02 -0.1853811E-02  0.7070624E-07  0.1683372E+01
   04  0.6497551E+01  0.2180577E-02 -0.1844269E-02  0.6714881E-07  0.1683366E+01
   04  0.6504691E+01  0.2173961E-02 -0.1834726E-02  0.6363788E-07  0.1683359E+01
   04  0.6511831E+01  0.2167332E-02 -0.1825187E-02  0.6018138E-07  0.1683352E+01
   04  0.6518971E+01  0.2160693E-02 -0.1815655E-02  0.5678650E-07  0.1683346E+01
   04  0.6526110E+01  0.2154047E-02 -0.1806134E-02  0.5345970E-07  0.1683339E+01
   04  0.6533250E+01  0.2147399E-02 -0.1796630E-02  0.5020662E-07  0.1683332E+01
   04  0.6540390E+01  0.2140751E-02 -0.1787146E-02  0.4708556E-07  0.1683326E+01
   04  0.6547530E+01  0.2134107E-02 -0.1777687E-02  0.4409409E-07  0.1683319E+01
   04  0.6554669E+01  0.2127470E-02 -0.1768257E-02  0.4122825E-07  0.1683312E+01
   04  0.6561809E+01  0.2120845E-02 -0.1758863E-02  0.3848402E-07  0.1683306E+01
   04  0.6568949E+01  0.2114235E-02 -0.1749509E-02  0.3585734E-07  0.1683299E+01
   04  0.6576089E+01  0.2107643E-02 -0.1740199E-02  0.3338564E-07  0.1683293E+01
   04  0.6583229E+01  0.2101075E-02 -0.1730938E-02  0.3106311E-07  0.1683286E+01
   04  0.6590368E+01  0.2094532E-02 -0.1721731E-02  0.2887698E-07  0.1683280E+01
   04  0.6596727E+01  0.2088750E-02 -0.1716646E-02  0.2706922E-07  0.1683274E+01
   04  0.6603085E+01  0.2082992E-02 -0.1710909E-02  0.2533891E-07  0.1683268E+01
   04  0.6609443E+01  0.2077259E-02 -0.1704680E-02  0.2368402E-07  0.1683262E+01
   04  0.6615801E+01  0.2071555E-02 -0.1698084E-02  0.2210179E-07  0.1683257E+01
   04  0.6622159E+01  0.2065881E-02 -0.1691218E-02  0.2058893E-07  0.1683251E+01
   04  0.6628517E+01  0.2060240E-02 -0.1684160E-02  0.1914191E-07  0.1683245E+01
   04  0.6634876E+01  0.2054635E-02 -0.1676969E-02  0.1775703E-07  0.1683240E+01
   04  0.6641234E+01  0.2049069E-02 -0.1669694E-02  0.1643055E-07  0.1683234E+01
   04  0.6647592E+01  0.2043545E-02 -0.1662371E-02  0.1515878E-07  0.1683229E+01
   04  0.6653950E+01  0.2038063E-02 -0.1655030E-02  0.1393809E-07  0.1683223E+01
   04  0.6660308E+01  0.2032628E-02 -0.1647695E-02  0.1276497E-07  0.1683218E+01
   04  0.6666667E+01  0.2027241E-02 -0.1640383E-02  0.1163601E-07  0.1683212E+01
   04  0.6673806E+01  0.2021232E-02 -0.1628866E-02  0.1040126E-07  0.1683206E+01
   04  0.6680945E+01  0.2015294E-02 -0.1618287E-02  0.9222077E-08  0.1683200E+01
   04  0.6688085E+01  0.2009428E-02 -0.1608435E-02  0.8090914E-08  0.1683194E+01
   04  0.6695224E+01  0.2003637E-02 -0.1599156E-02  0.7001524E-08  0.1683189E+01
   04  0.6702364E+01  0.1997924E-02 -0.1590333E-02  0.5948604E-08  0.1683183E+01
   04  0.6709503E+01  0.1992289E-02 -0.1581880E-02  0.4925999E-08  0.1683177E+01
   04  0.6716642E+01  0.1986735E-02 -0.1573735E-02  0.3928334E-08  0.1683172E+01
   04  0.6723782E+01  0.1981261E-02 -0.1565849E-02  0.2951137E-08  0.1683166E+01
   04  0.6730921E+01  0.1975870E-02 -0.1558189E-02  0.1990590E-08  0.1683161E+01
   04  0.6738060E+01  0.1970562E-02 -0.1550727E-02  0.1043344E-08  0.1683156E+01
   04  0.6745200E+01  0.1965337E-02 -0.1543446E-02  0.1063814E-09  0.1683150E+01
   04  0.6752339E+01  0.1960197E-02 -0.1536330E-02 -0.8230799E-09  0.1683145E+01
   04  0.6759479E+01  0.1955141E-02 -0.1529370E-02 -0.1747657E-08  0.1683140E+01
   04  0.6766618E+01  0.1950170E-02 -0.1522557E-02 -0.2669863E-08  0.1683135E+01
   04  0.6773757E+01  0.1945285E-02 -0.1515885E-02 -0.3592156E-08  0.1683130E+01
   04  0.6780897E+01  0.1940485E-02 -0.1509350E-02 -0.4516974E-08  0.1683125E+01
   04  0.6788036E+01  0.1935771E-02 -0.1502948E-02 -0.5446747E-08  0.1683121E+01
   04  0.6795176E+01  0.1931141E-02 -0.1496676E-02 -0.6383909E-08  0.1683116E+01
   04  0.6802315E+01  0.1926597E-02 -0.1490532E-02 -0.7330893E-08  0.1683112E+01
   04  0.6809454E+01  0.1922137E-02 -0.1484513E-02 -0.8290157E-08  0.1683107E+01
   04  0.6816593E+01  0.1917761E-02 -0.1478618E-02 -0.9264158E-08  0.1683103E+01
   04  0.6823733E+01  0.1913468E-02 -0.1472844E-02 -0.1025535E-07  0.1683098E+01
   04  0.6830872E+01  0.1909257E-02 -0.1467189E-02 -0.1126618E-07  0.1683094E+01
   04  0.6838011E+01  0.1905127E-02 -0.1461653E-02 -0.1229906E-07  0.1683090E+01
   04  0.6845151E+01  0.1901078E-02 -0.1456231E-02 -0.1335639E-07  0.1683086E+01
   04  0.6852290E+01  0.1897108E-02 -0.1450924E-02 -0.1444057E-07  0.1683082E+01
   04  0.6859429E+01  0.1893215E-02 -0.1445728E-02 -0.1555395E-07  0.1683078E+01
   04  0.6866569E+01  0.1889398E-02 -0.1440640E-02 -0.1669881E-07  0.1683074E+01
   04  0.6873708E+01  0.1885655E-02 -0.1435660E-02 -0.1787736E-07  0.1683071E+01
   04  0.6880847E+01  0.1881986E-02 -0.1430783E-02 -0.1909172E-07  0.1683067E+01
   04  0.6887986E+01  0.1878387E-02 -0.1426008E-02 -0.2034384E-07  0.1683063E+01
   04  0.6895126E+01  0.1874857E-02 -0.1421332E-02 -0.2163547E-07  0.1683060E+01
   04  0.6902265E+01  0.1871394E-02 -0.1416751E-02 -0.2296821E-07  0.1683056E+01
   04  0.6909404E+01  0.1867996E-02 -0.1412263E-02 -0.2434342E-07  0.1683053E+01
   04  0.6916544E+01  0.1864661E-02 -0.1407864E-02 -0.2576333E-07  0.1683050E+01
   04  0.6923683E+01  0.1861385E-02 -0.1403551E-02 -0.2723004E-07  0.1683046E+01
   04  0.6930043E+01  0.1858528E-02 -0.1402664E-02 -0.2863520E-07  0.1683044E+01
   04  0.6936402E+01  0.1855712E-02 -0.1401140E-02 -0.3007257E-07  0.1683041E+01
   04  0.6942762E+01  0.1852936E-02 -0.1399144E-02 -0.3154367E-07  0.1683038E+01
   04  0.6949122E+01  0.1850198E-02 -0.1396800E-02 -0.3304969E-07  0.1683035E+01
   04  0.6955482E+01  0.1847496E-02 -0.1394205E-02 -0.3459149E-07  0.1683032E+01
   04  0.6961841E+01  0.1844830E-02 -0.1391428E-02 -0.3616958E-07  0.1683030E+01
   04  0.6968201E+01  0.1842196E-02 -0.1388524E-02 -0.3778412E-07  0.1683027E+01
   04  0.6974561E+01  0.1839594E-02 -0.1385534E-02 -0.3943495E-07  0.1683025E+01
   04  0.6980921E+01  0.1837022E-02 -0.1382487E-02 -0.4112163E-07  0.1683022E+01
   04  0.6987280E+01  0.1834477E-02 -0.1379406E-02 -0.4289293E-07  0.1683019E+01
   04  0.6993640E+01  0.1831958E-02 -0.1376305E-02 -0.4475250E-07  0.1683017E+01
   04  0.7000000E+01  0.1829463E-02 -0.1373197E-02 -0.4669172E-07  0.1683014E+01
   04  0.7007139E+01  0.1826676E-02 -0.1366536E-02 -0.4883629E-07  0.1683012E+01
   04  0.7014278E+01  0.1823918E-02 -0.1360750E-02 -0.5108258E-07  0.1683009E+01
   04  0.7021416E+01  0.1821185E-02 -0.1355609E-02 -0.5341666E-07  0.1683006E+01
   04  0.7028555E+01  0.1818474E-02 -0.1350945E-02 -0.5582484E-07  0.1683003E+01
   04  0.7035694E+01  0.1815782E-02 -0.1346633E-02 -0.5829504E-07  0.1683001E+01
   04  0.7042833E+01  0.1813107E-02 -0.1342583E-02 -0.6081686E-07  0.1682998E+01
   04  0.7049971E+01  0.1810446E-02 -0.1338728E-02 -0.6338122E-07  0.1682995E+01
   04  0.7057110E+01  0.1807796E-02 -0.1335016E-02 -0.6598001E-07  0.1682993E+01
   04  0.7064249E+01  0.1805153E-02 -0.1331411E-02 -0.6860568E-07  0.1682990E+01
   04  0.7071388E+01  0.1802516E-02 -0.1327884E-02 -0.7125122E-07  0.1682988E+01
   04  0.7078527E+01  0.1799882E-02 -0.1324414E-02 -0.7394676E-07  0.1682985E+01
   04  0.7085665E+01  0.1797247E-02 -0.1320985E-02 -0.7671839E-07  0.1682982E+01
   04  0.7092804E+01  0.1794610E-02 -0.1317583E-02 -0.7954683E-07  0.1682980E+01
   04  0.7099943E+01  0.1791968E-02 -0.1314198E-02 -0.8241905E-07  0.1682977E+01
   04  0.7107082E+01  0.1789319E-02 -0.1310824E-02 -0.8534252E-07  0.1682974E+01
   04  0.7114220E+01  0.1786661E-02 -0.1307453E-02 -0.8831821E-07  0.1682972E+01
   04  0.7121359E+01  0.1783992E-02 -0.1304080E-02 -0.9134308E-07  0.1682969E+01
   04  0.7128498E+01  0.1781311E-02 -0.1300701E-02 -0.9442919E-07  0.1682966E+01
   04  0.7135637E+01  0.1778616E-02 -0.1297313E-02 -0.9745817E-07  0.1682964E+01
   04  0.7142775E+01  0.1775908E-02 -0.1293917E-02 -0.1003541E-06  0.1682961E+01
   04  0.7149914E+01  0.1773188E-02 -0.1290512E-02 -0.1030868E-06  0.1682958E+01
   04  0.7157052E+01  0.1770456E-02 -0.1287098E-02 -0.1056462E-06  0.1682955E+01
   04  0.7164191E+01  0.1767710E-02 -0.1283673E-02 -0.1080269E-06  0.1682953E+01
   04  0.7171329E+01  0.1764950E-02 -0.1280237E-02 -0.1102278E-06  0.1682950E+01
   04  0.7178468E+01  0.1762177E-02 -0.1276789E-02 -0.1122521E-06  0.1682947E+01
   04  0.7185606E+01  0.1759388E-02 -0.1273328E-02 -0.1141007E-06  0.1682944E+01
   04  0.7192745E+01  0.1756583E-02 -0.1269850E-02 -0.1157805E-06  0.1682942E+01
   04  0.7199883E+01  0.1753760E-02 -0.1266355E-02 -0.1173113E-06  0.1682939E+01
   04  0.7207022E+01  0.1750927E-02 -0.1262843E-02 -0.1178285E-06  0.1682936E+01
   04  0.7214160E+01  0.1748078E-02 -0.1259320E-02 -0.1177617E-06  0.1682933E+01
   04  0.7221299E+01  0.1745208E-02 -0.1255781E-02 -0.1178105E-06  0.1682930E+01
   04  0.7228438E+01  0.1742319E-02 -0.1252221E-02 -0.1179939E-06  0.1682927E+01
   04  0.7235576E+01  0.1739408E-02 -0.1248638E-02 -0.1183566E-06  0.1682924E+01
   04  0.7242715E+01  0.1736474E-02 -0.1245030E-02 -0.1189059E-06  0.1682921E+01
   04  0.7249853E+01  0.1733519E-02 -0.1241399E-02 -0.1195772E-06  0.1682919E+01
   04  0.7256992E+01  0.1730542E-02 -0.1237744E-02 -0.1203538E-06  0.1682916E+01
   04  0.7263354E+01  0.1727877E-02 -0.1237240E-02 -0.1215857E-06  0.1682913E+01
   04  0.7269715E+01  0.1725194E-02 -0.1236029E-02 -0.1231827E-06  0.1682910E+01
   04  0.7276077E+01  0.1722507E-02 -0.1234279E-02 -0.1236291E-06  0.1682908E+01
   04  0.7282439E+01  0.1719787E-02 -0.1232110E-02 -0.1259071E-06  0.1682905E+01
   04  0.7288801E+01  0.1717036E-02 -0.1229618E-02 -0.1289986E-06  0.1682902E+01
   04  0.7295163E+01  0.1714245E-02 -0.1226855E-02 -0.1332756E-06  0.1682899E+01
   04  0.7301524E+01  0.1711411E-02 -0.1223879E-02 -0.1386388E-06  0.1682896E+01
   04  0.7307886E+01  0.1708541E-02 -0.1220737E-02 -0.1447192E-06  0.1682894E+01
   04  0.7314248E+01  0.1705634E-02 -0.1217462E-02 -0.1515370E-06  0.1682891E+01
   04  0.7320610E+01  0.1702650E-02 -0.1214045E-02 -0.1626581E-06  0.1682888E+01
   04  0.7326972E+01  0.1699615E-02 -0.1210517E-02 -0.1751812E-06  0.1682885E+01
   04  0.7333333E+01  0.1696554E-02 -0.1206913E-02 -0.1873959E-06  0.1682882E+01
   04  0.7340470E+01  0.1693094E-02 -0.1199774E-02 -0.2001989E-06  0.1682878E+01
   04  0.7347607E+01  0.1689023E-02 -0.1193046E-02 -0.2831928E-06  0.1682874E+01
   04  0.7354744E+01  0.1685452E-02 -0.1187110E-02 -0.2938543E-06  0.1682870E+01
   04  0.7361881E+01  0.1681861E-02 -0.1181638E-02 -0.3032061E-06  0.1682867E+01
   04  0.7369018E+01  0.1678272E-02 -0.1176515E-02 -0.3111637E-06  0.1682863E+01
   04  0.7376155E+01  0.1674109E-02 -0.1171271E-02 -0.3842569E-06  0.1682859E+01
   04  0.7383292E+01  0.1670531E-02 -0.1166445E-02 -0.3800025E-06  0.1682856E+01
   04  0.7390429E+01  0.1666975E-02 -0.1161825E-02 -0.3751802E-06  0.1682852E+01
   04  0.7397566E+01  0.1663441E-02 -0.1157361E-02 -0.3706082E-06  0.1682848E+01
   04  0.7404702E+01  0.1659925E-02 -0.1153008E-02 -0.3665176E-06  0.1682845E+01
   04  0.7411839E+01  0.1656433E-02 -0.1148744E-02 -0.3625092E-06  0.1682841E+01
   04  0.7418976E+01  0.1652989E-02 -0.1144581E-02 -0.3566367E-06  0.1682838E+01
   04  0.7426113E+01  0.1649590E-02 -0.1140504E-02 -0.3499148E-06  0.1682835E+01
   04  0.7433250E+01  0.1646230E-02 -0.1136497E-02 -0.3441453E-06  0.1682831E+01
   04  0.7440387E+01  0.1643277E-02 -0.1132774E-02 -0.3023468E-06  0.1682828E+01
   04  0.7447524E+01  0.1640073E-02 -0.1128994E-02 -0.2943608E-06  0.1682825E+01
   04  0.7454661E+01  0.1636615E-02 -0.1125038E-02 -0.3264731E-06  0.1682822E+01
   04  0.7461798E+01  0.1633131E-02 -0.1120994E-02 -0.3597501E-06  0.1682818E+01
   04  0.7468934E+01  0.1628700E-02 -0.1116328E-02 -0.4958150E-06  0.1682814E+01
   04  0.7476070E+01  0.1624306E-02 -0.1111549E-02 -0.6091144E-06  0.1682809E+01
   04  0.7483206E+01  0.1620860E-02 -0.1107110E-02 -0.6049873E-06  0.1682806E+01
   04  0.7490341E+01  0.1617686E-02 -0.1103115E-02 -0.5709226E-06  0.1682803E+01
   04  0.7497477E+01  0.1614583E-02 -0.1099304E-02 -0.5396697E-06  0.1682800E+01
   04  0.7504613E+01  0.1611923E-02 -0.1095789E-02 -0.4700435E-06  0.1682797E+01
   04  0.7511749E+01  0.1608993E-02 -0.1092333E-02 -0.4424271E-06  0.1682794E+01
   04  0.7518885E+01  0.1606125E-02 -0.1088965E-02 -0.4169151E-06  0.1682791E+01
   04  0.7526021E+01  0.1603318E-02 -0.1085691E-02 -0.3947991E-06  0.1682788E+01
   04  0.7533157E+01  0.1600582E-02 -0.1082510E-02 -0.3747090E-06  0.1682786E+01
   04  0.7540293E+01  0.1597843E-02 -0.1079325E-02 -0.3608422E-06  0.1682783E+01
   04  0.7547429E+01  0.1594556E-02 -0.1075789E-02 -0.4125675E-06  0.1682780E+01
   04  0.7554565E+01  0.1592127E-02 -0.1072607E-02 -0.3620014E-06  0.1682777E+01
   04  0.7561701E+01  0.1589201E-02 -0.1069144E-02 -0.3824622E-06  0.1682774E+01
   04  0.7568837E+01  0.1586367E-02 -0.1065838E-02 -0.3952058E-06  0.1682771E+01
   04  0.7575973E+01  0.1583634E-02 -0.1062704E-02 -0.4000580E-06  0.1682769E+01
   04  0.7583108E+01  0.1581510E-02 -0.1059877E-02 -0.3347458E-06  0.1682767E+01
   04  0.7590244E+01  0.1578864E-02 -0.1056920E-02 -0.3415450E-06  0.1682764E+01
   04  0.7596613E+01  0.1576439E-02 -0.1056799E-02 -0.3443816E-06  0.1682761E+01
   04  0.7602981E+01  0.1573630E-02 -0.1055782E-02 -0.3764909E-06  0.1682759E+01
   04  0.7609350E+01  0.1570284E-02 -0.1053837E-02 -0.4592498E-06  0.1682755E+01
   04  0.7615718E+01  0.1567358E-02 -0.1051504E-02 -0.3736625E-06  0.1682752E+01
   04  0.7622087E+01  0.1564842E-02 -0.1049148E-02 -0.3450155E-06  0.1682750E+01
   04  0.7628456E+01  0.1562331E-02 -0.1046670E-02 -0.3166453E-06  0.1682747E+01
   04  0.7634824E+01  0.1559409E-02 -0.1043862E-02 -0.3421658E-06  0.1682744E+01
   04  0.7641193E+01  0.1557001E-02 -0.1041208E-02 -0.3073906E-06  0.1682742E+01
   04  0.7647561E+01  0.1554683E-02 -0.1038635E-02 -0.2727217E-06  0.1682740E+01
   04  0.7653930E+01  0.1552467E-02 -0.1036151E-02 -0.2409325E-06  0.1682737E+01
   04  0.7660298E+01  0.1550673E-02 -0.1033937E-02 -0.1781001E-06  0.1682736E+01
   04  0.7666667E+01  0.1548626E-02 -0.1031642E-02 -0.1536008E-06  0.1682734E+01
   04  0.7673798E+01  0.1545837E-02 -0.1025924E-02 -0.1904449E-06  0.1682731E+01
   04  0.7680929E+01  0.1543946E-02 -0.1021427E-02 -0.1381910E-06  0.1682729E+01
   04  0.7688060E+01  0.1542190E-02 -0.1017837E-02 -0.1653929E-06  0.1682727E+01
   04  0.7695191E+01  0.1540897E-02 -0.1015035E-02 -0.1514602E-06  0.1682726E+01
   04  0.7702322E+01  0.1538674E-02 -0.1012018E-02 -0.4844009E-07  0.1682724E+01
   04  0.7709453E+01  0.1534478E-02 -0.1007964E-02 -0.5417345E-07  0.1682719E+01
   04  0.7716583E+01  0.1530325E-02 -0.1003762E-02 -0.5643733E-07  0.1682715E+01
   04  0.7723714E+01  0.1527806E-02 -0.1000336E-02 -0.1075534E-06  0.1682713E+01
   04  0.7730845E+01  0.1525358E-02 -0.9972029E-03 -0.1470429E-06  0.1682710E+01
   04  0.7737976E+01  0.1523358E-02 -0.9943505E-03 -0.3710749E-07  0.1682708E+01
   04  0.7745107E+01  0.1521603E-02 -0.9919833E-03 -0.3602142E-07  0.1682707E+01
   04  0.7752238E+01  0.1519411E-02 -0.9895513E-03 -0.8832897E-07  0.1682704E+01
   04  0.7759369E+01  0.1517736E-02 -0.9873729E-03 -0.9237130E-07  0.1682703E+01
   04  0.7766500E+01  0.1515628E-02 -0.9850806E-03 -0.1537458E-06  0.1682701E+01
   04  0.7773631E+01  0.1514035E-02 -0.9831263E-03 -0.2422419E-06  0.1682699E+01
   04  0.7780762E+01  0.1513376E-02 -0.9817305E-03 -0.2328368E-06  0.1682698E+01
   04  0.7787893E+01  0.1511462E-02 -0.9798349E-03 -0.1651521E-06  0.1682696E+01
   04  0.7795024E+01  0.1509534E-02 -0.9778135E-03 -0.2053666E-06  0.1682695E+01
   04  0.7802153E+01  0.1507964E-02 -0.9759268E-03 -0.2019000E-06  0.1682693E+01
   04  0.7809283E+01  0.1506384E-02 -0.9739958E-03 -0.2023396E-06  0.1682691E+01
   04  0.7816412E+01  0.1505095E-02 -0.9721048E-03 -0.6001082E-07  0.1682690E+01
   04  0.7823541E+01  0.1502625E-02 -0.9699395E-03 -0.1634200E-06  0.1682688E+01
   04  0.7830670E+01  0.1500993E-02 -0.9678366E-03 -0.6863457E-07  0.1682686E+01
   04  0.7837799E+01  0.1499874E-02 -0.9661394E-03 -0.3416375E-07  0.1682685E+01
   04  0.7844928E+01  0.1498834E-02 -0.9646658E-03 -0.8131767E-07  0.1682684E+01
   04  0.7852058E+01  0.1497467E-02 -0.9632521E-03 -0.8556661E-07  0.1682682E+01
   04  0.7859187E+01  0.1496153E-02 -0.9618972E-03 -0.8819685E-07  0.1682681E+01
   04  0.7866316E+01  0.1494823E-02 -0.9605129E-03 -0.8700572E-07  0.1682680E+01
   04  0.7873445E+01  0.1492918E-02 -0.9587419E-03 -0.3645212E-07  0.1682678E+01
   04  0.7880574E+01  0.1490837E-02 -0.9565497E-03 -0.7839919E-07  0.1682676E+01
   04  0.7887703E+01  0.1488720E-02 -0.9542472E-03 -0.4559803E-07  0.1682674E+01
   04  0.7894833E+01  0.1486329E-02 -0.9519461E-03 -0.1503207E-06  0.1682671E+01
   04  0.7901962E+01  0.1484435E-02 -0.9498349E-03 -0.1921933E-06  0.1682669E+01
   04  0.7909091E+01  0.1482976E-02 -0.9479377E-03 -0.1947320E-06  0.1682668E+01
   04  0.7916220E+01  0.1481137E-02 -0.9460113E-03 -0.2380470E-06  0.1682666E+01
   04  0.7923349E+01  0.1479295E-02 -0.9440636E-03 -0.2686338E-06  0.1682664E+01
   04  0.7929737E+01  0.1478417E-02 -0.9450670E-03 -0.2141059E-06  0.1682663E+01
   04  0.7936124E+01  0.1476743E-02 -0.9451743E-03 -0.1542296E-06  0.1682662E+01
   04  0.7942512E+01  0.1475813E-02 -0.9450576E-03 -0.1063789E-06  0.1682661E+01
   04  0.7948900E+01  0.1474109E-02 -0.9443678E-03 -0.1440929E-06  0.1682659E+01
   04  0.7955287E+01  0.1471810E-02 -0.9428700E-03 -0.2149596E-06  0.1682657E+01
   04  0.7961675E+01  0.1469486E-02 -0.9410374E-03 -0.2747786E-06  0.1682654E+01
   04  0.7968062E+01  0.1466316E-02 -0.9386147E-03 -0.2466888E-06  0.1682651E+01
   04  0.7974450E+01  0.1465075E-02 -0.9365902E-03 -0.2682489E-06  0.1682650E+01
   04  0.7980837E+01  0.1462607E-02 -0.9342456E-03 -0.1651400E-06  0.1682648E+01
   04  0.7987225E+01  0.1461358E-02 -0.9322840E-03 -0.1976550E-06  0.1682646E+01
   04  0.7993612E+01  0.1459768E-02 -0.9303876E-03 -0.1947181E-06  0.1682645E+01
