# gauge_id=     4 location=(  0.8862600000E+02  0.1000000000E-02 ) num_var=  4
# level, time, q[  1  2  3], eta, aux[]
   01  0.0000000E+00  0.0000000E+00  0.0000000E+00  0.0000000E+00  0.1070000E+01
   01  0.1600000E-01  0.0000000E+00  0.0000000E+00  0.0000000E+00  0.1070000E+01
   01  0.1329653E+00  0.0000000E+00  0.0000000E+00  0.0000000E+00  0.1070000E+01
   01  0.2476540E+00  0.0000000E+00  0.0000000E+00  0.0000000E+00  0.1070000E+01
   01  0.3333333E+00  0.0000000E+00  0.0000000E+00  0.0000000E+00  0.1070000E+01
   01  0.4522257E+00  0.0000000E+00  0.0000000E+00  0.0000000E+00  0.1070000E+01
   01  0.5724150E+00  0.0000000E+00  0.0000000E+00  0.0000000E+00  0.1070000E+01
   01  0.6666667E+00  0.0000000E+00  0.0000000E+00  0.0000000E+00  0.1070000E+01
   01  0.7903854E+00  0.0000000E+00  0.0000000E+00  0.0000000E+00  0.1070000E+01
   01  0.9158532E+00  0.0000000E+00  0.0000000E+00  0.0000000E+00  0.1070000E+01
   01  0.1000000E+01  0.0000000E+00  0.0000000E+00  0.0000000E+00  0.1070000E+01
   01  0.1128722E+01  0.0000000E+00  0.0000000E+00  0.0000000E+00  0.1070000E+01
   01  0.1257366E+01  0.0000000E+00  0.0000000E+00  0.0000000E+00  0.1070000E+01
   01  0.1333333E+01  0.0000000E+00  0.0000000E+00  0.0000000E+00  0.1070000E+01
   01  0.1461954E+01  0.0000000E+00  0.0000000E+00  0.0000000E+00  0.1070000E+01
   01  0.1590570E+01  0.0000000E+00  0.0000000E+00  0.0000000E+00  0.1070000E+01
   01  0.1666667E+01  0.0000000E+00  0.0000000E+00  0.0000000E+00  0.1070000E+01
   01  0.1795194E+01  0.0000000E+00  0.0000000E+00  0.0000000E+00  0.1070000E+01
   01  0.1923729E+01  0.0000000E+00  0.0000000E+00  0.0000000E+00  0.1070000E+01
   01  0.2000000E+01  0.0000000E+00  0.0000000E+00  0.0000000E+00  0.1070000E+01
   01  0.2128607E+01  0.0000000E+00  0.0000000E+00  0.0000000E+00  0.1070000E+01
   01  0.2257190E+01  0.0000000E+00  0.0000000E+00  0.0000000E+00  0.1070000E+01
   01  0.2333333E+01  0.0000000E+00  0.0000000E+00  0.0000000E+00  0.1070000E+01
   01  0.2461836E+01  0.0000000E+00  0.0000000E+00  0.0000000E+00  0.1070000E+01
   01  0.2590356E+01  0.0000000E+00  0.0000000E+00  0.0000000E+00  0.1070000E+01
   01  0.2666667E+01  0.0000000E+00  0.0000000E+00  0.0000000E+00  0.1070000E+01
   01  0.2795247E+01  0.0000000E+00  0.0000000E+00  0.0000000E+00  0.1070000E+01
   01  0.2923808E+01  0.0000000E+00  0.0000000E+00  0.0000000E+00  0.1070000E+01
   01  0.3000000E+01  0.0000000E+00  0.0000000E+00  0.0000000E+00  0.1070000E+01
   01  0.3128516E+01  0.0000000E+00  0.0000000E+00  0.0000000E+00  0.1070000E+01
   03  0.3257048E+01  0.1449480E+01  0.0000000E+00  0.0000000E+00  0.0000000E+00
   03  0.3276119E+01  0.1449484E+01  0.1812138E-04 -0.6312642E-09  0.3619834E-05
   03  0.3295190E+01  0.1449488E+01  0.3867127E-04  0.3829464E-08  0.8085771E-05
   03  0.3314262E+01  0.1449493E+01  0.6196109E-04  0.2329853E-07  0.1344626E-04
   03  0.3333333E+01  0.1449500E+01  0.8855866E-04  0.6311046E-07  0.1987351E-04
   03  0.3354761E+01  0.1449509E+01  0.1260101E-03  0.1533749E-06  0.2930069E-04
   03  0.3376188E+01  0.1449521E+01  0.1692694E-03  0.3114857E-06  0.4076989E-04
   03  0.3397615E+01  0.1449534E+01  0.2160797E-03  0.5420277E-06  0.5387001E-04
   03  0.3419043E+01  0.1449548E+01  0.2643846E-03  0.8394085E-06  0.6811907E-04
   03  0.3440470E+01  0.1449563E+01  0.3123468E-03  0.1218344E-05  0.8309132E-04
   03  0.3461897E+01  0.1449579E+01  0.3604339E-03  0.1677035E-05  0.9869598E-04
   03  0.3483322E+01  0.1449594E+01  0.4050238E-03  0.2193847E-05  0.1136810E-03
   03  0.3504748E+01  0.1449609E+01  0.4495338E-03  0.2763525E-05  0.1287265E-03
   03  0.3526173E+01  0.1449629E+01  0.5181454E-03  0.3397937E-05  0.1485556E-03
   03  0.3547598E+01  0.1449652E+01  0.5991099E-03  0.4123136E-05  0.1723649E-03
   03  0.3569023E+01  0.1449679E+01  0.6874085E-03  0.4944743E-05  0.1993465E-03
   03  0.3590448E+01  0.1449719E+01  0.8288984E-03  0.6026923E-05  0.2391412E-03
   03  0.3609503E+01  0.1449765E+01  0.9955014E-03  0.7268984E-05  0.2849694E-03
   03  0.3628557E+01  0.1449824E+01  0.1213257E-02  0.8948344E-05  0.3436830E-03
   03  0.3647612E+01  0.1449906E+01  0.1529232E-02  0.1132144E-04  0.4255664E-03
   03  0.3666667E+01  0.1450030E+01  0.2037754E-02  0.1467964E-04  0.5504800E-03
   03  0.3688088E+01  0.1450258E+01  0.3002677E-02  0.2008996E-04  0.7776756E-03
   04  0.3709508E+01  0.1451937E+01  0.1816857E-02  0.9847874E-05  0.5819906E-03
   04  0.3716649E+01  0.1451958E+01  0.1901859E-02  0.1142645E-04  0.6030355E-03
   04  0.3723789E+01  0.1451985E+01  0.2007260E-02  0.1297988E-04  0.6297341E-03
   04  0.3730929E+01  0.1452020E+01  0.2143277E-02  0.1450162E-04  0.6646880E-03
   04  0.3738070E+01  0.1452072E+01  0.2347290E-02  0.1607462E-04  0.7173926E-03
   04  0.3745210E+01  0.1452149E+01  0.2639782E-02  0.1781830E-04  0.7938052E-03
   04  0.3752350E+01  0.1452255E+01  0.3039345E-02  0.1985490E-04  0.8995345E-03
   04  0.3759491E+01  0.1452396E+01  0.3570266E-02  0.2230915E-04  0.1041067E-02
   04  0.3766631E+01  0.1452581E+01  0.4259773E-02  0.2531540E-04  0.1225856E-02
   04  0.3773771E+01  0.1452817E+01  0.5138574E-02  0.2900978E-04  0.1462268E-02
   04  0.3780912E+01  0.1453114E+01  0.6237611E-02  0.3349741E-04  0.1758825E-02
   04  0.3788052E+01  0.1453480E+01  0.7589078E-02  0.3888159E-04  0.2125033E-02
   04  0.3795192E+01  0.1453926E+01  0.9229432E-02  0.4525966E-04  0.2570931E-02
   04  0.3802333E+01  0.1454462E+01  0.1119815E-01  0.5273074E-04  0.3107480E-02
   04  0.3809474E+01  0.1455097E+01  0.1352468E-01  0.6126906E-04  0.3742255E-02
   04  0.3816614E+01  0.1455834E+01  0.1622349E-01  0.7097274E-04  0.4478638E-02
   04  0.3823755E+01  0.1456680E+01  0.1932833E-01  0.8199623E-04  0.5325461E-02
   04  0.3830896E+01  0.1457646E+01  0.2286938E-01  0.9455981E-04  0.6290929E-02
   04  0.3838037E+01  0.1458737E+01  0.2687159E-01  0.1089530E-03  0.7382158E-02
   04  0.3842797E+01  0.1459535E+01  0.2977857E-01  0.1198362E-03  0.8180373E-02
   04  0.3847558E+01  0.1460392E+01  0.3289819E-01  0.1318275E-03  0.9037364E-02
   04  0.3852318E+01  0.1461309E+01  0.3623119E-01  0.1450914E-03  0.9953658E-02
   04  0.3857079E+01  0.1462284E+01  0.3977538E-01  0.1598010E-03  0.1092906E-01
   04  0.3861839E+01  0.1463317E+01  0.4352387E-01  0.1761228E-03  0.1196218E-01
   04  0.3866600E+01  0.1464405E+01  0.4746175E-01  0.1941801E-03  0.1304961E-01
   04  0.3871360E+01  0.1465537E+01  0.5155192E-01  0.2139600E-03  0.1418240E-01
   04  0.3876121E+01  0.1466701E+01  0.5573453E-01  0.2353310E-03  0.1534588E-01
   04  0.3880882E+01  0.1467877E+01  0.5993823E-01  0.2579993E-03  0.1652228E-01
   04  0.3886237E+01  0.1469204E+01  0.6465533E-01  0.2847813E-03  0.1784949E-01
   04  0.3891593E+01  0.1470521E+01  0.6929372E-01  0.3130423E-03  0.1916575E-01
   04  0.3896948E+01  0.1471818E+01  0.7382251E-01  0.3426798E-03  0.2046268E-01
   04  0.3902304E+01  0.1473085E+01  0.7820373E-01  0.3734205E-03  0.2173047E-01
   04  0.3907659E+01  0.1474389E+01  0.8270824E-01  0.4081618E-03  0.2303356E-01
   04  0.3913015E+01  0.1475759E+01  0.8746471E-01  0.4479395E-03  0.2440436E-01
   04  0.3918371E+01  0.1477237E+01  0.9263271E-01  0.4941187E-03  0.2588250E-01
   04  0.3923726E+01  0.1478881E+01  0.9843172E-01  0.5485732E-03  0.2752611E-01
   04  0.3930082E+01  0.1481235E+01  0.1069179E+00  0.6271610E-03  0.2988013E-01
   04  0.3936438E+01  0.1484251E+01  0.1180055E+00  0.7152364E-03  0.3289631E-01
   04  0.3942795E+01  0.1488555E+01  0.1344733E+00  0.8327300E-03  0.3720024E-01
   04  0.3949151E+01  0.1495225E+01  0.1611473E+00  0.1025009E-02  0.4386999E-01
   04  0.3955507E+01  0.1505848E+01  0.2056193E+00  0.1421257E-02  0.5449315E-01
   04  0.3961863E+01  0.1530830E+01  0.3192974E+00  0.2775333E-02  0.7947465E-01
   04  0.3968219E+01  0.1575879E+01  0.5350793E+00  0.5492648E-02  0.1245242E+00
   04  0.3974575E+01  0.1644635E+01  0.8803061E+00  0.9986261E-02  0.1932801E+00
   04  0.3980932E+01  0.1738297E+01  0.1370660E+01  0.1657735E-01  0.2869416E+00
   04  0.3987288E+01  0.1855778E+01  0.2010103E+01  0.2545417E-01  0.4044228E+00
   04  0.3993644E+01  0.1992658E+01  0.2780253E+01  0.3625910E-01  0.5413027E+00
   04  0.4000000E+01  0.2144347E+01  0.3659166E+01  0.4889660E-01  0.6929916E+00
   04  0.4007142E+01  0.2320882E+01  0.4706642E+01  0.6402788E-01  0.8695265E+00
   04  0.4014284E+01  0.2470356E+01  0.5627383E+01  0.7787005E-01  0.1019001E+01
   04  0.4021426E+01  0.2580823E+01  0.6329599E+01  0.8846286E-01  0.1129468E+01
   04  0.4028568E+01  0.2651709E+01  0.6779374E+01  0.9512090E-01  0.1200354E+01
   04  0.4035710E+01  0.2684765E+01  0.6967387E+01  0.9748561E-01  0.1233410E+01
   04  0.4042852E+01  0.2702321E+01  0.7031045E+01  0.9766140E-01  0.1250966E+01
   04  0.4049994E+01  0.2714555E+01  0.7044263E+01  0.9688992E-01  0.1263200E+01
   04  0.4057136E+01  0.2724100E+01  0.7036718E+01  0.9568777E-01  0.1272745E+01
   04  0.4064278E+01  0.2732175E+01  0.7021534E+01  0.9443501E-01  0.1280820E+01
   04  0.4071420E+01  0.2739566E+01  0.7003442E+01  0.9308300E-01  0.1288211E+01
   04  0.4078562E+01  0.2746623E+01  0.6982934E+01  0.9148748E-01  0.1295268E+01
   04  0.4085704E+01  0.2753339E+01  0.6958862E+01  0.8934134E-01  0.1301984E+01
   04  0.4092846E+01  0.2759541E+01  0.6930413E+01  0.8679290E-01  0.1308186E+01
   04  0.4099988E+01  0.2765198E+01  0.6898207E+01  0.8384842E-01  0.1313843E+01
   04  0.4107130E+01  0.2770372E+01  0.6862566E+01  0.8046850E-01  0.1319017E+01
   04  0.4114272E+01  0.2775174E+01  0.6823818E+01  0.7664457E-01  0.1323819E+01
   04  0.4121414E+01  0.2779765E+01  0.6782007E+01  0.7240650E-01  0.1328410E+01
   04  0.4128556E+01  0.2784157E+01  0.6737384E+01  0.6780404E-01  0.1332802E+01
   04  0.4135697E+01  0.2788317E+01  0.6690123E+01  0.6292037E-01  0.1336962E+01
   04  0.4142839E+01  0.2792140E+01  0.6640400E+01  0.5777532E-01  0.1340785E+01
   04  0.4149980E+01  0.2795721E+01  0.6587652E+01  0.5244745E-01  0.1344366E+01
   04  0.4157121E+01  0.2798961E+01  0.6531648E+01  0.4701523E-01  0.1347606E+01
   04  0.4164263E+01  0.2801742E+01  0.6472079E+01  0.4159415E-01  0.1350387E+01
   04  0.4171404E+01  0.2803936E+01  0.6408635E+01  0.3619857E-01  0.1352581E+01
   04  0.4178546E+01  0.2805521E+01  0.6340734E+01  0.3092898E-01  0.1354166E+01
   04  0.4185687E+01  0.2806487E+01  0.6267765E+01  0.2583785E-01  0.1355132E+01
   04  0.4192828E+01  0.2806740E+01  0.6189419E+01  0.2096891E-01  0.1355385E+01
   04  0.4199970E+01  0.2806209E+01  0.6105484E+01  0.1633791E-01  0.1354854E+01
   04  0.4207111E+01  0.2804858E+01  0.6015817E+01  0.1197711E-01  0.1353503E+01
   04  0.4214252E+01  0.2802675E+01  0.5920402E+01  0.7894294E-02  0.1351320E+01
   04  0.4221394E+01  0.2799673E+01  0.5819363E+01  0.4094461E-02  0.1348318E+01
   04  0.4228535E+01  0.2795876E+01  0.5712951E+01  0.5787600E-03  0.1344521E+01
   04  0.4235677E+01  0.2791321E+01  0.5601531E+01 -0.2639761E-02  0.1339966E+01
   04  0.4242818E+01  0.2786023E+01  0.5485622E+01 -0.5534647E-02  0.1334668E+01
   04  0.4249959E+01  0.2780031E+01  0.5365703E+01 -0.8085168E-02  0.1328676E+01
   04  0.4257101E+01  0.2773388E+01  0.5242275E+01 -0.1026983E-01  0.1322033E+01
   04  0.4263453E+01  0.2766962E+01  0.5129978E+01 -0.1192428E-01  0.1315607E+01
   04  0.4269806E+01  0.2760063E+01  0.5015671E+01 -0.1331311E-01  0.1308708E+01
   04  0.4276159E+01  0.2752695E+01  0.4899685E+01 -0.1442917E-01  0.1301340E+01
   04  0.4282512E+01  0.2744855E+01  0.4782311E+01 -0.1529770E-01  0.1293500E+01
   04  0.4288864E+01  0.2736532E+01  0.4663777E+01 -0.1594297E-01  0.1285177E+01
   04  0.4295217E+01  0.2727712E+01  0.4544253E+01 -0.1640074E-01  0.1276357E+01
   04  0.4301570E+01  0.2718378E+01  0.4423858E+01 -0.1673101E-01  0.1267023E+01
   04  0.4307922E+01  0.2708518E+01  0.4302686E+01 -0.1698464E-01  0.1257163E+01
   04  0.4314275E+01  0.2698126E+01  0.4180800E+01 -0.1720670E-01  0.1246771E+01
   04  0.4320628E+01  0.2687202E+01  0.4058247E+01 -0.1744294E-01  0.1235847E+01
   04  0.4326981E+01  0.2675751E+01  0.3935049E+01 -0.1770887E-01  0.1224396E+01
   04  0.4333333E+01  0.2663780E+01  0.3811212E+01 -0.1801321E-01  0.1212425E+01
   04  0.4340474E+01  0.2649728E+01  0.3671157E+01 -0.1843293E-01  0.1198373E+01
   04  0.4347614E+01  0.2635069E+01  0.3530303E+01 -0.1896652E-01  0.1183714E+01
   04  0.4354755E+01  0.2619836E+01  0.3388665E+01 -0.1962680E-01  0.1168481E+01
   04  0.4361895E+01  0.2604069E+01  0.3246294E+01 -0.2043016E-01  0.1152714E+01
   04  0.4369036E+01  0.2587811E+01  0.3103273E+01 -0.2138475E-01  0.1136456E+01
   04  0.4376176E+01  0.2571108E+01  0.2959728E+01 -0.2248421E-01  0.1119753E+01
   04  0.4383317E+01  0.2554004E+01  0.2815816E+01 -0.2368696E-01  0.1102649E+01
   04  0.4390457E+01  0.2536539E+01  0.2671721E+01 -0.2494421E-01  0.1085184E+01
   04  0.4397598E+01  0.2518752E+01  0.2527651E+01 -0.2621723E-01  0.1067397E+01
   04  0.4404738E+01  0.2500679E+01  0.2383824E+01 -0.2747632E-01  0.1049324E+01
   04  0.4411879E+01  0.2482352E+01  0.2240459E+01 -0.2870718E-01  0.1030997E+01
   04  0.4419019E+01  0.2463803E+01  0.2097762E+01 -0.2991556E-01  0.1012448E+01
   04  0.4426160E+01  0.2445049E+01  0.1955909E+01 -0.3108305E-01  0.9936940E+00
   04  0.4433300E+01  0.2426103E+01  0.1815063E+01 -0.3218632E-01  0.9747480E+00
   04  0.4440441E+01  0.2406977E+01  0.1675362E+01 -0.3321035E-01  0.9556222E+00
   04  0.4447581E+01  0.2387687E+01  0.1536913E+01 -0.3416647E-01  0.9363321E+00
   04  0.4454722E+01  0.2368251E+01  0.1399793E+01 -0.3507676E-01  0.9168958E+00
   04  0.4461862E+01  0.2348687E+01  0.1264033E+01 -0.3594664E-01  0.8973317E+00
   04  0.4469003E+01  0.2329016E+01  0.1129615E+01 -0.3677689E-01  0.8776611E+00
   04  0.4476144E+01  0.2309273E+01  0.9964895E+00 -0.3758440E-01  0.8579178E+00
   04  0.4483285E+01  0.2289496E+01  0.8645561E+00 -0.3838667E-01  0.8381406E+00
   04  0.4490426E+01  0.2269731E+01  0.7336734E+00 -0.3919018E-01  0.8183759E+00
   04  0.4497567E+01  0.2250035E+01  0.6036792E+00 -0.3999075E-01  0.7986798E+00
   04  0.4504708E+01  0.2230463E+01  0.4743872E+00 -0.4079989E-01  0.7791075E+00
   04  0.4511849E+01  0.2211064E+01  0.3456040E+00 -0.4160188E-01  0.7597089E+00
   04  0.4518990E+01  0.2191889E+01  0.2170881E+00 -0.4240054E-01  0.7405345E+00
   04  0.4526131E+01  0.2172982E+01  0.8862008E-01 -0.4317367E-01  0.7216266E+00
   04  0.4533272E+01  0.2154379E+01 -0.3994055E-01 -0.4391367E-01  0.7030237E+00
   04  0.4540413E+01  0.2136111E+01 -0.1687608E+00 -0.4461699E-01  0.6847556E+00
   04  0.4547554E+01  0.2118189E+01 -0.2979705E+00 -0.4523714E-01  0.6668342E+00
   04  0.4554695E+01  0.2100616E+01 -0.4274656E+00 -0.4575177E-01  0.6492614E+00
   04  0.4561836E+01  0.2083374E+01 -0.5572117E+00 -0.4613139E-01  0.6320190E+00
   04  0.4568977E+01  0.2066434E+01 -0.6870239E+00 -0.4633675E-01  0.6150792E+00
   04  0.4576118E+01  0.2049749E+01 -0.8166386E+00 -0.4633236E-01  0.5983942E+00
   04  0.4583259E+01  0.2033271E+01 -0.9457565E+00 -0.4612986E-01  0.5819158E+00
   04  0.4590400E+01  0.2016942E+01 -0.1074041E+01 -0.4570806E-01  0.5655871E+00
   04  0.4596755E+01  0.2002483E+01 -0.1187137E+01 -0.4509851E-01  0.5511279E+00
   04  0.4603111E+01  0.1988063E+01 -0.1299039E+01 -0.4426105E-01  0.5367078E+00
   04  0.4609466E+01  0.1973642E+01 -0.1409524E+01 -0.4324075E-01  0.5222870E+00
   04  0.4615822E+01  0.1959199E+01 -0.1518407E+01 -0.4203664E-01  0.5078437E+00
   04  0.4622178E+01  0.1944715E+01 -0.1625539E+01 -0.4068026E-01  0.4933597E+00
   04  0.4628533E+01  0.1930188E+01 -0.1730823E+01 -0.3923884E-01  0.4788332E+00
   04  0.4634889E+01  0.1915619E+01 -0.1834209E+01 -0.3775287E-01  0.4642640E+00
   04  0.4641244E+01  0.1901011E+01 -0.1935698E+01 -0.3626207E-01  0.4496561E+00
   04  0.4647600E+01  0.1886385E+01 -0.2035339E+01 -0.3484887E-01  0.4350295E+00
   04  0.4653955E+01  0.1871760E+01 -0.2133220E+01 -0.3357533E-01  0.4204052E+00
   04  0.4660311E+01  0.1857151E+01 -0.2229437E+01 -0.3245581E-01  0.4057964E+00
   04  0.4666667E+01  0.1842583E+01 -0.2324099E+01 -0.3155202E-01  0.3912282E+00
   04  0.4673808E+01  0.1826285E+01 -0.2428831E+01 -0.3083951E-01  0.3749298E+00
   04  0.4680950E+01  0.1810066E+01 -0.2531792E+01 -0.3042189E-01  0.3587107E+00
   04  0.4688091E+01  0.1793915E+01 -0.2632988E+01 -0.3020771E-01  0.3425599E+00
   04  0.4695232E+01  0.1777819E+01 -0.2732376E+01 -0.3010918E-01  0.3264642E+00
   04  0.4702374E+01  0.1761752E+01 -0.2829856E+01 -0.2998924E-01  0.3103969E+00
   04  0.4709515E+01  0.1745679E+01 -0.2925312E+01 -0.2968934E-01  0.2943242E+00
   04  0.4716657E+01  0.1729579E+01 -0.3018660E+01 -0.2910353E-01  0.2782238E+00
   04  0.4723798E+01  0.1713434E+01 -0.3109856E+01 -0.2814698E-01  0.2620788E+00
   04  0.4730940E+01  0.1697247E+01 -0.3198930E+01 -0.2681129E-01  0.2458915E+00
   04  0.4738081E+01  0.1681027E+01 -0.3285971E+01 -0.2511856E-01  0.2296722E+00
   04  0.4745223E+01  0.1664795E+01 -0.3371114E+01 -0.2313464E-01  0.2134397E+00
   04  0.4752364E+01  0.1648583E+01 -0.3454543E+01 -0.2100461E-01  0.1972284E+00
   04  0.4759505E+01  0.1632416E+01 -0.3536424E+01 -0.1884626E-01  0.1810609E+00
   04  0.4766647E+01  0.1616316E+01 -0.3616896E+01 -0.1680539E-01  0.1649609E+00
   04  0.4773788E+01  0.1600295E+01 -0.3696039E+01 -0.1500564E-01  0.1489400E+00
   04  0.4780930E+01  0.1584345E+01 -0.3773839E+01 -0.1352284E-01  0.1329903E+00
   04  0.4788071E+01  0.1568445E+01 -0.3850178E+01 -0.1240598E-01  0.1170899E+00
   04  0.4795213E+01  0.1552555E+01 -0.3924829E+01 -0.1165837E-01  0.1011997E+00
   04  0.4802354E+01  0.1536621E+01 -0.3997456E+01 -0.1122861E-01  0.8526593E-01
   04  0.4809495E+01  0.1520581E+01 -0.4067674E+01 -0.1102786E-01  0.6922569E-01
   04  0.4816636E+01  0.1504375E+01 -0.4135091E+01 -0.1094850E-01  0.5301952E-01
   04  0.4823776E+01  0.1487953E+01 -0.4199367E+01 -0.1087607E-01  0.3659848E-01
   04  0.4830917E+01  0.1471291E+01 -0.4260291E+01 -0.1072113E-01  0.1993629E-01
   04  0.4838058E+01  0.1454388E+01 -0.4317810E+01 -0.1042435E-01  0.3032941E-02
   04  0.4845199E+01  0.1437276E+01 -0.4372069E+01 -0.9981584E-02 -0.1407912E-01
   04  0.4852340E+01  0.1420011E+01 -0.4423378E+01 -0.9418547E-02 -0.3134379E-01
   04  0.4859481E+01  0.1402667E+01 -0.4472181E+01 -0.8780469E-02 -0.4868805E-01
   04  0.4866622E+01  0.1385331E+01 -0.4519014E+01 -0.8146210E-02 -0.6602420E-01
   04  0.4873763E+01  0.1368079E+01 -0.4564395E+01 -0.7557110E-02 -0.8327621E-01
   04  0.4880904E+01  0.1350880E+01 -0.4607985E+01 -0.7065706E-02 -0.1004748E+00
   04  0.4888045E+01  0.1332435E+01 -0.4645464E+01 -0.6480655E-02 -0.1189196E+00
   04  0.4895186E+01  0.1315106E+01 -0.4687197E+01 -0.6126541E-02 -0.1362487E+00
   04  0.4902327E+01  0.1299126E+01 -0.4732107E+01 -0.5783000E-02 -0.1522286E+00
   04  0.4909468E+01  0.1284121E+01 -0.4779125E+01 -0.5431109E-02 -0.1672339E+00
   04  0.4916609E+01  0.1268595E+01 -0.4822395E+01 -0.4985605E-02 -0.1827604E+00
   04  0.4923750E+01  0.1252499E+01 -0.4860367E+01 -0.4171718E-02 -0.1988556E+00
   04  0.4930104E+01  0.1237752E+01 -0.4890891E+01 -0.3482145E-02 -0.2136026E+00
   04  0.4936458E+01  0.1223016E+01 -0.4919956E+01 -0.2723376E-02 -0.2283395E+00
   04  0.4942812E+01  0.1208202E+01 -0.4946837E+01 -0.1957744E-02 -0.2431532E+00
   04  0.4949167E+01  0.1193261E+01 -0.4971103E+01 -0.1254712E-02 -0.2580935E+00
   04  0.4955521E+01  0.1178167E+01 -0.4992475E+01 -0.6866694E-03 -0.2731882E+00
   04  0.4961875E+01  0.1162913E+01 -0.5010842E+01 -0.3184676E-03 -0.2884424E+00
   04  0.4968229E+01  0.1147514E+01 -0.5026252E+01 -0.1950445E-03 -0.3038412E+00
   04  0.4974583E+01  0.1132001E+01 -0.5038880E+01 -0.3385887E-03 -0.3193540E+00
   04  0.4980937E+01  0.1116412E+01 -0.5048967E+01 -0.7403390E-03 -0.3349431E+00
   04  0.4984115E+01  0.1108600E+01 -0.5052917E+01 -0.1028721E-02 -0.3427549E+00
   04  0.4987292E+01  0.1100783E+01 -0.5056332E+01 -0.1365785E-02 -0.3505717E+00
   04  0.4990469E+01  0.1092964E+01 -0.5059232E+01 -0.1741965E-02 -0.3583908E+00
   04  0.4993646E+01  0.1085145E+01 -0.5061634E+01 -0.2146360E-02 -0.3662098E+00
   04  0.4996823E+01  0.1077328E+01 -0.5063549E+01 -0.2567082E-02 -0.3740272E+00
   04  0.5000000E+01  0.1069513E+01 -0.5064982E+01 -0.2991633E-02 -0.3818422E+00
   04  0.5005356E+01  0.1056344E+01 -0.5066551E+01 -0.3669230E-02 -0.3950110E+00
   04  0.5010711E+01  0.1043182E+01 -0.5066736E+01 -0.4262234E-02 -0.4081731E+00
   04  0.5016067E+01  0.1030024E+01 -0.5065508E+01 -0.4718978E-02 -0.4213314E+00
   04  0.5021422E+01  0.1016865E+01 -0.5062827E+01 -0.4998098E-02 -0.4344901E+00
   04  0.5026778E+01  0.1003702E+01 -0.5058653E+01 -0.5072094E-02 -0.4476529E+00
   04  0.5032133E+01  0.9905319E+00 -0.5052953E+01 -0.4929788E-02 -0.4608231E+00
   04  0.5037489E+01  0.9773522E+00 -0.5045703E+01 -0.4577363E-02 -0.4740028E+00
   04  0.5042844E+01  0.9641620E+00 -0.5036893E+01 -0.4037888E-02 -0.4871930E+00
   04  0.5049985E+01  0.9465604E+00 -0.5022985E+01 -0.3090227E-02 -0.5047946E+00
   04  0.5057125E+01  0.9289409E+00 -0.5006308E+01 -0.2007466E-02 -0.5224141E+00
   04  0.5064266E+01  0.9113054E+00 -0.4986894E+01 -0.9299830E-03 -0.5400496E+00
   04  0.5071407E+01  0.8936562E+00 -0.4964788E+01  0.1273352E-05 -0.5576988E+00
   04  0.5078547E+01  0.8759972E+00 -0.4940044E+01  0.6623268E-03 -0.5753578E+00
   04  0.5085688E+01  0.8583349E+00 -0.4912735E+01  0.9577366E-03 -0.5930201E+00
   04  0.5092829E+01  0.8406784E+00 -0.4882942E+01  0.8311977E-03 -0.6106766E+00
   04  0.5099969E+01  0.8230385E+00 -0.4850740E+01  0.2696178E-03 -0.6283165E+00
   04  0.5107110E+01  0.8054258E+00 -0.4816186E+01 -0.6972060E-03 -0.6459292E+00
   04  0.5109490E+01  0.7995625E+00 -0.4803915E+01 -0.1088093E-02 -0.6517925E+00
   04  0.5111871E+01  0.7937042E+00 -0.4791391E+01 -0.1515708E-02 -0.6576508E+00
   04  0.5114251E+01  0.7878510E+00 -0.4778610E+01 -0.1975913E-02 -0.6635040E+00
   04  0.5116631E+01  0.7820029E+00 -0.4765572E+01 -0.2464597E-02 -0.6693521E+00
   04  0.5119011E+01  0.7761599E+00 -0.4752273E+01 -0.2977853E-02 -0.6751951E+00
   04  0.5121392E+01  0.7703223E+00 -0.4738713E+01 -0.3512060E-02 -0.6810327E+00
   04  0.5123772E+01  0.7644903E+00 -0.4724888E+01 -0.4063567E-02 -0.6868647E+00
   04  0.5126152E+01  0.7586641E+00 -0.4710798E+01 -0.4628777E-02 -0.6926909E+00
   04  0.5128532E+01  0.7528438E+00 -0.4696439E+01 -0.5204140E-02 -0.6985112E+00
   04  0.5135673E+01  0.7354183E+00 -0.4652396E+01 -0.6955123E-02 -0.7159367E+00
   04  0.5142814E+01  0.7180526E+00 -0.4605825E+01 -0.8662226E-02 -0.7333024E+00
   04  0.5149955E+01  0.7007547E+00 -0.4556682E+01 -0.1025021E-01 -0.7506003E+00
   04  0.5157096E+01  0.6835377E+00 -0.4504981E+01 -0.1165793E-01 -0.7678173E+00
   04  0.5164237E+01  0.6664250E+00 -0.4450847E+01 -0.1283769E-01 -0.7849300E+00
   04  0.5171378E+01  0.6494553E+00 -0.4394571E+01 -0.1375356E-01 -0.8018997E+00
   04  0.5174948E+01  0.6410385E+00 -0.4365490E+01 -0.1412076E-01 -0.8103165E+00
   04  0.5178519E+01  0.6326830E+00 -0.4336101E+01 -0.1441607E-01 -0.8186720E+00
   04  0.5182089E+01  0.6244009E+00 -0.4306516E+01 -0.1463662E-01 -0.8269541E+00
   04  0.5185660E+01  0.6162048E+00 -0.4276858E+01 -0.1477967E-01 -0.8351502E+00
   04  0.5189230E+01  0.6081075E+00 -0.4247252E+01 -0.1484268E-01 -0.8432475E+00
   04  0.5192800E+01  0.6001223E+00 -0.4217832E+01 -0.1482331E-01 -0.8512327E+00
   04  0.5196371E+01  0.5922619E+00 -0.4188729E+01 -0.1471970E-01 -0.8590931E+00
   04  0.5199941E+01  0.5845364E+00 -0.4160055E+01 -0.1453108E-01 -0.8668186E+00
   04  0.5203512E+01  0.5769537E+00 -0.4131900E+01 -0.1425788E-01 -0.8744013E+00
   04  0.5207082E+01  0.5695136E+00 -0.4104285E+01 -0.1390327E-01 -0.8818414E+00
   04  0.5210653E+01  0.5622102E+00 -0.4077174E+01 -0.1347286E-01 -0.8891448E+00
   04  0.5214223E+01  0.5550278E+00 -0.4050441E+01 -0.1297590E-01 -0.8963272E+00
   04  0.5219579E+01  0.5443918E+00 -0.4010402E+01 -0.1213681E-01 -0.9069632E+00
   04  0.5224935E+01  0.5338347E+00 -0.3969446E+01 -0.1124713E-01 -0.9175203E+00
   04  0.5230290E+01  0.5231983E+00 -0.3926093E+01 -0.1037291E-01 -0.9281567E+00
   04  0.5235646E+01  0.5122493E+00 -0.3878084E+01 -0.9600483E-02 -0.9391057E+00
   04  0.5241002E+01  0.5007667E+00 -0.3823285E+01 -0.9004153E-02 -0.9505883E+00
   04  0.5246357E+01  0.4886890E+00 -0.3761093E+01 -0.8607572E-02 -0.9626660E+00
   04  0.5247696E+01  0.4855669E+00 -0.3744201E+01 -0.8533792E-02 -0.9657881E+00
   04  0.5249035E+01  0.4824097E+00 -0.3726863E+01 -0.8472477E-02 -0.9689453E+00
   04  0.5250374E+01  0.4792249E+00 -0.3709156E+01 -0.8421733E-02 -0.9721301E+00
   04  0.5251713E+01  0.4760184E+00 -0.3691139E+01 -0.8379940E-02 -0.9753366E+00
   04  0.5253052E+01  0.4727948E+00 -0.3672859E+01 -0.8345812E-02 -0.9785602E+00
   04  0.5254391E+01  0.4695579E+00 -0.3654353E+01 -0.8318330E-02 -0.9817971E+00
   04  0.5255730E+01  0.4663105E+00 -0.3635649E+01 -0.8296630E-02 -0.9850445E+00
   04  0.5257069E+01  0.4630547E+00 -0.3616771E+01 -0.8279983E-02 -0.9883003E+00
   04  0.5263424E+01  0.4474572E+00 -0.3525095E+01 -0.8303926E-02 -0.1003898E+01
   04  0.5269779E+01  0.4315315E+00 -0.3428111E+01 -0.8424204E-02 -0.1019824E+01
   04  0.5276135E+01  0.4151598E+00 -0.3324627E+01 -0.8613879E-02 -0.1036195E+01
   04  0.5282490E+01  0.3982036E+00 -0.3213199E+01 -0.8844084E-02 -0.1053151E+01
   04  0.5288846E+01  0.3806510E+00 -0.3093652E+01 -0.9046405E-02 -0.1070704E+01
   04  0.5295201E+01  0.3625930E+00 -0.2966839E+01 -0.9154910E-02 -0.1088762E+01
   04  0.5301556E+01  0.3440952E+00 -0.2833322E+01 -0.9122058E-02 -0.1107260E+01
   04  0.5307912E+01  0.3252338E+00 -0.2693738E+01 -0.8927426E-02 -0.1126121E+01
   04  0.5314267E+01  0.3060908E+00 -0.2548742E+01 -0.8567841E-02 -0.1145264E+01
   04  0.5320623E+01  0.2867657E+00 -0.2399140E+01 -0.8046187E-02 -0.1164589E+01
   04  0.5326978E+01  0.2673894E+00 -0.2246023E+01 -0.7393324E-02 -0.1183966E+01
   04  0.5333333E+01  0.2480794E+00 -0.2090421E+01 -0.6626780E-02 -0.1203276E+01
   04  0.5340474E+01  0.2266023E+00 -0.1914120E+01 -0.5718129E-02 -0.1224753E+01
   04  0.5347615E+01  0.2054313E+00 -0.1737074E+01 -0.4830710E-02 -0.1245924E+01
   04  0.5354756E+01  0.1845477E+00 -0.1559626E+01 -0.4026084E-02 -0.1266807E+01
   04  0.5361897E+01  0.1638666E+00 -0.1381634E+01 -0.3347453E-02 -0.1287488E+01
   04  0.5369038E+01  0.1432806E+00 -0.1202750E+01 -0.2745549E-02 -0.1308074E+01
   04  0.5376179E+01  0.1228529E+00 -0.1024065E+01 -0.2206927E-02 -0.1328502E+01
   04  0.5383320E+01  0.1028908E+00 -0.8487137E+00 -0.1722294E-02 -0.1348464E+01
   04  0.5390460E+01  0.8424032E-01 -0.6840148E+00 -0.1294617E-02 -0.1367115E+01
   04  0.5397601E+01  0.6792472E-01 -0.5386689E+00 -0.9334295E-03 -0.1383430E+01
   04  0.5404742E+01  0.5440427E-01 -0.4172355E+00 -0.6466710E-03 -0.1396951E+01
   04  0.5411883E+01  0.4365962E-01 -0.3204113E+00 -0.4328195E-03 -0.1407695E+01
   04  0.5419024E+01  0.3518435E-01 -0.2445507E+00 -0.2778409E-03 -0.1416171E+01
   04  0.5426165E+01  0.2838144E-01 -0.1849307E+00 -0.1623346E-03 -0.1422974E+01
   04  0.5433306E+01  0.2309551E-01 -0.1396398E+00 -0.7476350E-04 -0.1428259E+01
   04  0.5440447E+01  0.1898468E-01 -0.1055083E+00 -0.7485216E-05 -0.1432370E+01
   04  0.5447588E+01  0.1590611E-01 -0.8068939E-01  0.4319256E-04 -0.1435449E+01
   04  0.5454728E+01  0.1377495E-01 -0.6359173E-01  0.7881889E-04 -0.1437580E+01
   04  0.5461869E+01  0.1243480E-01 -0.5241600E-01  0.9900386E-04 -0.1438920E+01
   04  0.5469010E+01  0.1161172E-01 -0.4522420E-01  0.9784787E-04 -0.1439743E+01
   04  0.5476151E+01  0.1117072E-01 -0.4079267E-01  0.7606056E-04 -0.1440184E+01
   04  0.5483291E+01  0.1086053E-01 -0.3752608E-01  0.4803828E-04 -0.1440494E+01
   04  0.5490432E+01  0.1053003E-01 -0.3459088E-01  0.2335002E-04 -0.1440825E+01
   04  0.5497573E+01  0.1024397E-01 -0.3215830E-01  0.3920591E-04 -0.1441111E+01
   04  0.5504713E+01  0.1004738E-01 -0.3033013E-01  0.4932267E-04 -0.1441308E+01
   04  0.5511854E+01  0.9890028E-02 -0.2886818E-01  0.4084912E-04 -0.1441465E+01
   04  0.5518995E+01  0.9764998E-02 -0.2777431E-01  0.2406155E-04 -0.1441590E+01
   04  0.5526135E+01  0.9643816E-02 -0.2690332E-01  0.8206539E-05 -0.1441711E+01
   04  0.5531491E+01  0.9799361E-02 -0.2640114E-01  0.5608816E-05 -0.1441556E+01
   04  0.5536846E+01  0.9911292E-02 -0.2622656E-01 -0.9735396E-05 -0.1441444E+01
   04  0.5542202E+01  0.8876368E-02 -0.2645446E-01 -0.1023834E-03 -0.1442479E+01
   04  0.5547557E+01  0.7122129E-02 -0.2488396E-01 -0.2027024E-03 -0.1444233E+01
   04  0.5552913E+01  0.8343020E-02 -0.1875297E-01 -0.6597429E-04 -0.1443012E+01
   04  0.5558268E+01  0.1489114E-01  0.3608230E-03  0.4751708E-03 -0.1436464E+01
   04  0.5563624E+01  0.2682778E-01  0.3454356E-01  0.1428596E-02 -0.1424527E+01
   04  0.5568979E+01  0.4314537E-01  0.8267909E-01  0.2772357E-02 -0.1408210E+01
   04  0.5574334E+01  0.6348574E-01  0.1464763E+00  0.4496873E-02 -0.1387869E+01
   04  0.5579690E+01  0.8773069E-01  0.2289472E+00  0.6737901E-02 -0.1363624E+01
   04  0.5585045E+01  0.1153284E+00  0.3134694E+00  0.9210308E-02 -0.1336027E+01
   04  0.5590401E+01  0.1454462E+00  0.4062860E+00  0.1182598E-01 -0.1305909E+01
   04  0.5596756E+01  0.1837964E+00  0.5281224E+00  0.1508876E-01 -0.1267559E+01
   04  0.5603112E+01  0.2252789E+00  0.6542787E+00  0.1855002E-01 -0.1226076E+01
   04  0.5609467E+01  0.2694065E+00  0.7839990E+00  0.2215319E-01 -0.1181948E+01
   04  0.5615823E+01  0.3148595E+00  0.9152506E+00  0.2573135E-01 -0.1136496E+01
   04  0.5622178E+01  0.3565677E+00  0.1037645E+01  0.2891057E-01 -0.1094787E+01
   04  0.5628534E+01  0.3940006E+00  0.1147456E+01  0.3159804E-01 -0.1057354E+01
   04  0.5634889E+01  0.4273097E+00  0.1240668E+01  0.3369602E-01 -0.1024045E+01
   04  0.5641245E+01  0.4573722E+00  0.1318086E+01  0.3530233E-01 -0.9939828E+00
   04  0.5647600E+01  0.4845505E+00  0.1381408E+01  0.3638499E-01 -0.9668045E+00
   04  0.5653956E+01  0.5111165E+00  0.1427351E+01  0.3727598E-01 -0.9402385E+00
   04  0.5660311E+01  0.5362195E+00  0.1465961E+01  0.3753368E-01 -0.9151355E+00
   04  0.5666667E+01  0.5600201E+00  0.1498750E+01  0.3724946E-01 -0.8913349E+00
   04  0.5673807E+01  0.5821200E+00  0.1529943E+01  0.3591465E-01 -0.8692350E+00
   04  0.5680947E+01  0.6043044E+00  0.1553871E+01  0.3409378E-01 -0.8470506E+00
   04  0.5688088E+01  0.6265281E+00  0.1574467E+01  0.3240869E-01 -0.8248269E+00
   04  0.5695228E+01  0.6422748E+00  0.1594375E+01  0.3092537E-01 -0.8090802E+00
   04  0.5702368E+01  0.6586149E+00  0.1616417E+01  0.3015266E-01 -0.7927401E+00
   04  0.5709508E+01  0.6749096E+00  0.1639398E+01  0.2972511E-01 -0.7764454E+00
   04  0.5716649E+01  0.6908953E+00  0.1663377E+01  0.2972929E-01 -0.7604597E+00
   04  0.5723789E+01  0.7067453E+00  0.1687952E+01  0.3050563E-01 -0.7446097E+00
   04  0.5730929E+01  0.7230791E+00  0.1715242E+01  0.3204734E-01 -0.7282759E+00
   04  0.5738070E+01  0.7392302E+00  0.1740302E+01  0.3334674E-01 -0.7121248E+00
   04  0.5745210E+01  0.7557760E+00  0.1760931E+01  0.3478305E-01 -0.6955790E+00
   04  0.5752350E+01  0.7720188E+00  0.1778857E+01  0.3639042E-01 -0.6793362E+00
   04  0.5759491E+01  0.7878005E+00  0.1794594E+01  0.3781225E-01 -0.6635545E+00
   04  0.5766631E+01  0.8095524E+00  0.1807463E+01  0.3907763E-01 -0.6418026E+00
   04  0.5773771E+01  0.8314117E+00  0.1818752E+01  0.3944727E-01 -0.6199433E+00
   04  0.5780911E+01  0.8529472E+00  0.1825496E+01  0.3953315E-01 -0.5984078E+00
   04  0.5788052E+01  0.8739600E+00  0.1827474E+01  0.3938732E-01 -0.5773950E+00
   04  0.5795192E+01  0.8944782E+00  0.1824850E+01  0.3873070E-01 -0.5568768E+00
   04  0.5799476E+01  0.9051718E+00  0.1822119E+01  0.3767669E-01 -0.5461832E+00
   04  0.5803761E+01  0.9155667E+00  0.1818349E+01  0.3652554E-01 -0.5357883E+00
   04  0.5808045E+01  0.9257009E+00  0.1813697E+01  0.3555060E-01 -0.5256541E+00
   04  0.5812329E+01  0.9356195E+00  0.1808327E+01  0.3444627E-01 -0.5157355E+00
   04  0.5816613E+01  0.9453437E+00  0.1802262E+01  0.3320183E-01 -0.5060113E+00
   04  0.5820183E+01  0.9533077E+00  0.1796662E+01  0.3204100E-01 -0.4980473E+00
   04  0.5823753E+01  0.9611690E+00  0.1790677E+01  0.3081873E-01 -0.4901860E+00
   04  0.5827324E+01  0.9689353E+00  0.1784340E+01  0.2955425E-01 -0.4824197E+00
   04  0.5832679E+01  0.9804429E+00  0.1774341E+01  0.2754552E-01 -0.4709121E+00
   04  0.5838034E+01  0.9917615E+00  0.1763625E+01  0.2536782E-01 -0.4595935E+00
   04  0.5842318E+01  0.1000665E+01  0.1754508E+01  0.2350240E-01 -0.4506900E+00
   04  0.5846603E+01  0.1009430E+01  0.1745016E+01  0.2154442E-01 -0.4419246E+00
   04  0.5850887E+01  0.1018067E+01  0.1735212E+01  0.1956662E-01 -0.4332884E+00
   04  0.5855171E+01  0.1026567E+01  0.1725114E+01  0.1759337E-01 -0.4247880E+00
   04  0.5859455E+01  0.1034906E+01  0.1714730E+01  0.1562282E-01 -0.4164487E+00
   04  0.5863025E+01  0.1041727E+01  0.1705839E+01  0.1399977E-01 -0.4096284E+00
   04  0.5866596E+01  0.1048428E+01  0.1696744E+01  0.1235140E-01 -0.4029274E+00
   04  0.5870166E+01  0.1055013E+01  0.1687435E+01  0.1067579E-01 -0.3963421E+00
   04  0.5873736E+01  0.1061490E+01  0.1677905E+01  0.8951875E-02 -0.3898645E+00
   04  0.5877306E+01  0.1067870E+01  0.1668166E+01  0.7203580E-02 -0.3834850E+00
   04  0.5880876E+01  0.1074154E+01  0.1658219E+01  0.5444554E-02 -0.3772007E+00
   04  0.5886231E+01  0.1083418E+01  0.1643013E+01  0.2790029E-02 -0.3679371E+00
   04  0.5891587E+01  0.1092493E+01  0.1627347E+01  0.1341761E-03 -0.3588624E+00
   04  0.5896942E+01  0.1101387E+01  0.1611169E+01 -0.2506442E-02 -0.3499685E+00
   04  0.5902297E+01  0.1110104E+01  0.1594390E+01 -0.5147384E-02 -0.3412506E+00
   04  0.5907653E+01  0.1118657E+01  0.1576984E+01 -0.7708728E-02 -0.3326981E+00
   04  0.5913008E+01  0.1127074E+01  0.1558961E+01 -0.1014254E-01 -0.3242812E+00
   04  0.5918363E+01  0.1135394E+01  0.1540388E+01 -0.1236163E-01 -0.3159612E+00
   04  0.5923718E+01  0.1143643E+01  0.1521288E+01 -0.1436558E-01 -0.3077115E+00
   04  0.5930075E+01  0.1153377E+01  0.1498023E+01 -0.1644088E-01 -0.2979780E+00
   04  0.5936432E+01  0.1163083E+01  0.1474006E+01 -0.1818382E-01 -0.2882723E+00
   04  0.5942789E+01  0.1172794E+01  0.1449248E+01 -0.1958824E-01 -0.2785606E+00
   04  0.5949146E+01  0.1182530E+01  0.1423744E+01 -0.2063179E-01 -0.2688254E+00
   04  0.5955502E+01  0.1192312E+01  0.1397520E+01 -0.2137719E-01 -0.2590430E+00
   04  0.5961859E+01  0.1202133E+01  0.1370586E+01 -0.2186168E-01 -0.2492221E+00
   04  0.5968216E+01  0.1211973E+01  0.1342969E+01 -0.2209599E-01 -0.2393823E+00
   04  0.5974573E+01  0.1221792E+01  0.1314690E+01 -0.2206158E-01 -0.2295626E+00
   04  0.5980930E+01  0.1231553E+01  0.1285807E+01 -0.2176283E-01 -0.2198025E+00
   04  0.5987286E+01  0.1241215E+01  0.1256405E+01 -0.2122959E-01 -0.2101397E+00
   04  0.5993643E+01  0.1250742E+01  0.1226593E+01 -0.2049246E-01 -0.2006125E+00
   04  0.6000000E+01  0.1260089E+01  0.1196485E+01 -0.1956634E-01 -0.1912664E+00
   04  0.6007140E+01  0.1270312E+01  0.1162516E+01 -0.1831814E-01 -0.1810427E+00
   04  0.6014281E+01  0.1280190E+01  0.1128446E+01 -0.1687108E-01 -0.1711646E+00
   04  0.6021421E+01  0.1289675E+01  0.1094408E+01 -0.1523701E-01 -0.1616802E+00
   04  0.6028561E+01  0.1298734E+01  0.1060499E+01 -0.1342950E-01 -0.1526210E+00
   04  0.6035701E+01  0.1307349E+01  0.1026783E+01 -0.1149186E-01 -0.1440056E+00
   04  0.6042842E+01  0.1315525E+01  0.9932886E+00 -0.9475474E-02 -0.1358303E+00
   04  0.6049982E+01  0.1323291E+01  0.9600118E+00 -0.7411622E-02 -0.1280639E+00
   04  0.6057122E+01  0.1330695E+01  0.9268958E+00 -0.5354201E-02 -0.1206598E+00
   04  0.6064263E+01  0.1337801E+01  0.8938397E+00 -0.3359333E-02 -0.1135540E+00
   04  0.6071403E+01  0.1344687E+01  0.8607053E+00 -0.1479053E-02 -0.1066685E+00
   04  0.6078543E+01  0.1351440E+01  0.8273243E+00  0.2392159E-03 -0.9991519E-01
   04  0.6085683E+01  0.1358152E+01  0.7935159E+00  0.1750193E-02 -0.9320265E-01
   04  0.6092824E+01  0.1364910E+01  0.7590979E+00  0.3006733E-02 -0.8644478E-01
   04  0.6099964E+01  0.1371808E+01  0.7239423E+00  0.4011034E-02 -0.7954716E-01
   04  0.6107104E+01  0.1378919E+01  0.6879261E+00  0.4773921E-02 -0.7243596E-01
   04  0.6114244E+01  0.1386297E+01  0.6509826E+00  0.5311916E-02 -0.6505778E-01
   04  0.6121385E+01  0.1393970E+01  0.6131112E+00  0.5644278E-02 -0.5738491E-01
   04  0.6128525E+01  0.1401938E+01  0.5743732E+00  0.5797545E-02 -0.4941744E-01
   04  0.6135665E+01  0.1410180E+01  0.5349203E+00  0.5821180E-02 -0.4117486E-01
   04  0.6142805E+01  0.1418650E+01  0.4949604E+00  0.5769604E-02 -0.3270500E-01
   04  0.6149946E+01  0.1427270E+01  0.4547546E+00  0.5679893E-02 -0.2408498E-01
   04  0.6157086E+01  0.1435952E+01  0.4146223E+00  0.5596474E-02 -0.1540327E-01
   04  0.6164226E+01  0.1444592E+01  0.3748999E+00  0.5535636E-02 -0.6762684E-02
   04  0.6171366E+01  0.1453092E+01  0.3359168E+00  0.5520306E-02  0.1736573E-02
   04  0.6178506E+01  0.1461362E+01  0.2979984E+00  0.5558613E-02  0.1000708E-01
   04  0.6185646E+01  0.1469333E+01  0.2614261E+00  0.5641111E-02  0.1797755E-01
   04  0.6192787E+01  0.1476949E+01  0.2264091E+00  0.5750121E-02  0.2559392E-01
   04  0.6199927E+01  0.1484183E+01  0.1930865E+00  0.5861382E-02  0.3282762E-01
   04  0.6207067E+01  0.1491021E+01  0.1614640E+00  0.5951401E-02  0.3966612E-01
   04  0.6214207E+01  0.1497469E+01  0.1314208E+00  0.5997940E-02  0.4611368E-01
   04  0.6221347E+01  0.1503558E+01  0.1027833E+00  0.5970267E-02  0.5220311E-01
   04  0.6228487E+01  0.1509357E+01  0.7535022E-01  0.5818560E-02  0.5800195E-01
   04  0.6235627E+01  0.1514945E+01  0.4884672E-01  0.5484656E-02  0.6358957E-01
   04  0.6242768E+01  0.1520398E+01  0.2294915E-01  0.4923994E-02  0.6904291E-01
   04  0.6249908E+01  0.1525801E+01 -0.2673453E-02  0.4060463E-02  0.7444629E-01
   04  0.6257048E+01  0.1531225E+01 -0.2834955E-01  0.2858743E-02  0.7986968E-01
   04  0.6263405E+01  0.1536131E+01 -0.5152779E-01  0.1444005E-02  0.8477566E-01
   04  0.6269762E+01  0.1541143E+01 -0.7513633E-01 -0.3036674E-03  0.8978811E-01
   04  0.6276119E+01  0.1546282E+01 -0.9926379E-01 -0.2379773E-02  0.9492731E-01
   04  0.6282476E+01  0.1551553E+01 -0.1239576E+00 -0.4751018E-02  0.1001976E+00
   04  0.6288834E+01  0.1556945E+01 -0.1492187E+00 -0.7374545E-02  0.1055903E+00
   04  0.6295191E+01  0.1562436E+01 -0.1749926E+00 -0.1019768E-01  0.1110812E+00
   04  0.6301548E+01  0.1567999E+01 -0.2011880E+00 -0.1319419E-01  0.1166444E+00
   04  0.6307905E+01  0.1573599E+01 -0.2276716E+00 -0.1632673E-01  0.1222444E+00
   04  0.6314262E+01  0.1579191E+01 -0.2542687E+00 -0.1955436E-01  0.1278356E+00
   04  0.6320619E+01  0.1584730E+01 -0.2807556E+00 -0.2288164E-01  0.1333746E+00
   04  0.6326976E+01  0.1590163E+01 -0.3069012E+00 -0.2629091E-01  0.1388081E+00
   04  0.6333333E+01  0.1595430E+01 -0.3324900E+00 -0.2973745E-01  0.1440749E+00
   04  0.6340473E+01  0.1601059E+01 -0.3601744E+00 -0.3365202E-01  0.1497039E+00
   04  0.6347613E+01  0.1606282E+01 -0.3863966E+00 -0.3754555E-01  0.1549273E+00
   04  0.6354753E+01  0.1611024E+01 -0.4108745E+00 -0.4140657E-01  0.1596690E+00
   04  0.6361893E+01  0.1615218E+01 -0.4333218E+00 -0.4519427E-01  0.1638630E+00
   04  0.6369033E+01  0.1618777E+01 -0.4532627E+00 -0.4887094E-01  0.1674218E+00
   04  0.6376173E+01  0.1621656E+01 -0.4704350E+00 -0.5241891E-01  0.1703009E+00
   04  0.6383313E+01  0.1623826E+01 -0.4847762E+00 -0.5578864E-01  0.1724712E+00
   04  0.6390453E+01  0.1625310E+01 -0.4963242E+00 -0.5895196E-01  0.1739546E+00
   04  0.6397593E+01  0.1626152E+01 -0.5052179E+00 -0.6190638E-01  0.1747966E+00
   04  0.6404733E+01  0.1626428E+01 -0.5116755E+00 -0.6467965E-01  0.1750733E+00
   04  0.6411873E+01  0.1626231E+01 -0.5160140E+00 -0.6731212E-01  0.1748761E+00
   04  0.6419013E+01  0.1625627E+01 -0.5185676E+00 -0.6978738E-01  0.1742720E+00
   04  0.6426153E+01  0.1624670E+01 -0.5195431E+00 -0.7213140E-01  0.1733146E+00
   04  0.6433293E+01  0.1623469E+01 -0.5194284E+00 -0.7437658E-01  0.1721142E+00
   04  0.6440432E+01  0.1622127E+01 -0.5185521E+00 -0.7662391E-01  0.1707716E+00
   04  0.6447572E+01  0.1620721E+01 -0.5171556E+00 -0.7899293E-01  0.1693661E+00
   04  0.6454712E+01  0.1619292E+01 -0.5153940E+00 -0.8152882E-01  0.1679370E+00
   04  0.6461852E+01  0.1617864E+01 -0.5133636E+00 -0.8425283E-01  0.1665092E+00
   04  0.6468992E+01  0.1616447E+01 -0.5111220E+00 -0.8717074E-01  0.1650919E+00
   04  0.6476132E+01  0.1615043E+01 -0.5087495E+00 -0.9031571E-01  0.1636880E+00
   04  0.6483272E+01  0.1613654E+01 -0.5062563E+00 -0.9365142E-01  0.1622987E+00
   04  0.6490411E+01  0.1612283E+01 -0.5036445E+00 -0.9711584E-01  0.1609278E+00
   04  0.6497551E+01  0.1610926E+01 -0.5008671E+00 -0.1006716E+00  0.1595714E+00
   04  0.6504691E+01  0.1609580E+01 -0.4978387E+00 -0.1042826E+00  0.1582255E+00
   04  0.6511831E+01  0.1608212E+01 -0.4942849E+00 -0.1078974E+00  0.1568572E+00
   04  0.6518971E+01  0.1606781E+01 -0.4898647E+00 -0.1114537E+00  0.1554260E+00
   04  0.6526110E+01  0.1605288E+01 -0.4843938E+00 -0.1149025E+00  0.1539326E+00
   04  0.6533250E+01  0.1603742E+01 -0.4776757E+00 -0.1181505E+00  0.1523868E+00
   04  0.6540390E+01  0.1602156E+01 -0.4695262E+00 -0.1210646E+00  0.1508008E+00
   04  0.6547530E+01  0.1600549E+01 -0.4598069E+00 -0.1235517E+00  0.1491936E+00
   04  0.6554669E+01  0.1598937E+01 -0.4484725E+00 -0.1255746E+00  0.1475825E+00
   04  0.6561809E+01  0.1597350E+01 -0.4356014E+00 -0.1271305E+00  0.1459952E+00
   04  0.6568949E+01  0.1595822E+01 -0.4214020E+00 -0.1281988E+00  0.1444666E+00
   04  0.6576089E+01  0.1594354E+01 -0.4060636E+00 -0.1288374E+00  0.1429986E+00
   04  0.6583229E+01  0.1592926E+01 -0.3897442E+00 -0.1291420E+00  0.1415714E+00
   04  0.6590368E+01  0.1591515E+01 -0.3726074E+00 -0.1292422E+00  0.1401597E+00
   04  0.6596727E+01  0.1590257E+01 -0.3567740E+00 -0.1292738E+00  0.1389024E+00
   04  0.6603085E+01  0.1588969E+01 -0.3405386E+00 -0.1292994E+00  0.1376145E+00
   04  0.6609443E+01  0.1587619E+01 -0.3239610E+00 -0.1293291E+00  0.1362644E+00
   04  0.6615801E+01  0.1586189E+01 -0.3071109E+00 -0.1293808E+00  0.1348341E+00
   04  0.6622159E+01  0.1584662E+01 -0.2900317E+00 -0.1295156E+00  0.1333071E+00
   04  0.6628517E+01  0.1583044E+01 -0.2727435E+00 -0.1298579E+00  0.1316890E+00
   04  0.6634876E+01  0.1581347E+01 -0.2552823E+00 -0.1305056E+00  0.1299917E+00
   04  0.6641234E+01  0.1579597E+01 -0.2376541E+00 -0.1315839E+00  0.1282422E+00
   04  0.6647592E+01  0.1577805E+01 -0.2198930E+00 -0.1330885E+00  0.1264502E+00
   04  0.6653950E+01  0.1575980E+01 -0.2020394E+00 -0.1349946E+00  0.1246251E+00
   04  0.6660308E+01  0.1574138E+01 -0.1841464E+00 -0.1372738E+00  0.1227835E+00
   04  0.6666667E+01  0.1572300E+01 -0.1662336E+00 -0.1398923E+00  0.1209450E+00
   04  0.6673806E+01  0.1570244E+01 -0.1461662E+00 -0.1431754E+00  0.1188893E+00
   04  0.6680945E+01  0.1568202E+01 -0.1262308E+00 -0.1467250E+00  0.1168466E+00
   04  0.6688085E+01  0.1566163E+01 -0.1065257E+00 -0.1503744E+00  0.1148083E+00
   04  0.6695224E+01  0.1564127E+01 -0.8718539E-01 -0.1539745E+00  0.1127720E+00
   04  0.6702364E+01  0.1562105E+01 -0.6835002E-01 -0.1572734E+00  0.1107499E+00
   04  0.6709503E+01  0.1560127E+01 -0.5004702E-01 -0.1600510E+00  0.1087719E+00
   04  0.6716642E+01  0.1558210E+01 -0.3232542E-01 -0.1621151E+00  0.1068548E+00
   04  0.6723782E+01  0.1556387E+01 -0.1516433E-01 -0.1633277E+00  0.1050321E+00
   04  0.6730921E+01  0.1554660E+01  0.1365829E-02 -0.1635856E+00  0.1033055E+00
   04  0.6738060E+01  0.1553019E+01  0.1714832E-01 -0.1628907E+00  0.1016636E+00
   04  0.6745200E+01  0.1551429E+01  0.3209628E-01 -0.1612169E+00  0.1000742E+00
   04  0.6752339E+01  0.1549873E+01  0.4620683E-01 -0.1585574E+00  0.9851756E-01
   04  0.6759479E+01  0.1548333E+01  0.5941109E-01 -0.1550419E+00  0.9697774E-01
   04  0.6766618E+01  0.1546799E+01  0.7166256E-01 -0.1507724E+00  0.9544358E-01
   04  0.6773757E+01  0.1545229E+01  0.8282351E-01 -0.1458490E+00  0.9387365E-01
   04  0.6780897E+01  0.1543621E+01  0.9286334E-01 -0.1404366E+00  0.9226604E-01
   04  0.6788036E+01  0.1541946E+01  0.1016841E+00 -0.1346488E+00  0.9059100E-01
   04  0.6795176E+01  0.1540154E+01  0.1091681E+00 -0.1285656E+00  0.8879909E-01
   04  0.6802315E+01  0.1538194E+01  0.1151738E+00 -0.1222981E+00  0.8683933E-01
   04  0.6809454E+01  0.1536003E+01  0.1195264E+00 -0.1159276E+00  0.8464786E-01
   04  0.6816593E+01  0.1533541E+01  0.1221629E+00 -0.1095584E+00  0.8218592E-01
   04  0.6823733E+01  0.1530796E+01  0.1230104E+00 -0.1033181E+00  0.7944052E-01
   04  0.6830872E+01  0.1527784E+01  0.1221376E+00 -0.9733020E-01  0.7642922E-01
   04  0.6838011E+01  0.1524519E+01  0.1195618E+00 -0.9167205E-01  0.7316377E-01
   04  0.6845151E+01  0.1521009E+01  0.1153378E+00 -0.8643986E-01  0.6965432E-01
   04  0.6852290E+01  0.1517289E+01  0.1095346E+00 -0.8176443E-01  0.6593392E-01
   04  0.6859429E+01  0.1513398E+01  0.1022463E+00 -0.7768105E-01  0.6204283E-01
   04  0.6866569E+01  0.1509418E+01  0.9363649E-01 -0.7434060E-01  0.5806346E-01
   04  0.6873708E+01  0.1505401E+01  0.8396462E-01 -0.7180416E-01  0.5404565E-01
   04  0.6880847E+01  0.1501402E+01  0.7337912E-01 -0.7002610E-01  0.5004717E-01
   04  0.6887986E+01  0.1497478E+01  0.6201493E-01 -0.6891607E-01  0.4612302E-01
   04  0.6895126E+01  0.1493697E+01  0.4999218E-01 -0.6838664E-01  0.4234154E-01
   04  0.6902265E+01  0.1490105E+01  0.3747668E-01 -0.6833363E-01  0.3875022E-01
   04  0.6909404E+01  0.1486715E+01  0.2468847E-01 -0.6868231E-01  0.3536015E-01
   04  0.6916544E+01  0.1483562E+01  0.1176890E-01 -0.6940595E-01  0.3220711E-01
   04  0.6923683E+01  0.1480672E+01 -0.1039366E-02 -0.7044417E-01  0.2931727E-01
   04  0.6930043E+01  0.1478347E+01 -0.1215837E-01 -0.7159425E-01  0.2699181E-01
   04  0.6936402E+01  0.1476279E+01 -0.2289935E-01 -0.7291541E-01  0.2492444E-01
   04  0.6942762E+01  0.1474481E+01 -0.3317824E-01 -0.7440702E-01  0.2312638E-01
   04  0.6949122E+01  0.1472963E+01 -0.4294597E-01 -0.7600622E-01  0.2160822E-01
   04  0.6955482E+01  0.1471737E+01 -0.5218021E-01 -0.7766743E-01  0.2038222E-01
   04  0.6961841E+01  0.1470815E+01 -0.6086477E-01 -0.7933666E-01  0.1945976E-01
   04  0.6968201E+01  0.1470200E+01 -0.6899717E-01 -0.8097011E-01  0.1884451E-01
   04  0.6974561E+01  0.1469886E+01 -0.7659502E-01 -0.8253453E-01  0.1853108E-01
   04  0.6980921E+01  0.1469856E+01 -0.8369260E-01 -0.8402802E-01  0.1850086E-01
   04  0.6987280E+01  0.1470079E+01 -0.9034020E-01 -0.8547299E-01  0.1872403E-01
   04  0.6993640E+01  0.1470528E+01 -0.9659943E-01 -0.8686392E-01  0.1917273E-01
   04  0.7000000E+01  0.1471170E+01 -0.1025382E+00 -0.8819216E-01  0.1981493E-01
   04  0.7007139E+01  0.1472075E+01 -0.1089179E+00 -0.8960677E-01  0.2072023E-01
   04  0.7014278E+01  0.1473136E+01 -0.1151223E+00 -0.9091414E-01  0.2178067E-01
   04  0.7021416E+01  0.1474294E+01 -0.1212351E+00 -0.9207316E-01  0.2293908E-01
   04  0.7028555E+01  0.1475489E+01 -0.1273118E+00 -0.9305868E-01  0.2413437E-01
   04  0.7035694E+01  0.1476671E+01 -0.1334271E+00 -0.9385053E-01  0.2531614E-01
   04  0.7042833E+01  0.1477794E+01 -0.1396476E+00 -0.9443474E-01  0.2643888E-01
   04  0.7049971E+01  0.1478819E+01 -0.1460323E+00 -0.9480348E-01  0.2746441E-01
   04  0.7057110E+01  0.1479718E+01 -0.1526324E+00 -0.9495767E-01  0.2836271E-01
   04  0.7064249E+01  0.1480467E+01 -0.1594927E+00 -0.9490987E-01  0.2911227E-01
   04  0.7071388E+01  0.1481055E+01 -0.1666538E+00 -0.9468535E-01  0.2970013E-01
   04  0.7078527E+01  0.1481476E+01 -0.1741539E+00 -0.9432211E-01  0.3012131E-01
   04  0.7085665E+01  0.1481733E+01 -0.1820302E+00 -0.9386989E-01  0.3037810E-01
   04  0.7092804E+01  0.1481834E+01 -0.1903196E+00 -0.9338794E-01  0.3047892E-01
   04  0.7099943E+01  0.1481792E+01 -0.1990589E+00 -0.9294188E-01  0.3043690E-01
   04  0.7107082E+01  0.1481623E+01 -0.2082829E+00 -0.9259976E-01  0.3026849E-01
   04  0.7114220E+01  0.1481347E+01 -0.2180228E+00 -0.9242800E-01  0.2999222E-01
   04  0.7121359E+01  0.1480983E+01 -0.2283034E+00 -0.9248745E-01  0.2962767E-01
   04  0.7128498E+01  0.1480550E+01 -0.2391406E+00 -0.9282981E-01  0.2919468E-01
   04  0.7135637E+01  0.1480068E+01 -0.2505388E+00 -0.9349514E-01  0.2871263E-01
   04  0.7142775E+01  0.1479555E+01 -0.2624901E+00 -0.9450978E-01  0.2819986E-01
   04  0.7149914E+01  0.1479028E+01 -0.2749725E+00 -0.9588478E-01  0.2767313E-01
   04  0.7157052E+01  0.1478502E+01 -0.2879508E+00 -0.9761546E-01  0.2714731E-01
   04  0.7164191E+01  0.1477990E+01 -0.3013771E+00 -0.9968072E-01  0.2663460E-01
   04  0.7171329E+01  0.1477499E+01 -0.3151907E+00 -0.1020435E+00  0.2614389E-01
   04  0.7178468E+01  0.1477036E+01 -0.3293210E+00 -0.1046524E+00  0.2568073E-01
   04  0.7185606E+01  0.1476601E+01 -0.3436886E+00 -0.1074430E+00  0.2524625E-01
   04  0.7192745E+01  0.1476193E+01 -0.3582090E+00 -0.1103412E+00  0.2483772E-01
   04  0.7199883E+01  0.1475804E+01 -0.3727972E+00 -0.1132661E+00  0.2444891E-01
   04  0.7207022E+01  0.1475425E+01 -0.3873743E+00 -0.1161317E+00  0.2407012E-01
   04  0.7214160E+01  0.1475044E+01 -0.4018718E+00 -0.1188513E+00  0.2368915E-01
   04  0.7221299E+01  0.1474646E+01 -0.4162343E+00 -0.1213403E+00  0.2329111E-01
   04  0.7228438E+01  0.1474216E+01 -0.4304245E+00 -0.1235258E+00  0.2286108E-01
   04  0.7235576E+01  0.1473738E+01 -0.4444182E+00 -0.1253438E+00  0.2238339E-01
   04  0.7242715E+01  0.1473205E+01 -0.4582159E+00 -0.1267909E+00  0.2185025E-01
   04  0.7249853E+01  0.1472560E+01 -0.4718301E+00 -0.1276800E+00  0.2120489E-01
   04  0.7256992E+01  0.1471761E+01 -0.4852839E+00 -0.1278940E+00  0.2040616E-01
   04  0.7263354E+01  0.1470916E+01 -0.4971599E+00 -0.1275315E+00  0.1956115E-01
   04  0.7269715E+01  0.1469933E+01 -0.5089465E+00 -0.1266453E+00  0.1857797E-01
   04  0.7276077E+01  0.1468805E+01 -0.5206538E+00 -0.1252911E+00  0.1745005E-01
   04  0.7282439E+01  0.1467549E+01 -0.5323086E+00 -0.1236142E+00  0.1619413E-01
   04  0.7288801E+01  0.1466156E+01 -0.5438767E+00 -0.1217066E+00  0.1480133E-01
   04  0.7295163E+01  0.1464588E+01 -0.5552570E+00 -0.1195522E+00  0.1323314E-01
   04  0.7301524E+01  0.1462830E+01 -0.5664297E+00 -0.1171379E+00  0.1147450E-01
   04  0.7307886E+01  0.1460854E+01 -0.5773416E+00 -0.1144405E+00  0.9498644E-02
   04  0.7314248E+01  0.1458614E+01 -0.5878954E+00 -0.1113946E+00  0.7259275E-02
   04  0.7320610E+01  0.1456104E+01 -0.5980834E+00 -0.1079836E+00  0.4749431E-02
   04  0.7326972E+01  0.1453325E+01 -0.6079201E+00 -0.1041934E+00  0.1969623E-02
   04  0.7333333E+01  0.1450269E+01 -0.6173782E+00 -0.1000462E+00 -0.1085857E-02
   04  0.7340470E+01  0.1446528E+01 -0.6275967E+00 -0.9509029E-01 -0.4826688E-02
   04  0.7347607E+01  0.1442457E+01 -0.6373866E+00 -0.8979971E-01 -0.8898361E-02
   04  0.7354744E+01  0.1438074E+01 -0.6468120E+00 -0.8415662E-01 -0.1328088E-01
   04  0.7361881E+01  0.1433373E+01 -0.6558390E+00 -0.7819584E-01 -0.1798170E-01
   04  0.7369018E+01  0.1428351E+01 -0.6644087E+00 -0.7196343E-01 -0.2300448E-01
   04  0.7376155E+01  0.1423037E+01 -0.6725056E+00 -0.6542286E-01 -0.2831836E-01
   04  0.7383292E+01  0.1417427E+01 -0.6799905E+00 -0.5857862E-01 -0.3392767E-01
   04  0.7390429E+01  0.1411541E+01 -0.6867852E+00 -0.5141518E-01 -0.3981395E-01
   04  0.7397566E+01  0.1405409E+01 -0.6928799E+00 -0.4394496E-01 -0.4594570E-01
   04  0.7404702E+01  0.1399050E+01 -0.6982254E+00 -0.3621364E-01 -0.5230541E-01
   04  0.7411839E+01  0.1392487E+01 -0.7027890E+00 -0.2826168E-01 -0.5886779E-01
   04  0.7418976E+01  0.1385750E+01 -0.7066268E+00 -0.2015181E-01 -0.6560461E-01
   04  0.7426113E+01  0.1378873E+01 -0.7097023E+00 -0.1194097E-01 -0.7248193E-01
   04  0.7433250E+01  0.1371876E+01 -0.7120642E+00 -0.3672930E-02 -0.7947928E-01
   04  0.7440387E+01  0.1364797E+01 -0.7136253E+00  0.4583101E-02 -0.8655800E-01
   04  0.7447524E+01  0.1357720E+01 -0.7142025E+00  0.1282829E-01 -0.9363455E-01
   04  0.7454661E+01  0.1350695E+01 -0.7137008E+00  0.2102827E-01 -0.1006600E+00
   04  0.7461798E+01  0.1343776E+01 -0.7120959E+00  0.2921287E-01 -0.1075788E+00
   04  0.7468934E+01  0.1336998E+01 -0.7094017E+00  0.3735279E-01 -0.1143569E+00
   04  0.7476070E+01  0.1330369E+01 -0.7056941E+00  0.4541996E-01 -0.1209859E+00
   04  0.7483206E+01  0.1323882E+01 -0.7010589E+00  0.5338435E-01 -0.1274732E+00
   04  0.7490341E+01  0.1317518E+01 -0.6955719E+00  0.6121627E-01 -0.1338369E+00
   04  0.7497477E+01  0.1311264E+01 -0.6892632E+00  0.6889044E-01 -0.1400911E+00
   04  0.7504613E+01  0.1305123E+01 -0.6820949E+00  0.7638905E-01 -0.1462319E+00
   04  0.7511749E+01  0.1299045E+01 -0.6741826E+00  0.8368441E-01 -0.1523100E+00
   04  0.7518885E+01  0.1292989E+01 -0.6656021E+00  0.9075135E-01 -0.1583658E+00
   04  0.7526021E+01  0.1286930E+01 -0.6563937E+00  0.9757132E-01 -0.1644247E+00
   04  0.7533157E+01  0.1280856E+01 -0.6465803E+00  0.1041294E+00 -0.1704988E+00
   04  0.7540293E+01  0.1274772E+01 -0.6361562E+00  0.1104228E+00 -0.1765825E+00
   04  0.7547429E+01  0.1268713E+01 -0.6250539E+00  0.1164635E+00 -0.1826425E+00
   04  0.7554565E+01  0.1262714E+01 -0.6132322E+00  0.1222507E+00 -0.1886411E+00
   04  0.7561701E+01  0.1256792E+01 -0.6007521E+00  0.1277751E+00 -0.1945628E+00
   04  0.7568837E+01  0.1250974E+01 -0.5876578E+00  0.1330348E+00 -0.2003806E+00
   04  0.7575973E+01  0.1245299E+01 -0.5739694E+00  0.1380307E+00 -0.2060564E+00
   04  0.7583108E+01  0.1239804E+01 -0.5597068E+00  0.1427658E+00 -0.2115507E+00
   04  0.7590244E+01  0.1234530E+01 -0.5448842E+00  0.1472442E+00 -0.2168249E+00
   04  0.7596613E+01  0.1230036E+01 -0.5311677E+00  0.1510306E+00 -0.2213186E+00
   04  0.7602981E+01  0.1225777E+01 -0.5170096E+00  0.1546350E+00 -0.2255783E+00
   04  0.7609350E+01  0.1221772E+01 -0.5024194E+00  0.1580772E+00 -0.2295829E+00
   04  0.7615718E+01  0.1218055E+01 -0.4873530E+00  0.1613749E+00 -0.2332998E+00
   04  0.7622087E+01  0.1214654E+01 -0.4717872E+00  0.1645628E+00 -0.2367011E+00
   04  0.7628456E+01  0.1211592E+01 -0.4556972E+00  0.1676733E+00 -0.2397629E+00
   04  0.7634824E+01  0.1208894E+01 -0.4390542E+00  0.1707466E+00 -0.2424614E+00
   04  0.7641193E+01  0.1206577E+01 -0.4218242E+00  0.1738092E+00 -0.2447783E+00
   04  0.7647561E+01  0.1204651E+01 -0.4039527E+00  0.1768787E+00 -0.2467043E+00
   04  0.7653930E+01  0.1203129E+01 -0.3854705E+00  0.1799594E+00 -0.2482255E+00
   04  0.7660298E+01  0.1201954E+01 -0.3665697E+00  0.1830357E+00 -0.2494008E+00
   04  0.7666667E+01  0.1201117E+01 -0.3472557E+00  0.1861022E+00 -0.2502377E+00
   04  0.7673798E+01  0.1200571E+01 -0.3251318E+00  0.1895256E+00 -0.2507838E+00
   04  0.7680929E+01  0.1200422E+01 -0.3024532E+00  0.1929287E+00 -0.2509328E+00
   04  0.7688060E+01  0.1200648E+01 -0.2791836E+00  0.1962975E+00 -0.2507073E+00
   04  0.7695191E+01  0.1201224E+01 -0.2552720E+00  0.1996128E+00 -0.2501314E+00
   04  0.7702322E+01  0.1202129E+01 -0.2306779E+00  0.2028760E+00 -0.2492257E+00
   04  0.7709453E+01  0.1203349E+01 -0.2053810E+00  0.2060841E+00 -0.2480057E+00
   04  0.7716583E+01  0.1204871E+01 -0.1793780E+00  0.2092398E+00 -0.2464841E+00
   04  0.7723714E+01  0.1206682E+01 -0.1527033E+00  0.2123286E+00 -0.2446728E+00
   04  0.7730845E+01  0.1208776E+01 -0.1253489E+00  0.2152978E+00 -0.2425792E+00
   04  0.7737976E+01  0.1211156E+01 -0.9734545E-01  0.2180965E+00 -0.2401990E+00
   04  0.7745107E+01  0.1213824E+01 -0.6874492E-01  0.2206881E+00 -0.2375309E+00
   04  0.7752238E+01  0.1216786E+01 -0.3961337E-01  0.2230662E+00 -0.2345691E+00
   04  0.7759369E+01  0.1220028E+01 -0.1003805E-01  0.2252315E+00 -0.2313268E+00
   04  0.7766500E+01  0.1223522E+01  0.1989059E-01  0.2272092E+00 -0.2278331E+00
   04  0.7773631E+01  0.1227234E+01  0.5006036E-01  0.2290083E+00 -0.2241211E+00
   04  0.7780762E+01  0.1231128E+01  0.8036634E-01  0.2306399E+00 -0.2202273E+00
   04  0.7787893E+01  0.1235159E+01  0.1106774E+00  0.2321513E+00 -0.2161961E+00
   04  0.7795024E+01  0.1239285E+01  0.1409064E+00  0.2335895E+00 -0.2120696E+00
   04  0.7802153E+01  0.1243463E+01  0.1709680E+00  0.2349800E+00 -0.2078918E+00
   04  0.7809283E+01  0.1247655E+01  0.2007755E+00  0.2363352E+00 -0.2037000E+00
   04  0.7816412E+01  0.1251831E+01  0.2303315E+00  0.2376355E+00 -0.1995241E+00
   04  0.7823541E+01  0.1255962E+01  0.2595960E+00  0.2388615E+00 -0.1953928E+00
   04  0.7830670E+01  0.1260024E+01  0.2885267E+00  0.2399941E+00 -0.1913311E+00
   04  0.7837799E+01  0.1263998E+01  0.3170768E+00  0.2410239E+00 -0.1873567E+00
   04  0.7844928E+01  0.1267877E+01  0.3451927E+00  0.2419472E+00 -0.1834784E+00
   04  0.7852058E+01  0.1271652E+01  0.3728434E+00  0.2427537E+00 -0.1797028E+00
   04  0.7859187E+01  0.1275316E+01  0.4000380E+00  0.2434337E+00 -0.1760387E+00
   04  0.7866316E+01  0.1278869E+01  0.4267783E+00  0.2439803E+00 -0.1724856E+00
   04  0.7873445E+01  0.1282323E+01  0.4530601E+00  0.2443806E+00 -0.1690320E+00
   04  0.7880574E+01  0.1285695E+01  0.4788728E+00  0.2446254E+00 -0.1656596E+00
   04  0.7887703E+01  0.1289008E+01  0.5042024E+00  0.2447102E+00 -0.1623467E+00
   04  0.7894833E+01  0.1292277E+01  0.5290578E+00  0.2446330E+00 -0.1590782E+00
   04  0.7901962E+01  0.1295523E+01  0.5534250E+00  0.2443983E+00 -0.1558324E+00
   04  0.7909091E+01  0.1298772E+01  0.5772473E+00  0.2440384E+00 -0.1525827E+00
   04  0.7916220E+01  0.1302025E+01  0.6005569E+00  0.2435671E+00 -0.1493298E+00
   04  0.7923349E+01  0.1305315E+01  0.6232518E+00  0.2430267E+00 -0.1460396E+00
   04  0.7929737E+01  0.1308335E+01  0.6429324E+00  0.2425018E+00 -0.1430204E+00
   04  0.7936124E+01  0.1311496E+01  0.6617836E+00  0.2419590E+00 -0.1398589E+00
   04  0.7942512E+01  0.1314808E+01  0.6797608E+00  0.2414062E+00 -0.1365466E+00
   04  0.7948900E+01  0.1318264E+01  0.6968655E+00  0.2408487E+00 -0.1330912E+00
   04  0.7955287E+01  0.1321860E+01  0.7130789E+00  0.2402912E+00 -0.1294950E+00
   04  0.7961675E+01  0.1325587E+01  0.7283874E+00  0.2397355E+00 -0.1257677E+00
   04  0.7968062E+01  0.1329406E+01  0.7428439E+00  0.2391813E+00 -0.1219486E+00
   04  0.7974450E+01  0.1333290E+01  0.7564904E+00  0.2386191E+00 -0.1180647E+00
   04  0.7980837E+01  0.1337226E+01  0.7693385E+00  0.2380475E+00 -0.1141294E+00
   04  0.7987225E+01  0.1341209E+01  0.7813953E+00  0.2374587E+00 -0.1101463E+00
   04  0.7993612E+01  0.1345224E+01  0.7927014E+00  0.2368435E+00 -0.1061313E+00
