# gauge_id=   103 location=(  0.6204932716E+02  0.6204932716E+02 ) num_var=  4
# level, time, q[  1  2  3], eta, aux[]
   01  0.0000000E+00  0.3090000E+01  0.0000000E+00  0.0000000E+00  0.0000000E+00
   01  0.1600000E-01  0.3090000E+01 -0.8768201E-19  0.8093380E-18  0.0000000E+00
   01  0.1329653E+00  0.3090000E+01 -0.1629037E-18  0.4647301E-16  0.0000000E+00
   01  0.2476540E+00  0.3090000E+01  0.3081922E-16  0.9619343E-16  0.0000000E+00
   01  0.3333333E+00  0.3090000E+01  0.5592152E-16  0.1175779E-15  0.0000000E+00
   01  0.4522257E+00  0.3090000E+01  0.1195528E-15  0.1745764E-15  0.0000000E+00
   01  0.5724150E+00  0.3090000E+01  0.1904470E-15  0.2471457E-15  0.0000000E+00
   01  0.6666667E+00  0.3090000E+01  0.2266597E-15  0.2929710E-15  0.0000000E+00
   01  0.7903854E+00  0.3090000E+01  0.3195167E-15  0.4032281E-15  0.0000000E+00
   01  0.9158532E+00  0.3090000E+01  0.4143263E-15  0.5172646E-15  0.0000000E+00
   01  0.1000000E+01  0.3090000E+01  0.4411242E-15  0.5690746E-15  0.0000000E+00
   01  0.1128722E+01  0.3090000E+01  0.6120394E-15  0.7846760E-15  0.0000000E+00
   01  0.1257366E+01  0.3090000E+01  0.8007089E-15  0.1010180E-14  0.0000000E+00
   01  0.1333333E+01  0.3090000E+01  0.8482913E-15  0.1084164E-14  0.0000000E+00
   01  0.1461954E+01  0.3090000E+01  0.1086495E-14  0.1371094E-14  0.0000000E+00
   02  0.1590570E+01  0.2967669E+01  0.1261985E-14  0.1590740E-14  0.0000000E+00
   02  0.1628618E+01  0.2967669E+01  0.1385105E-14  0.1757612E-14  0.0000000E+00
   02  0.1666667E+01  0.2967669E+01  0.1525214E-14  0.1934851E-14  0.0000000E+00
   02  0.1709509E+01  0.2967669E+01  0.1703871E-14  0.2149066E-14  0.0000000E+00
   02  0.1752352E+01  0.2967669E+01  0.1902388E-14  0.2375430E-14  0.0000000E+00
   02  0.1795194E+01  0.2967669E+01  0.2124164E-14  0.2616745E-14  0.0000000E+00
   02  0.1838039E+01  0.2967669E+01  0.2361031E-14  0.2867876E-14  0.0000000E+00
   02  0.1880884E+01  0.2967669E+01  0.2617336E-14  0.3129466E-14  0.0000000E+00
   02  0.1923729E+01  0.2967669E+01  0.2887133E-14  0.3419557E-14  0.0000000E+00
   02  0.1961864E+01  0.2967669E+01  0.3136397E-14  0.3652820E-14  0.0000000E+00
   02  0.2000000E+01  0.2967669E+01  0.3398319E-14  0.3904864E-14  0.0000000E+00
   02  0.2042869E+01  0.2967669E+01  0.3946698E-14  0.4342610E-14  0.0000000E+00
   02  0.2085738E+01  0.2967669E+01  0.5150049E-14  0.5257565E-14  0.8881784E-15
   02  0.2128607E+01  0.2967669E+01  0.6693223E-14  0.6953064E-14  0.8881784E-15
   02  0.2171468E+01  0.2967669E+01  0.4641947E-14  0.5074444E-14  0.4440892E-15
   02  0.2214329E+01  0.2967669E+01 -0.9998110E-15 -0.4746258E-15 -0.1332268E-14
   02  0.2257190E+01  0.2967669E+01 -0.3176101E-13 -0.3074844E-13 -0.7105427E-14
   02  0.2295261E+01  0.2967669E+01 -0.5376249E-13 -0.5297868E-13 -0.1199041E-13
   02  0.2333333E+01  0.2967669E+01 -0.7857971E-13 -0.7768505E-13 -0.1731948E-13
   02  0.2376168E+01  0.2967669E+01 -0.1177396E-12 -0.1167631E-12 -0.2575717E-13
   02  0.2419002E+01  0.2967669E+01  0.5534240E-13  0.5648587E-13  0.1376677E-13
   02  0.2461836E+01  0.2967669E+01  0.4860613E-12  0.4873412E-12  0.1243450E-12
   02  0.2504676E+01  0.2967669E+01  0.6578867E-11  0.6577977E-11  0.1461054E-11
   02  0.2547516E+01  0.2967669E+01  0.2208101E-10  0.2207831E-10  0.4884537E-11
   02  0.2590356E+01  0.2967669E+01  0.6335777E-10  0.6334643E-10  0.1275158E-10
   02  0.2628511E+01  0.2967669E+01 -0.1479931E-09 -0.1480019E-09 -0.3662048E-10
   02  0.2666667E+01  0.2967669E+01 -0.6390120E-09 -0.6391174E-09 -0.1606386E-09
   02  0.2709527E+01  0.2967669E+01 -0.5321892E-08 -0.5323342E-08 -0.1193726E-08
   02  0.2752387E+01  0.2967669E+01 -0.1841294E-07 -0.1841559E-07 -0.4056143E-08
   02  0.2795247E+01  0.2967669E+01 -0.4036633E-07 -0.4036997E-07 -0.8970108E-08
   02  0.2838101E+01  0.2967669E+01 -0.8058712E-07 -0.8058772E-07 -0.1614745E-07
   02  0.2880955E+01  0.2967669E+01  0.2037539E-06  0.2037684E-06  0.5137774E-07
   02  0.2923808E+01  0.2967669E+01  0.8165670E-06  0.8167296E-06  0.2075254E-06
   02  0.2961904E+01  0.2967670E+01  0.4842571E-05  0.4843832E-05  0.1096218E-05
   02  0.3000000E+01  0.2967671E+01  0.1207709E-04  0.1207924E-04  0.2671361E-05
   03  0.3042839E+01  0.2992673E+01  0.1279043E-04  0.1279446E-04  0.3982130E-05
   03  0.3064258E+01  0.2992674E+01  0.1978037E-04  0.1978573E-04  0.5512364E-05
   03  0.3085678E+01  0.2992676E+01  0.2717872E-04  0.2718570E-04  0.7131147E-05
   03  0.3107097E+01  0.2992677E+01  0.3418665E-04  0.3419559E-04  0.8608975E-05
   03  0.3128516E+01  0.2992679E+01  0.4042915E-04  0.4043990E-04  0.9893279E-05
   03  0.3149938E+01  0.2992680E+01  0.4597737E-04  0.4598965E-04  0.1103237E-04
   03  0.3171360E+01  0.2992681E+01  0.5072557E-04  0.5073846E-04  0.1203355E-04
   03  0.3192782E+01  0.2992681E+01  0.5444350E-04  0.5445645E-04  0.1282878E-04
   03  0.3214204E+01  0.2992682E+01  0.5696989E-04  0.5698115E-04  0.1337680E-04
   03  0.3235626E+01  0.2992682E+01  0.5761316E-04  0.5762126E-04  0.1352586E-04
   03  0.3257048E+01  0.2992682E+01  0.5493936E-04  0.5493998E-04  0.1292210E-04
   03  0.3276119E+01  0.2992680E+01  0.4959207E-04  0.4958204E-04  0.1173656E-04
   03  0.3295190E+01  0.2992679E+01  0.4178551E-04  0.4176425E-04  0.1002589E-04
   03  0.3314262E+01  0.2992676E+01  0.3189285E-04  0.3186255E-04  0.7824294E-05
   03  0.3333333E+01  0.2992673E+01  0.1740419E-04  0.1736348E-04  0.4508214E-05
   03  0.3354761E+01  0.2992667E+01 -0.8797413E-05 -0.8853943E-05 -0.1955482E-05
   03  0.3376188E+01  0.2992655E+01 -0.5245144E-04 -0.5252886E-04 -0.1325167E-04
   03  0.3397615E+01  0.2992634E+01 -0.1347031E-03 -0.1348114E-03 -0.3497338E-04
   03  0.3419043E+01  0.2992593E+01 -0.2895909E-03 -0.2897364E-03 -0.7576092E-04
   04  0.3440470E+01  0.2996401E+01 -0.5497540E-04 -0.5508337E-04 -0.1772546E-04
   04  0.3447612E+01  0.2996360E+01 -0.1869599E-03 -0.1871490E-03 -0.5911164E-04
   04  0.3454755E+01  0.2996313E+01 -0.3426990E-03 -0.3429677E-03 -0.1061015E-03
   04  0.3461897E+01  0.2996264E+01 -0.5103601E-03 -0.5106961E-03 -0.1542921E-03
   04  0.3469039E+01  0.2996217E+01 -0.6871677E-03 -0.6875539E-03 -0.2018755E-03
   04  0.3476181E+01  0.2996171E+01 -0.8678065E-03 -0.8682291E-03 -0.2474320E-03
   04  0.3483322E+01  0.2996127E+01 -0.1053551E-02 -0.1053996E-02 -0.2917711E-03
   04  0.3490464E+01  0.2996080E+01 -0.1254261E-02 -0.1254723E-02 -0.3389623E-03
   04  0.3497606E+01  0.2996024E+01 -0.1484977E-02 -0.1485456E-02 -0.3949763E-03
   04  0.3504748E+01  0.2995953E+01 -0.1761259E-02 -0.1761763E-02 -0.4657075E-03
   04  0.3511889E+01  0.2995863E+01 -0.2095883E-02 -0.2096424E-02 -0.5553305E-03
   04  0.3519031E+01  0.2995753E+01 -0.2496402E-02 -0.2496991E-02 -0.6655774E-03
   04  0.3526173E+01  0.2995623E+01 -0.2964182E-02 -0.2964831E-02 -0.7957110E-03
   04  0.3533314E+01  0.2995476E+01 -0.3494924E-02 -0.3495641E-02 -0.9431525E-03
   04  0.3540456E+01  0.2995314E+01 -0.4080503E-02 -0.4081294E-02 -0.1104490E-02
   04  0.3547598E+01  0.2995142E+01 -0.4711617E-02 -0.4712482E-02 -0.1276548E-02
   04  0.3554740E+01  0.2994961E+01 -0.5380520E-02 -0.5381458E-02 -0.1457242E-02
   04  0.3561881E+01  0.2994773E+01 -0.6083087E-02 -0.6084095E-02 -0.1646009E-02
   04  0.3569023E+01  0.2994575E+01 -0.6819631E-02 -0.6820703E-02 -0.1843771E-02
   04  0.3576165E+01  0.2994366E+01 -0.7594208E-02 -0.7595338E-02 -0.2052461E-02
   04  0.3583307E+01  0.2994144E+01 -0.8412602E-02 -0.8413783E-02 -0.2274267E-02
   04  0.3590448E+01  0.2993908E+01 -0.9279501E-02 -0.9280726E-02 -0.2510781E-02
   04  0.3596800E+01  0.2993685E+01 -0.1009126E-01 -0.1009252E-01 -0.2733818E-02
   04  0.3603151E+01  0.2993451E+01 -0.1093866E-01 -0.1093996E-01 -0.2967783E-02
   04  0.3609503E+01  0.2993208E+01 -0.1181380E-01 -0.1181513E-01 -0.3210462E-02
   04  0.3615854E+01  0.2992960E+01 -0.1270475E-01 -0.1270611E-01 -0.3458596E-02
   04  0.3622206E+01  0.2992710E+01 -0.1359652E-01 -0.1359793E-01 -0.3708186E-02
   04  0.3628557E+01  0.2992464E+01 -0.1447262E-01 -0.1447407E-01 -0.3954889E-02
   04  0.3634909E+01  0.2992224E+01 -0.1531670E-01 -0.1531820E-01 -0.4194453E-02
   04  0.3641261E+01  0.2991996E+01 -0.1611422E-01 -0.1611576E-01 -0.4423117E-02
   04  0.3647612E+01  0.2991781E+01 -0.1685365E-01 -0.1685524E-01 -0.4637901E-02
   04  0.3653964E+01  0.2991582E+01 -0.1752729E-01 -0.1752891E-01 -0.4836791E-02
   04  0.3660315E+01  0.2991400E+01 -0.1813131E-01 -0.1813295E-01 -0.5018764E-02
   04  0.3666667E+01  0.2991235E+01 -0.1866531E-01 -0.1866695E-01 -0.5183611E-02
   04  0.3673807E+01  0.2991069E+01 -0.1918600E-01 -0.1918761E-01 -0.5349303E-02
   04  0.3680947E+01  0.2990923E+01 -0.1962740E-01 -0.1962895E-01 -0.5495367E-02
   04  0.3688088E+01  0.2990794E+01 -0.1999738E-01 -0.1999883E-01 -0.5624838E-02
   04  0.3695228E+01  0.2990680E+01 -0.2030395E-01 -0.2030527E-01 -0.5738993E-02
   04  0.3702368E+01  0.2990580E+01 -0.2055448E-01 -0.2055565E-01 -0.5838675E-02
   04  0.3709508E+01  0.2990495E+01 -0.2075450E-01 -0.2075549E-01 -0.5923967E-02
   04  0.3716649E+01  0.2990421E+01 -0.2089893E-01 -0.2089975E-01 -0.5997996E-02
   04  0.3723789E+01  0.2990364E+01 -0.2097421E-01 -0.2097483E-01 -0.6054413E-02
   04  0.3730929E+01  0.2990325E+01 -0.2098429E-01 -0.2098467E-01 -0.6093619E-02
   04  0.3738070E+01  0.2990295E+01 -0.2095822E-01 -0.2095849E-01 -0.6123524E-02
   04  0.3745210E+01  0.2990269E+01 -0.2091138E-01 -0.2091157E-01 -0.6149502E-02
   04  0.3752350E+01  0.2990248E+01 -0.2084933E-01 -0.2084942E-01 -0.6170982E-02
   04  0.3759491E+01  0.2990235E+01 -0.2075815E-01 -0.2075823E-01 -0.6183554E-02
   04  0.3766631E+01  0.2990243E+01 -0.2059651E-01 -0.2059654E-01 -0.6175731E-02
   04  0.3773771E+01  0.2990299E+01 -0.2026822E-01 -0.2026813E-01 -0.6120047E-02
   04  0.3780912E+01  0.2990452E+01 -0.1959294E-01 -0.1959268E-01 -0.5966526E-02
   04  0.3788052E+01  0.2990762E+01 -0.1834256E-01 -0.1834207E-01 -0.5656494E-02
   04  0.3795192E+01  0.2991331E+01 -0.1611889E-01 -0.1611809E-01 -0.5088021E-02
   04  0.3802333E+01  0.2992257E+01 -0.1250728E-01 -0.1250600E-01 -0.4161817E-02
   04  0.3809474E+01  0.2993656E+01 -0.7062238E-02 -0.7060124E-02 -0.2762563E-02
   04  0.3816614E+01  0.2995638E+01  0.5788840E-03  0.5821523E-03 -0.7802104E-03
   04  0.3823755E+01  0.2998387E+01  0.1108044E-01  0.1108528E-01  0.1968728E-02
   04  0.3830896E+01  0.3002125E+01  0.2529802E-01  0.2530498E-01  0.5706596E-02
   04  0.3838037E+01  0.3007106E+01  0.4426640E-01  0.4427620E-01  0.1068700E-01
   04  0.3842797E+01  0.3011182E+01  0.5988381E-01  0.5989590E-01  0.1476303E-01
   04  0.3847558E+01  0.3015963E+01  0.7823450E-01  0.7824943E-01  0.1954457E-01
   04  0.3852318E+01  0.3021465E+01  0.9941113E-01  0.9942966E-01  0.2504617E-01
   04  0.3857079E+01  0.3027665E+01  0.1233817E+00  0.1234049E+00  0.3124647E-01
   04  0.3861839E+01  0.3034554E+01  0.1501429E+00  0.1501721E+00  0.3813503E-01
   04  0.3866600E+01  0.3042274E+01  0.1802635E+00  0.1802999E+00  0.4585542E-01
   04  0.3871360E+01  0.3051412E+01  0.2160132E+00  0.2160581E+00  0.5499342E-01
   04  0.3876121E+01  0.3063467E+01  0.2633421E+00  0.2633943E+00  0.6704796E-01
   04  0.3880882E+01  0.3081778E+01  0.3357492E+00  0.3358104E+00  0.8535959E-01
   04  0.3886237E+01  0.3115259E+01  0.4700112E+00  0.4700862E+00  0.1188401E+00
   04  0.3891593E+01  0.3171395E+01  0.7027401E+00  0.7028322E+00  0.1749765E+00
   04  0.3896948E+01  0.3262949E+01  0.1101446E+01  0.1101568E+01  0.2665301E+00
   04  0.3902304E+01  0.3401825E+01  0.1738821E+01  0.1738998E+01  0.4054060E+00
   04  0.3907659E+01  0.3589265E+01  0.2650300E+01  0.2650581E+01  0.5928462E+00
   04  0.3913015E+01  0.3807553E+01  0.3776029E+01  0.3776450E+01  0.8111345E+00
   04  0.3918371E+01  0.4029655E+01  0.4984762E+01  0.4985351E+01  0.1033236E+01
   04  0.3923726E+01  0.4226956E+01  0.6106125E+01  0.6106929E+01  0.1230537E+01
   04  0.3930082E+01  0.4402723E+01  0.7131565E+01  0.7132637E+01  0.1406305E+01
   04  0.3936438E+01  0.4509862E+01  0.7750135E+01  0.7751562E+01  0.1513443E+01
   04  0.3942795E+01  0.4556457E+01  0.7977443E+01  0.7978789E+01  0.1560038E+01
   04  0.3949151E+01  0.4575963E+01  0.8037443E+01  0.8038278E+01  0.1579545E+01
   04  0.3955507E+01  0.4585217E+01  0.8056791E+01  0.8057024E+01  0.1588798E+01
   04  0.3961863E+01  0.4592357E+01  0.8054730E+01  0.8054515E+01  0.1595938E+01
   04  0.3968219E+01  0.4598238E+01  0.8043686E+01  0.8042917E+01  0.1601820E+01
   04  0.3974575E+01  0.4602744E+01  0.8029888E+01  0.8028590E+01  0.1606325E+01
   04  0.3980932E+01  0.4607095E+01  0.8011089E+01  0.8009272E+01  0.1610676E+01
   04  0.3987288E+01  0.4610941E+01  0.7988654E+01  0.7986319E+01  0.1614523E+01
   04  0.3993644E+01  0.4614219E+01  0.7963130E+01  0.7960301E+01  0.1617800E+01
   04  0.4000000E+01  0.4617129E+01  0.7934498E+01  0.7931195E+01  0.1620711E+01
   04  0.4007142E+01  0.4620058E+01  0.7899933E+01  0.7896124E+01  0.1623639E+01
   04  0.4014284E+01  0.4622813E+01  0.7864327E+01  0.7860057E+01  0.1626395E+01
   04  0.4021426E+01  0.4625526E+01  0.7828375E+01  0.7823707E+01  0.1629108E+01
   04  0.4028568E+01  0.4628105E+01  0.7791712E+01  0.7786730E+01  0.1631686E+01
   04  0.4035710E+01  0.4630261E+01  0.7752636E+01  0.7747438E+01  0.1633843E+01
   04  0.4042852E+01  0.4631546E+01  0.7708206E+01  0.7702901E+01  0.1635127E+01
   04  0.4049994E+01  0.4631422E+01  0.7654890E+01  0.7649586E+01  0.1635003E+01
   04  0.4057136E+01  0.4629423E+01  0.7589586E+01  0.7584400E+01  0.1633004E+01
   04  0.4064278E+01  0.4625304E+01  0.7510820E+01  0.7505865E+01  0.1628885E+01
   04  0.4071420E+01  0.4619089E+01  0.7419034E+01  0.7414389E+01  0.1622671E+01
   04  0.4078562E+01  0.4610986E+01  0.7315796E+01  0.7311480E+01  0.1614567E+01
   04  0.4085704E+01  0.4601261E+01  0.7202928E+01  0.7198913E+01  0.1604842E+01
   04  0.4092846E+01  0.4590160E+01  0.7082062E+01  0.7078287E+01  0.1593741E+01
   04  0.4099988E+01  0.4577878E+01  0.6954500E+01  0.6950891E+01  0.1581459E+01
   04  0.4107130E+01  0.4564555E+01  0.6821221E+01  0.6817712E+01  0.1568136E+01
   04  0.4114272E+01  0.4550287E+01  0.6682959E+01  0.6679499E+01  0.1553869E+01
   04  0.4121414E+01  0.4535141E+01  0.6540275E+01  0.6536830E+01  0.1538723E+01
   04  0.4128556E+01  0.4519161E+01  0.6393613E+01  0.6390168E+01  0.1522743E+01
   04  0.4135697E+01  0.4502383E+01  0.6243363E+01  0.6239916E+01  0.1505965E+01
   04  0.4142839E+01  0.4484835E+01  0.6089846E+01  0.6086399E+01  0.1488417E+01
   04  0.4149980E+01  0.4466546E+01  0.5933367E+01  0.5929925E+01  0.1470127E+01
   04  0.4157121E+01  0.4447543E+01  0.5774207E+01  0.5770770E+01  0.1451124E+01
   04  0.4164263E+01  0.4427857E+01  0.5612625E+01  0.5609188E+01  0.1431439E+01
   04  0.4171404E+01  0.4407518E+01  0.5448854E+01  0.5445406E+01  0.1411099E+01
   04  0.4178546E+01  0.4386553E+01  0.5283103E+01  0.5279624E+01  0.1390134E+01
   04  0.4185687E+01  0.4364990E+01  0.5115555E+01  0.5112023E+01  0.1368572E+01
   04  0.4192828E+01  0.4342855E+01  0.4946375E+01  0.4942765E+01  0.1346436E+01
   04  0.4199970E+01  0.4320167E+01  0.4775712E+01  0.4771999E+01  0.1323749E+01
   04  0.4207111E+01  0.4296948E+01  0.4603710E+01  0.4599867E+01  0.1300529E+01
   04  0.4214252E+01  0.4273212E+01  0.4430506E+01  0.4426509E+01  0.1276793E+01
   04  0.4221394E+01  0.4248971E+01  0.4256243E+01  0.4252071E+01  0.1252553E+01
   04  0.4228535E+01  0.4224238E+01  0.4081074E+01  0.4076705E+01  0.1227819E+01
   04  0.4235677E+01  0.4199021E+01  0.3905163E+01  0.3900577E+01  0.1202602E+01
   04  0.4242818E+01  0.4173332E+01  0.3728689E+01  0.3723869E+01  0.1176914E+01
   04  0.4249959E+01  0.4147185E+01  0.3551851E+01  0.3546780E+01  0.1150766E+01
   04  0.4257101E+01  0.4120595E+01  0.3374862E+01  0.3369523E+01  0.1124177E+01
   04  0.4263453E+01  0.4096589E+01  0.3217567E+01  0.3211977E+01  0.1100170E+01
   04  0.4269806E+01  0.4072270E+01  0.3060497E+01  0.3054644E+01  0.1075851E+01
   04  0.4276159E+01  0.4047660E+01  0.2903821E+01  0.2897696E+01  0.1051242E+01
   04  0.4282512E+01  0.4022788E+01  0.2747709E+01  0.2741301E+01  0.1026369E+01
   04  0.4288864E+01  0.3997679E+01  0.2592320E+01  0.2585622E+01  0.1001261E+01
   04  0.4295217E+01  0.3972363E+01  0.2437804E+01  0.2430811E+01  0.9759441E+00
   04  0.4301570E+01  0.3946865E+01  0.2284295E+01  0.2277002E+01  0.9504465E+00
   04  0.4307922E+01  0.3921212E+01  0.2131913E+01  0.2124317E+01  0.9247937E+00
   04  0.4314275E+01  0.3895429E+01  0.1980763E+01  0.1972863E+01  0.8990099E+00
   04  0.4320628E+01  0.3869535E+01  0.1830933E+01  0.1822730E+01  0.8731168E+00
   04  0.4326981E+01  0.3843552E+01  0.1682500E+01  0.1673994E+01  0.8471335E+00
   04  0.4333333E+01  0.3817495E+01  0.1535525E+01  0.1526719E+01  0.8210766E+00
   04  0.4340474E+01  0.3788137E+01  0.1372009E+01  0.1362869E+01  0.7917182E+00
   04  0.4347614E+01  0.3758717E+01  0.1210457E+01  0.1200986E+01  0.7622986E+00
   04  0.4354755E+01  0.3729246E+01  0.1050904E+01  0.1041107E+01  0.7328277E+00
   04  0.4361895E+01  0.3699728E+01  0.8933658E+00  0.8832490E+00  0.7033091E+00
   04  0.4369036E+01  0.3670158E+01  0.7378357E+00  0.7274060E+00  0.6737398E+00
   04  0.4376176E+01  0.3640528E+01  0.5842827E+00  0.5735488E+00  0.6441098E+00
   04  0.4383317E+01  0.3610821E+01  0.4326466E+00  0.4216191E+00  0.6144025E+00
   04  0.4390457E+01  0.3581023E+01  0.2828415E+00  0.2715409E+00  0.5846039E+00
   04  0.4397598E+01  0.3551125E+01  0.1348290E+00  0.1232853E+00  0.5547067E+00
   04  0.4404738E+01  0.3521152E+01 -0.1133402E-01 -0.2311248E-01  0.5247334E+00
   04  0.4411879E+01  0.3491164E+01 -0.1552602E+00 -0.1672777E+00  0.4947449E+00
   04  0.4419019E+01  0.3461209E+01 -0.2965440E+00 -0.3087882E+00  0.4647907E+00
   04  0.4426160E+01  0.3431325E+01 -0.4351503E+00 -0.4476042E+00  0.4349062E+00
   04  0.4433300E+01  0.3401524E+01 -0.5711582E+00 -0.5838050E+00  0.4051056E+00
   04  0.4440441E+01  0.3371808E+01 -0.7045482E+00 -0.7173845E+00  0.3753897E+00
   04  0.4447581E+01  0.3342189E+01 -0.8353453E+00 -0.8483681E+00  0.3457699E+00
   04  0.4454722E+01  0.3312681E+01 -0.9635831E+00 -0.9767950E+00  0.3162624E+00
   04  0.4461862E+01  0.3283299E+01 -0.1089278E+01 -0.1102687E+01  0.2868799E+00
   04  0.4469003E+01  0.3254054E+01 -0.1212465E+01 -0.1226082E+01  0.2576353E+00
   04  0.4476144E+01  0.3224964E+01 -0.1333161E+01 -0.1347000E+01  0.2285455E+00
   04  0.4483285E+01  0.3196041E+01 -0.1451391E+01 -0.1465467E+01  0.1996226E+00
   04  0.4490426E+01  0.3167296E+01 -0.1567177E+01 -0.1581505E+01  0.1708773E+00
   04  0.4497567E+01  0.3138735E+01 -0.1680546E+01 -0.1695131E+01  0.1423159E+00
   04  0.4504708E+01  0.3110361E+01 -0.1791503E+01 -0.1806366E+01  0.1139419E+00
   04  0.4511849E+01  0.3082174E+01 -0.1900058E+01 -0.1915208E+01  0.8575556E-01
   04  0.4518990E+01  0.3054170E+01 -0.2006218E+01 -0.2021660E+01  0.5775088E-01
   04  0.4526131E+01  0.3026336E+01 -0.2109989E+01 -0.2125723E+01  0.2991737E-01
   04  0.4533272E+01  0.2998659E+01 -0.2211370E+01 -0.2227394E+01  0.2240695E-02
   04  0.4540413E+01  0.2971122E+01 -0.2310360E+01 -0.2326668E+01 -0.2529639E-01
   04  0.4547554E+01  0.2943706E+01 -0.2406952E+01 -0.2423533E+01 -0.5271267E-01
   04  0.4554695E+01  0.2916392E+01 -0.2501139E+01 -0.2517979E+01 -0.8002708E-01
   04  0.4561836E+01  0.2889161E+01 -0.2592914E+01 -0.2609997E+01 -0.1072573E+00
   04  0.4568977E+01  0.2862000E+01 -0.2682275E+01 -0.2699581E+01 -0.1344188E+00
   04  0.4576118E+01  0.2834895E+01 -0.2769222E+01 -0.2786731E+01 -0.1615240E+00
   04  0.4583259E+01  0.2807837E+01 -0.2853765E+01 -0.2871454E+01 -0.1885818E+00
   04  0.4590400E+01  0.2780822E+01 -0.2935921E+01 -0.2953767E+01 -0.2155969E+00
   04  0.4596755E+01  0.2756812E+01 -0.3006935E+01 -0.3024901E+01 -0.2396064E+00
   04  0.4603111E+01  0.2732838E+01 -0.3076109E+01 -0.3094174E+01 -0.2635809E+00
   04  0.4609466E+01  0.2708902E+01 -0.3143475E+01 -0.3161619E+01 -0.2875162E+00
   04  0.4615822E+01  0.2685012E+01 -0.3209072E+01 -0.3227274E+01 -0.3114069E+00
   04  0.4622178E+01  0.2661173E+01 -0.3272945E+01 -0.3291185E+01 -0.3352461E+00
   04  0.4628533E+01  0.2637392E+01 -0.3335141E+01 -0.3353399E+01 -0.3590263E+00
   04  0.4634889E+01  0.2613679E+01 -0.3395713E+01 -0.3413970E+01 -0.3827396E+00
   04  0.4641244E+01  0.2590040E+01 -0.3454715E+01 -0.3472953E+01 -0.4063783E+00
   04  0.4647600E+01  0.2566484E+01 -0.3512204E+01 -0.3530406E+01 -0.4299348E+00
   04  0.4653955E+01  0.2543017E+01 -0.3568237E+01 -0.3586388E+01 -0.4534021E+00
   04  0.4660311E+01  0.2519645E+01 -0.3622872E+01 -0.3640960E+01 -0.4767736E+00
   04  0.4666667E+01  0.2496375E+01 -0.3676166E+01 -0.3694182E+01 -0.5000435E+00
   04  0.4673808E+01  0.2470357E+01 -0.3734654E+01 -0.3752581E+01 -0.5260615E+00
   04  0.4680950E+01  0.2444482E+01 -0.3791603E+01 -0.3809438E+01 -0.5519365E+00
   04  0.4688091E+01  0.2418758E+01 -0.3847097E+01 -0.3864840E+01 -0.5776609E+00
   04  0.4695232E+01  0.2393192E+01 -0.3901219E+01 -0.3918876E+01 -0.6032269E+00
   04  0.4702374E+01  0.2367793E+01 -0.3954055E+01 -0.3971638E+01 -0.6286261E+00
   04  0.4709515E+01  0.2342570E+01 -0.4005695E+01 -0.4023217E+01 -0.6538490E+00
   04  0.4716657E+01  0.2317533E+01 -0.4056228E+01 -0.4073707E+01 -0.6788853E+00
   04  0.4723798E+01  0.2292695E+01 -0.4105745E+01 -0.4123201E+01 -0.7037241E+00
   04  0.4730940E+01  0.2268065E+01 -0.4154336E+01 -0.4171791E+01 -0.7283537E+00
   04  0.4738081E+01  0.2243656E+01 -0.4202090E+01 -0.4219566E+01 -0.7527629E+00
   04  0.4745223E+01  0.2219478E+01 -0.4249089E+01 -0.4266609E+01 -0.7769408E+00
   04  0.4752364E+01  0.2195541E+01 -0.4295412E+01 -0.4312993E+01 -0.8008781E+00
   04  0.4759505E+01  0.2171851E+01 -0.4341123E+01 -0.4358783E+01 -0.8245672E+00
   04  0.4766647E+01  0.2148416E+01 -0.4386281E+01 -0.4404027E+01 -0.8480031E+00
   04  0.4773788E+01  0.2125235E+01 -0.4430928E+01 -0.4448764E+01 -0.8711834E+00
   04  0.4780930E+01  0.2102310E+01 -0.4475096E+01 -0.4493015E+01 -0.8941090E+00
   04  0.4788071E+01  0.2079635E+01 -0.4518800E+01 -0.4536784E+01 -0.9167839E+00
   04  0.4795213E+01  0.2057203E+01 -0.4562039E+01 -0.4580063E+01 -0.9392159E+00
   04  0.4802354E+01  0.2035004E+01 -0.4604791E+01 -0.4622819E+01 -0.9614148E+00
   04  0.4809495E+01  0.2013021E+01 -0.4647017E+01 -0.4665006E+01 -0.9833980E+00
   04  0.4816636E+01  0.1991233E+01 -0.4688648E+01 -0.4706553E+01 -0.1005186E+01
   04  0.4823776E+01  0.1969616E+01 -0.4729586E+01 -0.4747362E+01 -0.1026802E+01
   04  0.4830917E+01  0.1948143E+01 -0.4769704E+01 -0.4787312E+01 -0.1048276E+01
   04  0.4838058E+01  0.1926780E+01 -0.4808848E+01 -0.4826259E+01 -0.1069638E+01
   04  0.4845199E+01  0.1905498E+01 -0.4846845E+01 -0.4864042E+01 -0.1090921E+01
   04  0.4852340E+01  0.1884264E+01 -0.4883513E+01 -0.4900493E+01 -0.1112155E+01
   04  0.4859481E+01  0.1863055E+01 -0.4918680E+01 -0.4935449E+01 -0.1133364E+01
   04  0.4866622E+01  0.1841846E+01 -0.4952195E+01 -0.4968771E+01 -0.1154573E+01
   04  0.4873763E+01  0.1820617E+01 -0.4983947E+01 -0.5000347E+01 -0.1175802E+01
   04  0.4880904E+01  0.1799359E+01 -0.5013875E+01 -0.5030113E+01 -0.1197059E+01
   04  0.4888045E+01  0.1778070E+01 -0.5041970E+01 -0.5058050E+01 -0.1218348E+01
   04  0.4895186E+01  0.1756735E+01 -0.5068266E+01 -0.5084182E+01 -0.1239684E+01
   04  0.4902327E+01  0.1735286E+01 -0.5092803E+01 -0.5108533E+01 -0.1261133E+01
   04  0.4909468E+01  0.1713633E+01 -0.5115628E+01 -0.5131113E+01 -0.1282785E+01
   04  0.4916609E+01  0.1691836E+01 -0.5136855E+01 -0.5152062E+01 -0.1304583E+01
   04  0.4923750E+01  0.1669858E+01 -0.5156477E+01 -0.5171369E+01 -0.1326561E+01
   04  0.4930104E+01  0.1650177E+01 -0.5172600E+01 -0.5187183E+01 -0.1346242E+01
   04  0.4936458E+01  0.1628921E+01 -0.5186476E+01 -0.5200697E+01 -0.1367498E+01
   04  0.4942812E+01  0.1607419E+01 -0.5199219E+01 -0.5213112E+01 -0.1389000E+01
   04  0.4949167E+01  0.1585563E+01 -0.5210119E+01 -0.5223728E+01 -0.1410856E+01
   04  0.4955521E+01  0.1563868E+01 -0.5218285E+01 -0.5231865E+01 -0.1432551E+01
   04  0.4961875E+01  0.1543672E+01 -0.5226447E+01 -0.5239922E+01 -0.1452747E+01
   04  0.4968229E+01  0.1523773E+01 -0.5231703E+01 -0.5245855E+01 -0.1472646E+01
   04  0.4974583E+01  0.1503908E+01 -0.5233170E+01 -0.5247152E+01 -0.1492511E+01
   04  0.4980937E+01  0.1486780E+01 -0.5233435E+01 -0.5247309E+01 -0.1509638E+01
   04  0.4984115E+01  0.1477660E+01 -0.5230568E+01 -0.5244360E+01 -0.1518758E+01
   04  0.4987292E+01  0.1470570E+01 -0.5226511E+01 -0.5241487E+01 -0.1525848E+01
   04  0.4990469E+01  0.1465657E+01 -0.5219366E+01 -0.5234292E+01 -0.1530761E+01
   04  0.4993646E+01  0.1460746E+01 -0.5205589E+01 -0.5219764E+01 -0.1535673E+01
   04  0.4996823E+01  0.1461521E+01 -0.5208736E+01 -0.5212942E+01 -0.1534898E+01
   04  0.5000000E+01  0.1468685E+01 -0.5216096E+01 -0.5225722E+01 -0.1527733E+01
   04  0.5005356E+01  0.1484817E+01 -0.5217819E+01 -0.5232453E+01 -0.1511601E+01
   04  0.5010711E+01  0.1505661E+01 -0.5208710E+01 -0.5226101E+01 -0.1490758E+01
   04  0.5016067E+01  0.1532567E+01 -0.5177964E+01 -0.5197065E+01 -0.1463851E+01
   04  0.5021422E+01  0.1571498E+01 -0.5153452E+01 -0.5175164E+01 -0.1424921E+01
   04  0.5026778E+01  0.1620690E+01 -0.5128136E+01 -0.5151394E+01 -0.1375729E+01
   04  0.5032133E+01  0.1688678E+01 -0.5100212E+01 -0.5119395E+01 -0.1307741E+01
   04  0.5037489E+01  0.1765223E+01 -0.5084169E+01 -0.5089241E+01 -0.1231196E+01
   04  0.5042844E+01  0.1850454E+01 -0.5052875E+01 -0.5054520E+01 -0.1145965E+01
   04  0.5049985E+01  0.1981924E+01 -0.4987532E+01 -0.4986747E+01 -0.1014494E+01
   04  0.5057125E+01  0.2136648E+01 -0.4902035E+01 -0.4897415E+01 -0.8597705E+00
   04  0.5064266E+01  0.2312438E+01 -0.4768839E+01 -0.4761132E+01 -0.6839804E+00
   04  0.5071407E+01  0.2492632E+01 -0.4574632E+01 -0.4563755E+01 -0.5037864E+00
   04  0.5078547E+01  0.2661308E+01 -0.4317961E+01 -0.4304588E+01 -0.3351108E+00
   04  0.5085688E+01  0.2797145E+01 -0.4017329E+01 -0.4002639E+01 -0.1992733E+00
   04  0.5092829E+01  0.2908107E+01 -0.3723835E+01 -0.3709974E+01 -0.8831194E-01
   04  0.5099969E+01  0.3001142E+01 -0.3466915E+01 -0.3454776E+01  0.4722850E-02
   04  0.5107110E+01  0.3083657E+01 -0.3260412E+01 -0.3251047E+01  0.8723785E-01
   04  0.5109490E+01  0.3100807E+01 -0.3188179E+01 -0.3179887E+01  0.1043881E+00
   04  0.5111871E+01  0.3115462E+01 -0.3126079E+01 -0.3118857E+01  0.1190432E+00
   04  0.5114251E+01  0.3128106E+01 -0.3073608E+01 -0.3067498E+01  0.1316874E+00
   04  0.5116631E+01  0.3139125E+01 -0.3030342E+01 -0.3025396E+01  0.1427066E+00
   04  0.5119011E+01  0.3148807E+01 -0.2995681E+01 -0.2991959E+01  0.1523880E+00
   04  0.5121392E+01  0.3157519E+01 -0.2969610E+01 -0.2967142E+01  0.1611007E+00
   04  0.5123772E+01  0.3165658E+01 -0.2952142E+01 -0.2950921E+01  0.1692389E+00
   04  0.5126152E+01  0.3173456E+01 -0.2942813E+01 -0.2942766E+01  0.1770369E+00
   04  0.5128532E+01  0.3181078E+01 -0.2940839E+01 -0.2942463E+01  0.1846596E+00
   04  0.5135673E+01  0.3229805E+01 -0.3099072E+01 -0.3105811E+01  0.2333863E+00
   04  0.5142814E+01  0.3263511E+01 -0.3257427E+01 -0.3268973E+01  0.2670924E+00
   04  0.5149955E+01  0.3275405E+01 -0.3349531E+01 -0.3365619E+01  0.2789868E+00
   04  0.5157096E+01  0.3272428E+01 -0.3373258E+01 -0.3392690E+01  0.2760093E+00
   04  0.5164237E+01  0.3261571E+01 -0.3356550E+01 -0.3378332E+01  0.2651522E+00
   04  0.5171378E+01  0.3248628E+01 -0.3328681E+01 -0.3352227E+01  0.2522097E+00
   04  0.5174948E+01  0.3238562E+01 -0.3302035E+01 -0.3325991E+01  0.2421431E+00
   04  0.5178519E+01  0.3229673E+01 -0.3277596E+01 -0.3301835E+01  0.2332539E+00
   04  0.5182089E+01  0.3221856E+01 -0.3255510E+01 -0.3279947E+01  0.2254374E+00
   04  0.5185660E+01  0.3215366E+01 -0.3238050E+01 -0.3262040E+01  0.2189470E+00
   04  0.5189230E+01  0.3209905E+01 -0.3224665E+01 -0.3248497E+01  0.2134862E+00
   04  0.5192800E+01  0.3204302E+01 -0.3214000E+01 -0.3237286E+01  0.2078834E+00
   04  0.5196371E+01  0.3198774E+01 -0.3207016E+01 -0.3229708E+01  0.2023550E+00
   04  0.5199941E+01  0.3193505E+01 -0.3203638E+01 -0.3225696E+01  0.1970866E+00
   04  0.5203512E+01  0.3188876E+01 -0.3205393E+01 -0.3226798E+01  0.1924574E+00
   04  0.5207082E+01  0.3185048E+01 -0.3212623E+01 -0.3233370E+01  0.1886290E+00
   04  0.5210653E+01  0.3182132E+01 -0.3225475E+01 -0.3245561E+01  0.1857133E+00
   04  0.5214223E+01  0.3180264E+01 -0.3243902E+01 -0.3263513E+01  0.1838451E+00
   04  0.5219579E+01  0.3180606E+01 -0.3289939E+01 -0.3309304E+01  0.1841873E+00
   04  0.5224935E+01  0.3186482E+01 -0.3372281E+01 -0.3390042E+01  0.1900634E+00
   04  0.5230290E+01  0.3191149E+01 -0.3448263E+01 -0.3465136E+01  0.1947308E+00
   04  0.5235646E+01  0.3193873E+01 -0.3511826E+01 -0.3528226E+01  0.1974548E+00
   04  0.5241002E+01  0.3194286E+01 -0.3550903E+01 -0.3567313E+01  0.1978674E+00
   04  0.5246357E+01  0.3193632E+01 -0.3583914E+01 -0.3600503E+01  0.1972131E+00
   04  0.5247696E+01  0.3192904E+01 -0.3589139E+01 -0.3605809E+01  0.1964854E+00
   04  0.5249035E+01  0.3192083E+01 -0.3593807E+01 -0.3610629E+01  0.1956647E+00
   04  0.5250374E+01  0.3191189E+01 -0.3598045E+01 -0.3615025E+01  0.1947708E+00
   04  0.5251713E+01  0.3190226E+01 -0.3601872E+01 -0.3619015E+01  0.1938075E+00
   04  0.5253052E+01  0.3189190E+01 -0.3605271E+01 -0.3622582E+01  0.1927713E+00
   04  0.5254391E+01  0.3188081E+01 -0.3608297E+01 -0.3625775E+01  0.1916620E+00
   04  0.5255730E+01  0.3186900E+01 -0.3610995E+01 -0.3628658E+01  0.1904811E+00
   04  0.5257069E+01  0.3185659E+01 -0.3613395E+01 -0.3631255E+01  0.1892399E+00
   04  0.5263424E+01  0.3177864E+01 -0.3617832E+01 -0.3636897E+01  0.1814452E+00
   04  0.5269779E+01  0.3173808E+01 -0.3632408E+01 -0.3652682E+01  0.1773889E+00
   04  0.5276135E+01  0.3170999E+01 -0.3655487E+01 -0.3677293E+01  0.1745799E+00
   04  0.5282490E+01  0.3168810E+01 -0.3672000E+01 -0.3695297E+01  0.1723913E+00
   04  0.5288846E+01  0.3165752E+01 -0.3681143E+01 -0.3705937E+01  0.1693334E+00
   04  0.5295201E+01  0.3161250E+01 -0.3680638E+01 -0.3706814E+01  0.1648310E+00
   04  0.5301556E+01  0.3155047E+01 -0.3669852E+01 -0.3697107E+01  0.1586284E+00
   04  0.5307912E+01  0.3146957E+01 -0.3646193E+01 -0.3674349E+01  0.1505381E+00
   04  0.5314267E+01  0.3137303E+01 -0.3612672E+01 -0.3641404E+01  0.1408842E+00
   04  0.5320623E+01  0.3127237E+01 -0.3575266E+01 -0.3604525E+01  0.1308180E+00
   04  0.5326978E+01  0.3117822E+01 -0.3538503E+01 -0.3568282E+01  0.1214037E+00
   04  0.5333333E+01  0.3109719E+01 -0.3505066E+01 -0.3535555E+01  0.1133004E+00
   04  0.5340474E+01  0.3102005E+01 -0.3470129E+01 -0.3501870E+01  0.1055862E+00
   04  0.5347615E+01  0.3096874E+01 -0.3441803E+01 -0.3475322E+01  0.1004554E+00
   04  0.5354756E+01  0.3092512E+01 -0.3412357E+01 -0.3447941E+01  0.9609315E-01
   04  0.5361897E+01  0.3087701E+01 -0.3374990E+01 -0.3412576E+01  0.9128219E-01
   04  0.5369038E+01  0.3082168E+01 -0.3325611E+01 -0.3364124E+01  0.8574967E-01
   04  0.5376179E+01  0.3075885E+01 -0.3263110E+01 -0.3302512E+01  0.7946586E-01
   04  0.5383320E+01  0.3068866E+01 -0.3189539E+01 -0.3230041E+01  0.7244761E-01
   04  0.5390460E+01  0.3061361E+01 -0.3107368E+01 -0.3148756E+01  0.6494241E-01
   04  0.5397601E+01  0.3053724E+01 -0.3018324E+01 -0.3060373E+01  0.5730489E-01
   04  0.5404742E+01  0.3046044E+01 -0.2922756E+01 -0.2965422E+01  0.4962495E-01
   04  0.5411883E+01  0.3038286E+01 -0.2820618E+01 -0.2863791E+01  0.4186755E-01
   04  0.5419024E+01  0.3030419E+01 -0.2712033E+01 -0.2755549E+01  0.3400022E-01
   04  0.5426165E+01  0.3022415E+01 -0.2597378E+01 -0.2641025E+01  0.2599638E-01
   04  0.5433306E+01  0.3014243E+01 -0.2477225E+01 -0.2520830E+01  0.1782392E-01
   04  0.5440447E+01  0.3005873E+01 -0.2352447E+01 -0.2395890E+01  0.9454748E-02
   04  0.5447588E+01  0.2996911E+01 -0.2222651E+01 -0.2265946E+01  0.4925969E-03
   04  0.5454728E+01  0.2987154E+01 -0.2088342E+01 -0.2130988E+01 -0.9264304E-02
   04  0.5461869E+01  0.2976406E+01 -0.1949820E+01 -0.1991519E+01 -0.2001241E-01
   04  0.5469010E+01  0.2964249E+01 -0.1807021E+01 -0.1847555E+01 -0.3216920E-01
   04  0.5476151E+01  0.2950449E+01 -0.1660770E+01 -0.1699970E+01 -0.4596988E-01
   04  0.5483291E+01  0.2935262E+01 -0.1513590E+01 -0.1551396E+01 -0.6115621E-01
   04  0.5490432E+01  0.2919045E+01 -0.1368278E+01 -0.1404727E+01 -0.7737406E-01
   04  0.5497573E+01  0.2900033E+01 -0.1219530E+01 -0.1254550E+01 -0.9638588E-01
   04  0.5504713E+01  0.2877490E+01 -0.1065476E+01 -0.1098681E+01 -0.1189289E+00
   04  0.5511854E+01  0.2851004E+01 -0.9052334E+00 -0.9364417E+00 -0.1454149E+00
   04  0.5518995E+01  0.2819813E+01 -0.7366643E+00 -0.7657967E+00 -0.1766053E+00
   04  0.5526135E+01  0.2784501E+01 -0.5621847E+00 -0.5890609E+00 -0.2119176E+00
   04  0.5531491E+01  0.2756746E+01 -0.4325861E+00 -0.4574632E+00 -0.2396727E+00
   04  0.5536846E+01  0.2729018E+01 -0.3073060E+00 -0.3300669E+00 -0.2674011E+00
   04  0.5542202E+01  0.2701279E+01 -0.1863532E+00 -0.2070766E+00 -0.2951392E+00
   04  0.5547557E+01  0.2673683E+01 -0.7010719E-01 -0.8901012E-01 -0.3227355E+00
   04  0.5552913E+01  0.2646665E+01  0.4063960E-01  0.2269480E-01 -0.3497532E+00
   04  0.5558268E+01  0.2621661E+01  0.1422008E+00  0.1248958E+00 -0.3747581E+00
   04  0.5563624E+01  0.2599262E+01  0.2322713E+00  0.2155867E+00 -0.3971570E+00
   04  0.5568979E+01  0.2579556E+01  0.3110449E+00  0.2948959E+00 -0.4168628E+00
   04  0.5574334E+01  0.2562609E+01  0.3787115E+00  0.3631557E+00 -0.4338096E+00
   04  0.5579690E+01  0.2548696E+01  0.4353647E+00  0.4205325E+00 -0.4477222E+00
   04  0.5585045E+01  0.2537669E+01  0.4820196E+00  0.4677854E+00 -0.4587498E+00
   04  0.5590401E+01  0.2529119E+01  0.5204196E+00  0.5066215E+00 -0.4673000E+00
   04  0.5596756E+01  0.2520999E+01  0.5588863E+00  0.5454840E+00 -0.4754193E+00
   04  0.5603112E+01  0.2513478E+01  0.5955367E+00  0.5829890E+00 -0.4829408E+00
   04  0.5609467E+01  0.2504049E+01  0.6388842E+00  0.6273782E+00 -0.4923698E+00
   04  0.5615823E+01  0.2490078E+01  0.6979755E+00  0.6874794E+00 -0.5063411E+00
   04  0.5622178E+01  0.2470507E+01  0.7768308E+00  0.7671072E+00 -0.5259113E+00
   04  0.5628534E+01  0.2445897E+01  0.8733808E+00  0.8640390E+00 -0.5505214E+00
   04  0.5634889E+01  0.2417634E+01  0.9825171E+00  0.9731280E+00 -0.5787844E+00
   04  0.5641245E+01  0.2387371E+01  0.1098434E+01  0.1088524E+01 -0.6090472E+00
   04  0.5647600E+01  0.2356592E+01  0.1215761E+01  0.1204929E+01 -0.6398271E+00
   04  0.5653956E+01  0.2326432E+01  0.1330463E+01  0.1318418E+01 -0.6699868E+00
   04  0.5660311E+01  0.2297663E+01  0.1439881E+01  0.1426441E+01 -0.6987560E+00
   04  0.5666667E+01  0.2270738E+01  0.1542487E+01  0.1527566E+01 -0.7256809E+00
   04  0.5673807E+01  0.2242932E+01  0.1648821E+01  0.1632211E+01 -0.7534865E+00
   04  0.5680947E+01  0.2217702E+01  0.1745596E+01  0.1727334E+01 -0.7787164E+00
   04  0.5688088E+01  0.2194905E+01  0.1833173E+01  0.1813329E+01 -0.8015132E+00
   04  0.5695228E+01  0.2174395E+01  0.1912031E+01  0.1890673E+01 -0.8220234E+00
   04  0.5702368E+01  0.2156044E+01  0.1982657E+01  0.1959839E+01 -0.8403750E+00
   04  0.5709508E+01  0.2139724E+01  0.2045554E+01  0.2021307E+01 -0.8566947E+00
   04  0.5716649E+01  0.2125301E+01  0.2101244E+01  0.2075584E+01 -0.8711181E+00
   04  0.5723789E+01  0.2112628E+01  0.2150261E+01  0.2123200E+01 -0.8837904E+00
   04  0.5730929E+01  0.2101541E+01  0.2193138E+01  0.2164725E+01 -0.8948772E+00
   04  0.5738070E+01  0.2091857E+01  0.2230469E+01  0.2200750E+01 -0.9045619E+00
   04  0.5745210E+01  0.2083436E+01  0.2262743E+01  0.2231798E+01 -0.9129823E+00
   04  0.5752350E+01  0.2076199E+01  0.2290332E+01  0.2258261E+01 -0.9202200E+00
   04  0.5759491E+01  0.2070075E+01  0.2313569E+01  0.2280511E+01 -0.9263441E+00
   04  0.5766631E+01  0.2064961E+01  0.2332951E+01  0.2298907E+01 -0.9314578E+00
   04  0.5773771E+01  0.2060696E+01  0.2348930E+01  0.2314119E+01 -0.9357225E+00
   04  0.5780911E+01  0.2057364E+01  0.2361624E+01  0.2326358E+01 -0.9390550E+00
   04  0.5788052E+01  0.2055002E+01  0.2371317E+01  0.2335820E+01 -0.9414166E+00
   04  0.5795192E+01  0.2053563E+01  0.2378415E+01  0.2342877E+01 -0.9428554E+00
   04  0.5799476E+01  0.2053192E+01  0.2381368E+01  0.2346189E+01 -0.9432263E+00
   04  0.5803761E+01  0.2053165E+01  0.2383538E+01  0.2348793E+01 -0.9432536E+00
   04  0.5808045E+01  0.2053449E+01  0.2385110E+01  0.2350782E+01 -0.9429693E+00
   04  0.5812329E+01  0.2054000E+01  0.2386230E+01  0.2352325E+01 -0.9424185E+00
   04  0.5816613E+01  0.2054788E+01  0.2387030E+01  0.2353565E+01 -0.9416304E+00
   04  0.5820183E+01  0.2055626E+01  0.2387546E+01  0.2354482E+01 -0.9407925E+00
   04  0.5823753E+01  0.2056620E+01  0.2387956E+01  0.2355348E+01 -0.9397989E+00
   04  0.5827324E+01  0.2057757E+01  0.2388341E+01  0.2356203E+01 -0.9386612E+00
   04  0.5832679E+01  0.2059668E+01  0.2389078E+01  0.2357498E+01 -0.9367508E+00
   04  0.5838034E+01  0.2061847E+01  0.2390127E+01  0.2358952E+01 -0.9345720E+00
   04  0.5842318E+01  0.2063755E+01  0.2391203E+01  0.2360377E+01 -0.9326638E+00
   04  0.5846603E+01  0.2065811E+01  0.2392539E+01  0.2362079E+01 -0.9306078E+00
   04  0.5850887E+01  0.2068020E+01  0.2394138E+01  0.2364073E+01 -0.9283985E+00
   04  0.5855171E+01  0.2070404E+01  0.2395909E+01  0.2366358E+01 -0.9260144E+00
   04  0.5859455E+01  0.2072995E+01  0.2397862E+01  0.2368770E+01 -0.9234238E+00
   04  0.5863025E+01  0.2075298E+01  0.2399548E+01  0.2370845E+01 -0.9211202E+00
   04  0.5866596E+01  0.2077749E+01  0.2401281E+01  0.2372932E+01 -0.9186692E+00
   04  0.5870166E+01  0.2080344E+01  0.2403017E+01  0.2374990E+01 -0.9160750E+00
   04  0.5873736E+01  0.2083077E+01  0.2404701E+01  0.2376980E+01 -0.9133416E+00
   04  0.5877306E+01  0.2085948E+01  0.2406274E+01  0.2378869E+01 -0.9104708E+00
   04  0.5880876E+01  0.2088941E+01  0.2407726E+01  0.2380624E+01 -0.9074774E+00
   04  0.5886231E+01  0.2093598E+01  0.2409672E+01  0.2383081E+01 -0.9028210E+00
   04  0.5891587E+01  0.2098447E+01  0.2411256E+01  0.2385217E+01 -0.8979719E+00
   04  0.5896942E+01  0.2103475E+01  0.2412408E+01  0.2386957E+01 -0.8929433E+00
   04  0.5902297E+01  0.2108670E+01  0.2413087E+01  0.2388244E+01 -0.8877490E+00
   04  0.5907653E+01  0.2114002E+01  0.2413271E+01  0.2389070E+01 -0.8824168E+00
   04  0.5913008E+01  0.2119462E+01  0.2412970E+01  0.2389448E+01 -0.8769568E+00
   04  0.5918363E+01  0.2125051E+01  0.2412202E+01  0.2389396E+01 -0.8713680E+00
   04  0.5923718E+01  0.2130771E+01  0.2411004E+01  0.2388941E+01 -0.8656472E+00
   04  0.5930075E+01  0.2137737E+01  0.2409124E+01  0.2387945E+01 -0.8586814E+00
   04  0.5936432E+01  0.2144895E+01  0.2406770E+01  0.2386458E+01 -0.8515238E+00
   04  0.5942789E+01  0.2152249E+01  0.2404008E+01  0.2384515E+01 -0.8441697E+00
   04  0.5949146E+01  0.2159802E+01  0.2400895E+01  0.2382140E+01 -0.8366168E+00
   04  0.5955502E+01  0.2167550E+01  0.2397467E+01  0.2379331E+01 -0.8288682E+00
   04  0.5961859E+01  0.2175483E+01  0.2393726E+01  0.2376055E+01 -0.8209360E+00
   04  0.5968216E+01  0.2183577E+01  0.2389638E+01  0.2372249E+01 -0.8128415E+00
   04  0.5974573E+01  0.2191806E+01  0.2385130E+01  0.2367829E+01 -0.8046130E+00
   04  0.5980930E+01  0.2200136E+01  0.2380103E+01  0.2362702E+01 -0.7962829E+00
   04  0.5987286E+01  0.2208534E+01  0.2374441E+01  0.2356777E+01 -0.7878842E+00
   04  0.5993643E+01  0.2216972E+01  0.2368032E+01  0.2349981E+01 -0.7794468E+00
   04  0.6000000E+01  0.2225425E+01  0.2360778E+01  0.2342270E+01 -0.7709935E+00
   04  0.6007140E+01  0.2234923E+01  0.2351573E+01  0.2332542E+01 -0.7614956E+00
   04  0.6014281E+01  0.2244419E+01  0.2341172E+01  0.2321684E+01 -0.7519996E+00
   04  0.6021421E+01  0.2253923E+01  0.2329589E+01  0.2309781E+01 -0.7424954E+00
   04  0.6028561E+01  0.2263455E+01  0.2316884E+01  0.2296935E+01 -0.7329639E+00
   04  0.6035701E+01  0.2273035E+01  0.2303152E+01  0.2283259E+01 -0.7233833E+00
   04  0.6042842E+01  0.2282691E+01  0.2288528E+01  0.2268928E+01 -0.7137273E+00
   04  0.6049982E+01  0.2292466E+01  0.2273239E+01  0.2254230E+01 -0.7039531E+00
   04  0.6057122E+01  0.2302429E+01  0.2257586E+01  0.2239497E+01 -0.6939901E+00
   04  0.6064263E+01  0.2312690E+01  0.2241859E+01  0.2225162E+01 -0.6837291E+00
   04  0.6071403E+01  0.2323383E+01  0.2226334E+01  0.2211809E+01 -0.6730353E+00
   04  0.6078543E+01  0.2334605E+01  0.2210831E+01  0.2199742E+01 -0.6618136E+00
   04  0.6085683E+01  0.2346450E+01  0.2195220E+01  0.2189238E+01 -0.6499684E+00
   04  0.6092824E+01  0.2359021E+01  0.2179843E+01  0.2180262E+01 -0.6373976E+00
   04  0.6099964E+01  0.2372340E+01  0.2165112E+01  0.2172446E+01 -0.6240790E+00
   04  0.6107104E+01  0.2386318E+01  0.2151203E+01  0.2164656E+01 -0.6101011E+00
   04  0.6114244E+01  0.2400875E+01  0.2138249E+01  0.2156007E+01 -0.5955441E+00
   04  0.6121385E+01  0.2415936E+01  0.2125957E+01  0.2146364E+01 -0.5804831E+00
   04  0.6128525E+01  0.2431435E+01  0.2113886E+01  0.2135310E+01 -0.5649837E+00
   04  0.6135665E+01  0.2447207E+01  0.2100993E+01  0.2122458E+01 -0.5492120E+00
   04  0.6142805E+01  0.2463147E+01  0.2086503E+01  0.2107173E+01 -0.5332716E+00
   04  0.6149946E+01  0.2479178E+01  0.2069986E+01  0.2088951E+01 -0.5172404E+00
   04  0.6157086E+01  0.2495214E+01  0.2051120E+01  0.2066950E+01 -0.5012045E+00
   04  0.6164226E+01  0.2511418E+01  0.2029559E+01  0.2042025E+01 -0.4850009E+00
   04  0.6171366E+01  0.2527871E+01  0.2004806E+01  0.2014519E+01 -0.4685478E+00
   04  0.6178506E+01  0.2544368E+01  0.1976476E+01  0.1983457E+01 -0.4520508E+00
   04  0.6185646E+01  0.2561129E+01  0.1945883E+01  0.1948976E+01 -0.4352892E+00
   04  0.6192787E+01  0.2578017E+01  0.1912565E+01  0.1911522E+01 -0.4184017E+00
   04  0.6199927E+01  0.2594955E+01  0.1876273E+01  0.1871258E+01 -0.4014637E+00
   04  0.6207067E+01  0.2611971E+01  0.1837420E+01  0.1828716E+01 -0.3844478E+00
   04  0.6214207E+01  0.2629017E+01  0.1796392E+01  0.1784350E+01 -0.3674012E+00
   04  0.6221347E+01  0.2646019E+01  0.1753650E+01  0.1738615E+01 -0.3503993E+00
   04  0.6228487E+01  0.2662890E+01  0.1709689E+01  0.1692015E+01 -0.3335290E+00
   04  0.6235627E+01  0.2679536E+01  0.1665027E+01  0.1645067E+01 -0.3168822E+00
   04  0.6242768E+01  0.2695864E+01  0.1620150E+01  0.1598261E+01 -0.3005550E+00
   04  0.6249908E+01  0.2711775E+01  0.1575479E+01  0.1552016E+01 -0.2846435E+00
   04  0.6257048E+01  0.2727182E+01  0.1531361E+01  0.1506672E+01 -0.2692362E+00
   04  0.6263405E+01  0.2740417E+01  0.1492690E+01  0.1467201E+01 -0.2560018E+00
   04  0.6269762E+01  0.2753158E+01  0.1454802E+01  0.1428767E+01 -0.2432609E+00
   04  0.6276119E+01  0.2765385E+01  0.1417767E+01  0.1391431E+01 -0.2310335E+00
   04  0.6282476E+01  0.2777096E+01  0.1381598E+01  0.1355205E+01 -0.2193222E+00
   04  0.6288834E+01  0.2788306E+01  0.1346261E+01  0.1320059E+01 -0.2081130E+00
   04  0.6295191E+01  0.2799042E+01  0.1311688E+01  0.1285931E+01 -0.1973771E+00
   04  0.6301548E+01  0.2809345E+01  0.1277800E+01  0.1252732E+01 -0.1870741E+00
   04  0.6307905E+01  0.2819265E+01  0.1244508E+01  0.1220361E+01 -0.1771539E+00
   04  0.6314262E+01  0.2828858E+01  0.1211728E+01  0.1188706E+01 -0.1675603E+00
   04  0.6320619E+01  0.2838186E+01  0.1179375E+01  0.1157657E+01 -0.1582324E+00
   04  0.6326976E+01  0.2847310E+01  0.1147373E+01  0.1127103E+01 -0.1491084E+00
   04  0.6333333E+01  0.2856291E+01  0.1115648E+01  0.1096937E+01 -0.1401276E+00
   04  0.6340473E+01  0.2866279E+01  0.1080312E+01  0.1063433E+01 -0.1301394E+00
   04  0.6347613E+01  0.2876226E+01  0.1045152E+01  0.1030143E+01 -0.1201923E+00
   04  0.6354753E+01  0.2886188E+01  0.1010080E+01  0.9969191E+00 -0.1102302E+00
   04  0.6361893E+01  0.2896205E+01  0.9750005E+00  0.9636100E+00 -0.1002140E+00
   04  0.6369033E+01  0.2906295E+01  0.9398077E+00  0.9300555E+00 -0.9012346E-01
   04  0.6376173E+01  0.2916460E+01  0.9043885E+00  0.8960890E+00 -0.7995859E-01
   04  0.6383313E+01  0.2926680E+01  0.8686239E+00  0.8615427E+00 -0.6973903E-01
   04  0.6390453E+01  0.2936917E+01  0.8323961E+00  0.8262584E+00 -0.5950198E-01
   04  0.6397593E+01  0.2947120E+01  0.7955981E+00  0.7901016E+00 -0.4929824E-01
   04  0.6404733E+01  0.2957232E+01  0.7581461E+00  0.7529787E+00 -0.3918678E-01
   04  0.6411873E+01  0.2967190E+01  0.7199927E+00  0.7148549E+00 -0.2922822E-01
   04  0.6419013E+01  0.2976940E+01  0.6811405E+00  0.6757693E+00 -0.1947820E-01
   04  0.6426153E+01  0.2986437E+01  0.6416525E+00  0.6358444E+00 -0.9981535E-02
   04  0.6433293E+01  0.2995651E+01  0.6016556E+00  0.5952864E+00 -0.7680748E-03
   04  0.6440432E+01  0.3004568E+01  0.5613363E+00  0.5543742E+00  0.8149185E-02
   04  0.6447572E+01  0.3013192E+01  0.5209288E+00  0.5134396E+00  0.1677358E-01
   04  0.6454712E+01  0.3021541E+01  0.4806953E+00  0.4728395E+00  0.2512217E-01
   04  0.6461852E+01  0.3029640E+01  0.4409039E+00  0.4329248E+00  0.3322148E-01
   04  0.6468992E+01  0.3037521E+01  0.4018061E+00  0.3940113E+00  0.4110226E-01
   04  0.6476132E+01  0.3045213E+01  0.3636128E+00  0.3563506E+00  0.4879476E-01
   04  0.6483272E+01  0.3052742E+01  0.3264808E+00  0.3201131E+00  0.5632350E-01
   04  0.6490411E+01  0.3060123E+01  0.2905017E+00  0.2853759E+00  0.6370387E-01
   04  0.6497551E+01  0.3067359E+01  0.2556993E+00  0.2521209E+00  0.7094022E-01
   04  0.6504691E+01  0.3074444E+01  0.2220333E+00  0.2202414E+00  0.7802572E-01
   04  0.6511831E+01  0.3081363E+01  0.1894105E+00  0.1895574E+00  0.8494405E-01
   04  0.6518971E+01  0.3088091E+01  0.1577002E+00  0.1598373E+00  0.9167269E-01
   04  0.6526110E+01  0.3094606E+01  0.1267518E+00  0.1308235E+00  0.9818710E-01
   04  0.6533250E+01  0.3100884E+01  0.9641864E-01  0.1022635E+00  0.1044654E+00
   04  0.6540390E+01  0.3106912E+01  0.6658012E-01  0.7394030E-01  0.1104931E+00
   04  0.6547530E+01  0.3112683E+01  0.3714321E-01  0.4567767E-01  0.1162640E+00
   04  0.6554669E+01  0.3118203E+01  0.8064854E-02  0.1738079E-01  0.1217839E+00
   04  0.6561809E+01  0.3123490E+01 -0.2063118E-01 -0.1096121E-01  0.1270711E+00
   04  0.6568949E+01  0.3128574E+01 -0.4888690E-01 -0.3930779E-01  0.1321549E+00
   04  0.6576089E+01  0.3133490E+01 -0.7660993E-01 -0.6755594E-01  0.1370715E+00
   04  0.6583229E+01  0.3138281E+01 -0.1036804E+00 -0.9555526E-01  0.1418623E+00
   04  0.6590368E+01  0.3142988E+01 -0.1299623E+00 -0.1231218E+00  0.1465695E+00
   04  0.6596727E+01  0.3147140E+01 -0.1526111E+00 -0.1471654E+00  0.1507216E+00
   04  0.6603085E+01  0.3151279E+01 -0.1744261E+00 -0.1705594E+00  0.1548604E+00
   04  0.6609443E+01  0.3155421E+01 -0.1953149E+00 -0.1931658E+00  0.1590022E+00
   04  0.6615801E+01  0.3159573E+01 -0.2151821E+00 -0.2148545E+00  0.1631547E+00
   04  0.6622159E+01  0.3163736E+01 -0.2339502E+00 -0.2355073E+00  0.1673171E+00
   04  0.6628517E+01  0.3167902E+01 -0.2515402E+00 -0.2550374E+00  0.1714833E+00
   04  0.6634876E+01  0.3172079E+01 -0.2679515E+00 -0.2734065E+00  0.1756603E+00
   04  0.6641234E+01  0.3176281E+01 -0.2831568E+00 -0.2906207E+00  0.1798619E+00
   04  0.6647592E+01  0.3180525E+01 -0.2969705E+00 -0.3064292E+00  0.1841068E+00
   04  0.6653950E+01  0.3184747E+01 -0.3095449E+00 -0.3205540E+00  0.1883283E+00
   04  0.6660308E+01  0.3188824E+01 -0.3211233E+00 -0.3330862E+00  0.1924053E+00
   04  0.6666667E+01  0.3192693E+01 -0.3314036E+00 -0.3443079E+00  0.1962746E+00
   04  0.6673806E+01  0.3196775E+01 -0.3410525E+00 -0.3552893E+00  0.2003559E+00
   04  0.6680945E+01  0.3200552E+01 -0.3488389E+00 -0.3641821E+00  0.2041335E+00
   04  0.6688085E+01  0.3204002E+01 -0.3547683E+00 -0.3710870E+00  0.2075835E+00
   04  0.6695224E+01  0.3207128E+01 -0.3589055E+00 -0.3761156E+00  0.2107090E+00
   04  0.6702364E+01  0.3209947E+01 -0.3613969E+00 -0.3794403E+00  0.2135284E+00
   04  0.6709503E+01  0.3212494E+01 -0.3624522E+00 -0.3812984E+00  0.2160751E+00
   04  0.6716642E+01  0.3214801E+01 -0.3622668E+00 -0.3819422E+00  0.2183825E+00
   04  0.6723782E+01  0.3216914E+01 -0.3610676E+00 -0.3816444E+00  0.2204957E+00
   04  0.6730921E+01  0.3218834E+01 -0.3588794E+00 -0.3805262E+00  0.2224152E+00
   04  0.6738060E+01  0.3220567E+01 -0.3557492E+00 -0.3786855E+00  0.2241486E+00
   04  0.6745200E+01  0.3222149E+01 -0.3519304E+00 -0.3762584E+00  0.2257305E+00
   04  0.6752339E+01  0.3223620E+01 -0.3476964E+00 -0.3734934E+00  0.2272011E+00
   04  0.6759479E+01  0.3224986E+01 -0.3430954E+00 -0.3706414E+00  0.2285677E+00
   04  0.6766618E+01  0.3226207E+01 -0.3380193E+00 -0.3677171E+00  0.2297883E+00
   04  0.6773757E+01  0.3227197E+01 -0.3322359E+00 -0.3644668E+00  0.2307786E+00
   04  0.6780897E+01  0.3227919E+01 -0.3256358E+00 -0.3606495E+00  0.2315006E+00
   04  0.6788036E+01  0.3228376E+01 -0.3181709E+00 -0.3562220E+00  0.2319574E+00
   04  0.6795176E+01  0.3228594E+01 -0.3097991E+00 -0.3513992E+00  0.2321754E+00
   04  0.6802315E+01  0.3228583E+01 -0.3005781E+00 -0.3461297E+00  0.2321643E+00
   04  0.6809454E+01  0.3228373E+01 -0.2905719E+00 -0.3403505E+00  0.2319545E+00
   04  0.6816593E+01  0.3228011E+01 -0.2797812E+00 -0.3340254E+00  0.2315927E+00
   04  0.6823733E+01  0.3227532E+01 -0.2682076E+00 -0.3270936E+00  0.2311133E+00
   04  0.6830872E+01  0.3226970E+01 -0.2558629E+00 -0.3195012E+00  0.2305516E+00
   04  0.6838011E+01  0.3226358E+01 -0.2427742E+00 -0.3111924E+00  0.2299391E+00
   04  0.6845151E+01  0.3225719E+01 -0.2290031E+00 -0.3021514E+00  0.2293006E+00
   04  0.6852290E+01  0.3225072E+01 -0.2146437E+00 -0.2924061E+00  0.2286531E+00
   04  0.6859429E+01  0.3224426E+01 -0.1998222E+00 -0.2820233E+00  0.2280069E+00
   04  0.6866569E+01  0.3223784E+01 -0.1846930E+00 -0.2711050E+00  0.2273652E+00
   04  0.6873708E+01  0.3223145E+01 -0.1694257E+00 -0.2597802E+00  0.2267263E+00
   04  0.6880847E+01  0.3222505E+01 -0.1541888E+00 -0.2481902E+00  0.2260865E+00
   04  0.6887986E+01  0.3221862E+01 -0.1391352E+00 -0.2364717E+00  0.2254432E+00
   04  0.6895126E+01  0.3221216E+01 -0.1243898E+00 -0.2247451E+00  0.2247977E+00
   04  0.6902265E+01  0.3220575E+01 -0.1100409E+00 -0.2131050E+00  0.2241564E+00
   04  0.6909404E+01  0.3219951E+01 -0.9613714E-01 -0.2016161E+00  0.2235321E+00
   04  0.6916544E+01  0.3219362E+01 -0.8269029E-01 -0.1903131E+00  0.2229430E+00
   04  0.6923683E+01  0.3218830E+01 -0.6968281E-01 -0.1792068E+00  0.2224110E+00
   04  0.6930043E+01  0.3218422E+01 -0.5843641E-01 -0.1694745E+00  0.2220036E+00
   04  0.6936402E+01  0.3218096E+01 -0.4747628E-01 -0.1598885E+00  0.2216769E+00
   04  0.6942762E+01  0.3217863E+01 -0.3676843E-01 -0.1504460E+00  0.2214447E+00
   04  0.6949122E+01  0.3217737E+01 -0.2628239E-01 -0.1411532E+00  0.2213180E+00
   04  0.6955482E+01  0.3217722E+01 -0.1599385E-01 -0.1320283E+00  0.2213035E+00
   04  0.6961841E+01  0.3217822E+01 -0.5885799E-02 -0.1231024E+00  0.2214038E+00
   04  0.6968201E+01  0.3218036E+01  0.4051591E-02 -0.1144162E+00  0.2216170E+00
   04  0.6974561E+01  0.3218356E+01  0.1382234E-01 -0.1060167E+00  0.2219378E+00
   04  0.6980921E+01  0.3218777E+01  0.2342670E-01 -0.9795202E-01  0.2223579E+00
   04  0.6987280E+01  0.3219285E+01  0.3286380E-01 -0.9026759E-01  0.2228666E+00
   04  0.6993640E+01  0.3219870E+01  0.4213391E-01 -0.8300168E-01  0.2234516E+00
   04  0.7000000E+01  0.3220518E+01  0.5123999E-01 -0.7618324E-01  0.2240993E+00
   04  0.7007139E+01  0.3221300E+01  0.6127362E-01 -0.6908281E-01  0.2248814E+00
   04  0.7014278E+01  0.3222121E+01  0.7111468E-01 -0.6257465E-01  0.2257019E+00
   04  0.7021416E+01  0.3222956E+01  0.8076623E-01 -0.5664604E-01  0.2265375E+00
   04  0.7028555E+01  0.3223782E+01  0.9022002E-01 -0.5126269E-01  0.2273629E+00
   04  0.7035694E+01  0.3224568E+01  0.9946303E-01 -0.4636763E-01  0.2281497E+00
   04  0.7042833E+01  0.3225288E+01  0.1084581E+00 -0.4189628E-01  0.2288696E+00
   04  0.7049971E+01  0.3225898E+01  0.1172230E+00 -0.3778202E-01  0.2294796E+00
   04  0.7057110E+01  0.3226353E+01  0.1257761E+00 -0.3395899E-01  0.2299341E+00
   04  0.7064249E+01  0.3226605E+01  0.1340149E+00 -0.3035255E-01  0.2301859E+00
   04  0.7071388E+01  0.3226633E+01  0.1417910E+00 -0.2678689E-01  0.2302140E+00
   04  0.7078527E+01  0.3226392E+01  0.1487369E+00 -0.2314130E-01  0.2299737E+00
   04  0.7085665E+01  0.3225870E+01  0.1546136E+00 -0.1939082E-01  0.2294517E+00
   04  0.7092804E+01  0.3225023E+01  0.1591031E+00 -0.1582113E-01  0.2286043E+00
   04  0.7099943E+01  0.3223907E+01  0.1625695E+00 -0.1270187E-01  0.2274886E+00
   04  0.7107082E+01  0.3222629E+01  0.1654358E+00 -0.9837807E-02  0.2262108E+00
   04  0.7114220E+01  0.3221201E+01  0.1680021E+00 -0.7382911E-02  0.2247820E+00
   04  0.7121359E+01  0.3219530E+01  0.1701326E+00 -0.5635983E-02  0.2231110E+00
   04  0.7128498E+01  0.3217460E+01  0.1714847E+00 -0.5006639E-02  0.2210410E+00
   04  0.7135637E+01  0.3214799E+01  0.1710147E+00 -0.5536086E-02  0.2183799E+00
   04  0.7142775E+01  0.3211490E+01  0.1682461E+00 -0.7307839E-02  0.2150716E+00
   04  0.7149914E+01  0.3207600E+01  0.1629267E+00 -0.9975846E-02  0.2111816E+00
   04  0.7157052E+01  0.3203319E+01  0.1558668E+00 -0.1340193E-01  0.2069001E+00
   04  0.7164191E+01  0.3198743E+01  0.1473725E+00 -0.1743778E-01  0.2023245E+00
   04  0.7171329E+01  0.3193974E+01  0.1377885E+00 -0.2189674E-01  0.1975555E+00
   04  0.7178468E+01  0.3189103E+01  0.1274431E+00 -0.2659475E-01  0.1926848E+00
   04  0.7185606E+01  0.3184203E+01  0.1166023E+00 -0.3136014E-01  0.1877841E+00
   04  0.7192745E+01  0.3179330E+01  0.1054872E+00 -0.3604110E-01  0.1829110E+00
   04  0.7199883E+01  0.3174525E+01  0.9427395E-01 -0.4051755E-01  0.1781067E+00
   04  0.7207022E+01  0.3169817E+01  0.8309257E-01 -0.4470977E-01  0.1733980E+00
   04  0.7214160E+01  0.3165216E+01  0.7203441E-01 -0.4857785E-01  0.1687976E+00
   04  0.7221299E+01  0.3160725E+01  0.6115967E-01 -0.5211764E-01  0.1643061E+00
   04  0.7228438E+01  0.3156333E+01  0.5050107E-01 -0.5535148E-01  0.1599145E+00
   04  0.7235576E+01  0.3152025E+01  0.4006999E-01 -0.5831919E-01  0.1556067E+00
   04  0.7242715E+01  0.3147780E+01  0.2985828E-01 -0.6107044E-01  0.1513617E+00
   04  0.7249853E+01  0.3143573E+01  0.1984147E-01 -0.6365955E-01  0.1471548E+00
   04  0.7256992E+01  0.3139377E+01  0.9979428E-02 -0.6614493E-01  0.1429583E+00
   04  0.7263354E+01  0.3135624E+01  0.1296543E-02 -0.6830171E-01  0.1392049E+00
   04  0.7269715E+01  0.3131834E+01 -0.7358767E-02 -0.7047137E-01  0.1354153E+00
   04  0.7276077E+01  0.3127986E+01 -0.1604275E-01 -0.7270391E-01  0.1315676E+00
   04  0.7282439E+01  0.3124059E+01 -0.2481473E-01 -0.7505259E-01  0.1276401E+00
   04  0.7288801E+01  0.3120030E+01 -0.3373400E-01 -0.7757295E-01  0.1236118E+00
   04  0.7295163E+01  0.3115883E+01 -0.4285502E-01 -0.8032234E-01  0.1194640E+00
   04  0.7301524E+01  0.3111600E+01 -0.5222226E-01 -0.8335637E-01  0.1151811E+00
   04  0.7307886E+01  0.3107170E+01 -0.6186588E-01 -0.8672363E-01  0.1107513E+00
   04  0.7314248E+01  0.3102587E+01 -0.7179843E-01 -0.9046276E-01  0.1061684E+00
   04  0.7320610E+01  0.3097850E+01 -0.8201347E-01 -0.9459771E-01  0.1014318E+00
   04  0.7326972E+01  0.3092966E+01 -0.9248605E-01 -0.9913506E-01  0.9654721E-01
   04  0.7333333E+01  0.3087946E+01 -0.1031758E+00 -0.1040676E+00  0.9152779E-01
   04  0.7340470E+01  0.3082183E+01 -0.1153865E+00 -0.1100736E+00  0.8576393E-01
   04  0.7347607E+01  0.3076311E+01 -0.1277202E+00 -0.1165068E+00  0.7989197E-01
   04  0.7354744E+01  0.3070374E+01 -0.1400839E+00 -0.1233170E+00  0.7395533E-01
   04  0.7361881E+01  0.3064420E+01 -0.1523837E+00 -0.1304557E+00  0.6800173E-01
   04  0.7369018E+01  0.3058495E+01 -0.1645305E+00 -0.1378625E+00  0.6207677E-01
   04  0.7376155E+01  0.3052644E+01 -0.1764507E+00 -0.1454911E+00  0.5622559E-01
   04  0.7383292E+01  0.3046906E+01 -0.1880845E+00 -0.1533060E+00  0.5048703E-01
   04  0.7390429E+01  0.3041315E+01 -0.1994254E+00 -0.1612564E+00  0.4489629E-01
   04  0.7397566E+01  0.3035899E+01 -0.2104863E+00 -0.1693040E+00  0.3948076E-01
   04  0.7404702E+01  0.3030679E+01 -0.2212759E+00 -0.1774266E+00  0.3426052E-01
   04  0.7411839E+01  0.3025662E+01 -0.2317935E+00 -0.1855889E+00  0.2924373E-01
   04  0.7418976E+01  0.3020851E+01 -0.2420347E+00 -0.1937335E+00  0.2443227E-01
   04  0.7426113E+01  0.3016245E+01 -0.2519952E+00 -0.2017891E+00  0.1982590E-01
   04  0.7433250E+01  0.3011850E+01 -0.2616624E+00 -0.2097629E+00  0.1543178E-01
   04  0.7440387E+01  0.3007676E+01 -0.2710152E+00 -0.2176751E+00  0.1125748E-01
   04  0.7447524E+01  0.3003728E+01 -0.2800719E+00 -0.2254677E+00  0.7309368E-02
   04  0.7454661E+01  0.3000021E+01 -0.2889330E+00 -0.2331052E+00  0.3602769E-02
   04  0.7461798E+01  0.2996560E+01 -0.2976123E+00 -0.2405625E+00  0.1409954E-03
   04  0.7468934E+01  0.2993325E+01 -0.3060516E+00 -0.2477382E+00 -0.3093843E-02
   04  0.7476070E+01  0.2990315E+01 -0.3142625E+00 -0.2546374E+00 -0.6103696E-02
   04  0.7483206E+01  0.2987559E+01 -0.3223945E+00 -0.2613415E+00 -0.8859511E-02
   04  0.7490341E+01  0.2985075E+01 -0.3303432E+00 -0.2680812E+00 -0.1134355E-01
   04  0.7497477E+01  0.2982872E+01 -0.3381390E+00 -0.2749888E+00 -0.1354665E-01
   04  0.7504613E+01  0.2980965E+01 -0.3459307E+00 -0.2821979E+00 -0.1545407E-01
   04  0.7511749E+01  0.2979349E+01 -0.3539229E+00 -0.2897027E+00 -0.1706990E-01
   04  0.7518885E+01  0.2977984E+01 -0.3622156E+00 -0.2973945E+00 -0.1843438E-01
   04  0.7526021E+01  0.2976838E+01 -0.3708561E+00 -0.3052793E+00 -0.1958084E-01
   04  0.7533157E+01  0.2975847E+01 -0.3797493E+00 -0.3133502E+00 -0.2057130E-01
   04  0.7540293E+01  0.2974948E+01 -0.3887936E+00 -0.3216335E+00 -0.2147031E-01
   04  0.7547429E+01  0.2974101E+01 -0.3979667E+00 -0.3302078E+00 -0.2231775E-01
   04  0.7554565E+01  0.2973271E+01 -0.4072464E+00 -0.3391612E+00 -0.2314796E-01
   04  0.7561701E+01  0.2972428E+01 -0.4165992E+00 -0.3485765E+00 -0.2399046E-01
   04  0.7568837E+01  0.2971557E+01 -0.4260245E+00 -0.3585215E+00 -0.2486187E-01
   04  0.7575973E+01  0.2970647E+01 -0.4355230E+00 -0.3690374E+00 -0.2577116E-01
   04  0.7583108E+01  0.2969698E+01 -0.4450966E+00 -0.3801328E+00 -0.2672037E-01
   04  0.7590244E+01  0.2968714E+01 -0.4547485E+00 -0.3917839E+00 -0.2770513E-01
   04  0.7596613E+01  0.2967811E+01 -0.4634261E+00 -0.4026090E+00 -0.2860753E-01
   04  0.7602981E+01  0.2966898E+01 -0.4721644E+00 -0.4137853E+00 -0.2952060E-01
   04  0.7609350E+01  0.2965987E+01 -0.4809533E+00 -0.4252553E+00 -0.3043138E-01
   04  0.7615718E+01  0.2965094E+01 -0.4897742E+00 -0.4369591E+00 -0.3132445E-01
   04  0.7622087E+01  0.2964236E+01 -0.4986000E+00 -0.4488384E+00 -0.3218225E-01
   04  0.7628456E+01  0.2963433E+01 -0.5073950E+00 -0.4608371E+00 -0.3298521E-01
   04  0.7634824E+01  0.2962707E+01 -0.5161118E+00 -0.4729019E+00 -0.3371157E-01
   04  0.7641193E+01  0.2962080E+01 -0.5246992E+00 -0.4849824E+00 -0.3433863E-01
   04  0.7647561E+01  0.2961577E+01 -0.5331006E+00 -0.4970237E+00 -0.3484167E-01
   04  0.7653930E+01  0.2961226E+01 -0.5412382E+00 -0.5089636E+00 -0.3519270E-01
   04  0.7660298E+01  0.2961058E+01 -0.5490067E+00 -0.5207375E+00 -0.3536032E-01
   04  0.7666667E+01  0.2961104E+01 -0.5563318E+00 -0.5322679E+00 -0.3531426E-01
   04  0.7673798E+01  0.2961467E+01 -0.5638282E+00 -0.5447075E+00 -0.3495122E-01
   04  0.7680929E+01  0.2962215E+01 -0.5704214E+00 -0.5563873E+00 -0.3420379E-01
   04  0.7688060E+01  0.2963352E+01 -0.5759904E+00 -0.5673516E+00 -0.3306697E-01
   04  0.7695191E+01  0.2964861E+01 -0.5808128E+00 -0.5773698E+00 -0.3155739E-01
   04  0.7702322E+01  0.2966674E+01 -0.5853755E+00 -0.5865469E+00 -0.2974443E-01
   04  0.7709453E+01  0.2968751E+01 -0.5898914E+00 -0.5949032E+00 -0.2766786E-01
   04  0.7716583E+01  0.2971034E+01 -0.5942788E+00 -0.6027169E+00 -0.2538499E-01
   04  0.7723714E+01  0.2973549E+01 -0.5981253E+00 -0.6100271E+00 -0.2287008E-01
   04  0.7730845E+01  0.2976310E+01 -0.6011681E+00 -0.6169218E+00 -0.2010897E-01
   04  0.7737976E+01  0.2979380E+01 -0.6030731E+00 -0.6231453E+00 -0.1703850E-01
   04  0.7745107E+01  0.2982823E+01 -0.6036971E+00 -0.6281750E+00 -0.1359549E-01
   04  0.7752238E+01  0.2986675E+01 -0.6030225E+00 -0.6315620E+00 -0.9743394E-02
   04  0.7759369E+01  0.2990927E+01 -0.6011317E+00 -0.6332570E+00 -0.5491434E-02
   04  0.7766500E+01  0.2995534E+01 -0.5981877E+00 -0.6333404E+00 -0.8843490E-03
   04  0.7773631E+01  0.3000445E+01 -0.5943475E+00 -0.6318373E+00  0.4026824E-02
   04  0.7780762E+01  0.3005610E+01 -0.5897600E+00 -0.6288307E+00  0.9190993E-02
   04  0.7787893E+01  0.3010976E+01 -0.5845744E+00 -0.6244376E+00  0.1455703E-01
   04  0.7795024E+01  0.3016489E+01 -0.5789142E+00 -0.6187727E+00  0.2007034E-01
   04  0.7802153E+01  0.3022097E+01 -0.5728783E+00 -0.6119663E+00  0.2567834E-01
   04  0.7809283E+01  0.3027756E+01 -0.5665446E+00 -0.6041607E+00  0.3133700E-01
   04  0.7816412E+01  0.3033422E+01 -0.5599777E+00 -0.5954973E+00  0.3700329E-01
   04  0.7823541E+01  0.3039048E+01 -0.5532668E+00 -0.5860764E+00  0.4262908E-01
   04  0.7830670E+01  0.3044549E+01 -0.5465553E+00 -0.5757550E+00  0.4813058E-01
   04  0.7837799E+01  0.3049851E+01 -0.5399309E+00 -0.5643462E+00  0.5343194E-01
   04  0.7844928E+01  0.3054961E+01 -0.5333307E+00 -0.5521186E+00  0.5854271E-01
   04  0.7852058E+01  0.3059916E+01 -0.5265465E+00 -0.5395352E+00  0.6349736E-01
   04  0.7859187E+01  0.3064705E+01 -0.5195640E+00 -0.5269002E+00  0.6828594E-01
   04  0.7866316E+01  0.3069294E+01 -0.5124204E+00 -0.5142335E+00  0.7287485E-01
   04  0.7873445E+01  0.3073655E+01 -0.5050938E+00 -0.5015191E+00  0.7723589E-01
   04  0.7880574E+01  0.3077770E+01 -0.4974753E+00 -0.4886571E+00  0.8135093E-01
   04  0.7887703E+01  0.3081653E+01 -0.4894557E+00 -0.4755566E+00  0.8523394E-01
   04  0.7894833E+01  0.3085343E+01 -0.4811084E+00 -0.4620857E+00  0.8892433E-01
   04  0.7901962E+01  0.3088878E+01 -0.4725405E+00 -0.4482558E+00  0.9245918E-01
   04  0.7909091E+01  0.3092259E+01 -0.4638088E+00 -0.4341355E+00  0.9584029E-01
   04  0.7916220E+01  0.3095463E+01 -0.4548618E+00 -0.4198240E+00  0.9904389E-01
   04  0.7923349E+01  0.3098437E+01 -0.4454836E+00 -0.4054749E+00  0.1020180E+00
   04  0.7929737E+01  0.3100871E+01 -0.4366482E+00 -0.3925542E+00  0.1044528E+00
   04  0.7936124E+01  0.3103053E+01 -0.4274145E+00 -0.3795306E+00  0.1066348E+00
   04  0.7942512E+01  0.3104957E+01 -0.4178851E+00 -0.3663798E+00  0.1085387E+00
   04  0.7948900E+01  0.3106563E+01 -0.4082015E+00 -0.3531000E+00  0.1101448E+00
   04  0.7955287E+01  0.3107849E+01 -0.3984229E+00 -0.3396950E+00  0.1114304E+00
   04  0.7961675E+01  0.3108799E+01 -0.3885919E+00 -0.3261761E+00  0.1123806E+00
   04  0.7968062E+01  0.3109405E+01 -0.3787195E+00 -0.3125518E+00  0.1129862E+00
   04  0.7974450E+01  0.3109663E+01 -0.3688192E+00 -0.2988391E+00  0.1132447E+00
   04  0.7980837E+01  0.3109574E+01 -0.3588716E+00 -0.2850641E+00  0.1131557E+00
   04  0.7987225E+01  0.3109146E+01 -0.3488383E+00 -0.2712532E+00  0.1127272E+00
   04  0.7993612E+01  0.3108394E+01 -0.3386594E+00 -0.2574239E+00  0.1119757E+00
