# gauge_id=     7 location=(  0.9125100000E+02  0.1000000000E-02 ) num_var=  4
# level, time, q[  1  2  3], eta, aux[]
   01  0.0000000E+00  0.0000000E+00  0.0000000E+00  0.0000000E+00  0.1070000E+01
   01  0.1600000E-01  0.0000000E+00  0.0000000E+00  0.0000000E+00  0.1070000E+01
   01  0.1329653E+00  0.0000000E+00  0.0000000E+00  0.0000000E+00  0.1070000E+01
   01  0.2476540E+00  0.0000000E+00  0.0000000E+00  0.0000000E+00  0.1070000E+01
   01  0.3333333E+00  0.0000000E+00  0.0000000E+00  0.0000000E+00  0.1070000E+01
   01  0.4522257E+00  0.0000000E+00  0.0000000E+00  0.0000000E+00  0.1070000E+01
   01  0.5724150E+00  0.0000000E+00  0.0000000E+00  0.0000000E+00  0.1070000E+01
   01  0.6666667E+00  0.0000000E+00  0.0000000E+00  0.0000000E+00  0.1070000E+01
   01  0.7903854E+00  0.0000000E+00  0.0000000E+00  0.0000000E+00  0.1070000E+01
   01  0.9158532E+00  0.0000000E+00  0.0000000E+00  0.0000000E+00  0.1070000E+01
   01  0.1000000E+01  0.0000000E+00  0.0000000E+00  0.0000000E+00  0.1070000E+01
   01  0.1128722E+01  0.0000000E+00  0.0000000E+00  0.0000000E+00  0.1070000E+01
   01  0.1257366E+01  0.0000000E+00  0.0000000E+00  0.0000000E+00  0.1070000E+01
   01  0.1333333E+01  0.0000000E+00  0.0000000E+00  0.0000000E+00  0.1070000E+01
   01  0.1461954E+01  0.0000000E+00  0.0000000E+00  0.0000000E+00  0.1070000E+01
   01  0.1590570E+01  0.0000000E+00  0.0000000E+00  0.0000000E+00  0.1070000E+01
   01  0.1666667E+01  0.0000000E+00  0.0000000E+00  0.0000000E+00  0.1070000E+01
   01  0.1795194E+01  0.0000000E+00  0.0000000E+00  0.0000000E+00  0.1070000E+01
   01  0.1923729E+01  0.0000000E+00  0.0000000E+00  0.0000000E+00  0.1070000E+01
   01  0.2000000E+01  0.0000000E+00  0.0000000E+00  0.0000000E+00  0.1070000E+01
   01  0.2128607E+01  0.0000000E+00  0.0000000E+00  0.0000000E+00  0.1070000E+01
   01  0.2257190E+01  0.0000000E+00  0.0000000E+00  0.0000000E+00  0.1070000E+01
   01  0.2333333E+01  0.0000000E+00  0.0000000E+00  0.0000000E+00  0.1070000E+01
   01  0.2461836E+01  0.0000000E+00  0.0000000E+00  0.0000000E+00  0.1070000E+01
   01  0.2590356E+01  0.0000000E+00  0.0000000E+00  0.0000000E+00  0.1070000E+01
   01  0.2666667E+01  0.0000000E+00  0.0000000E+00  0.0000000E+00  0.1070000E+01
   01  0.2795247E+01  0.0000000E+00  0.0000000E+00  0.0000000E+00  0.1070000E+01
   01  0.2923808E+01  0.0000000E+00  0.0000000E+00  0.0000000E+00  0.1070000E+01
   01  0.3000000E+01  0.0000000E+00  0.0000000E+00  0.0000000E+00  0.1070000E+01
   01  0.3128516E+01  0.0000000E+00  0.0000000E+00  0.0000000E+00  0.1070000E+01
   02  0.3257048E+01  0.0000000E+00  0.0000000E+00  0.0000000E+00  0.2830000E+01
   02  0.3295190E+01  0.0000000E+00  0.0000000E+00  0.0000000E+00  0.2830000E+01
   02  0.3333333E+01  0.0000000E+00  0.0000000E+00  0.0000000E+00  0.2830000E+01
   03  0.3376188E+01  0.0000000E+00  0.0000000E+00  0.0000000E+00  0.3270000E+01
   03  0.3397615E+01  0.0000000E+00  0.0000000E+00  0.0000000E+00  0.3270000E+01
   03  0.3419043E+01  0.0000000E+00  0.0000000E+00  0.0000000E+00  0.3270000E+01
   03  0.3440470E+01  0.0000000E+00  0.0000000E+00  0.0000000E+00  0.3270000E+01
   03  0.3461897E+01  0.0000000E+00  0.0000000E+00  0.0000000E+00  0.3270000E+01
   03  0.3483322E+01  0.0000000E+00  0.0000000E+00  0.0000000E+00  0.3270000E+01
   03  0.3504748E+01  0.0000000E+00  0.0000000E+00  0.0000000E+00  0.3270000E+01
   03  0.3526173E+01  0.0000000E+00  0.0000000E+00  0.0000000E+00  0.3270000E+01
   03  0.3547598E+01  0.0000000E+00  0.0000000E+00  0.0000000E+00  0.3270000E+01
   03  0.3569023E+01  0.0000000E+00  0.0000000E+00  0.0000000E+00  0.3270000E+01
   03  0.3590448E+01  0.0000000E+00  0.0000000E+00  0.0000000E+00  0.3270000E+01
   03  0.3609503E+01  0.0000000E+00  0.0000000E+00  0.0000000E+00  0.3270000E+01
   03  0.3628557E+01  0.0000000E+00  0.0000000E+00  0.0000000E+00  0.3270000E+01
   03  0.3647612E+01  0.0000000E+00  0.0000000E+00  0.0000000E+00  0.3270000E+01
   03  0.3666667E+01  0.0000000E+00  0.0000000E+00  0.0000000E+00  0.3270000E+01
   03  0.3688088E+01  0.0000000E+00  0.0000000E+00  0.0000000E+00  0.3270000E+01
   03  0.3709508E+01  0.0000000E+00  0.0000000E+00  0.0000000E+00  0.3270000E+01
   03  0.3730929E+01  0.0000000E+00  0.0000000E+00  0.0000000E+00  0.3270000E+01
   03  0.3752350E+01  0.0000000E+00  0.0000000E+00  0.0000000E+00  0.3270000E+01
   03  0.3773771E+01  0.0000000E+00  0.0000000E+00  0.0000000E+00  0.3270000E+01
   03  0.3795192E+01  0.0000000E+00  0.0000000E+00  0.0000000E+00  0.3270000E+01
   03  0.3816614E+01  0.0000000E+00  0.0000000E+00  0.0000000E+00  0.3270000E+01
   03  0.3838037E+01  0.0000000E+00  0.0000000E+00  0.0000000E+00  0.3270000E+01
   03  0.3852318E+01  0.0000000E+00  0.0000000E+00  0.0000000E+00  0.3270000E+01
   03  0.3866600E+01  0.0000000E+00  0.0000000E+00  0.0000000E+00  0.3270000E+01
   03  0.3880882E+01  0.0000000E+00  0.0000000E+00  0.0000000E+00  0.3270000E+01
   03  0.3891593E+01  0.0000000E+00  0.0000000E+00  0.0000000E+00  0.3270000E+01
   03  0.3902304E+01  0.0000000E+00  0.0000000E+00  0.0000000E+00  0.3270000E+01
   03  0.3913015E+01  0.0000000E+00  0.0000000E+00  0.0000000E+00  0.3270000E+01
   03  0.3923726E+01  0.0000000E+00  0.0000000E+00  0.0000000E+00  0.3270000E+01
   03  0.3942795E+01  0.0000000E+00  0.0000000E+00  0.0000000E+00  0.3270000E+01
   03  0.3961863E+01  0.0000000E+00  0.0000000E+00  0.0000000E+00  0.3270000E+01
   03  0.3980932E+01  0.0000000E+00  0.0000000E+00  0.0000000E+00  0.3270000E+01
   03  0.4000000E+01  0.0000000E+00  0.0000000E+00  0.0000000E+00  0.3270000E+01
   03  0.4021426E+01  0.0000000E+00  0.0000000E+00  0.0000000E+00  0.3270000E+01
   03  0.4042852E+01  0.0000000E+00  0.0000000E+00  0.0000000E+00  0.3270000E+01
   03  0.4064278E+01  0.0000000E+00  0.0000000E+00  0.0000000E+00  0.3270000E+01
   03  0.4085704E+01  0.0000000E+00  0.0000000E+00  0.0000000E+00  0.3270000E+01
   03  0.4107130E+01  0.0000000E+00  0.0000000E+00  0.0000000E+00  0.3270000E+01
   03  0.4128556E+01  0.0000000E+00  0.0000000E+00  0.0000000E+00  0.3270000E+01
   03  0.4149980E+01  0.0000000E+00  0.0000000E+00  0.0000000E+00  0.3270000E+01
   03  0.4171404E+01  0.0000000E+00  0.0000000E+00  0.0000000E+00  0.3270000E+01
   03  0.4192828E+01  0.0000000E+00  0.0000000E+00  0.0000000E+00  0.3270000E+01
   03  0.4214252E+01  0.0000000E+00  0.0000000E+00  0.0000000E+00  0.3270000E+01
   03  0.4235677E+01  0.0000000E+00  0.0000000E+00  0.0000000E+00  0.3270000E+01
   04  0.4257101E+01  0.0000000E+00  0.0000000E+00  0.0000000E+00  0.3382500E+01
   04  0.4263453E+01  0.0000000E+00  0.0000000E+00  0.0000000E+00  0.3382500E+01
   04  0.4269806E+01  0.0000000E+00  0.0000000E+00  0.0000000E+00  0.3382500E+01
   04  0.4276159E+01  0.0000000E+00  0.0000000E+00  0.0000000E+00  0.3382500E+01
   04  0.4282512E+01  0.0000000E+00  0.0000000E+00  0.0000000E+00  0.3382500E+01
   04  0.4288864E+01  0.0000000E+00  0.0000000E+00  0.0000000E+00  0.3382500E+01
   04  0.4295217E+01  0.0000000E+00  0.0000000E+00  0.0000000E+00  0.3382500E+01
   04  0.4301570E+01  0.0000000E+00  0.0000000E+00  0.0000000E+00  0.3382500E+01
   04  0.4307922E+01  0.0000000E+00  0.0000000E+00  0.0000000E+00  0.3382500E+01
   04  0.4314275E+01  0.0000000E+00  0.0000000E+00  0.0000000E+00  0.3382500E+01
   04  0.4320628E+01  0.0000000E+00  0.0000000E+00  0.0000000E+00  0.3382500E+01
   04  0.4326981E+01  0.0000000E+00  0.0000000E+00  0.0000000E+00  0.3382500E+01
   04  0.4333333E+01  0.0000000E+00  0.0000000E+00  0.0000000E+00  0.3382500E+01
   04  0.4340474E+01  0.0000000E+00  0.0000000E+00  0.0000000E+00  0.3382500E+01
   04  0.4347614E+01  0.0000000E+00  0.0000000E+00  0.0000000E+00  0.3382500E+01
   04  0.4354755E+01  0.0000000E+00  0.0000000E+00  0.0000000E+00  0.3382500E+01
   04  0.4361895E+01  0.0000000E+00  0.0000000E+00  0.0000000E+00  0.3382500E+01
   04  0.4369036E+01  0.0000000E+00  0.0000000E+00  0.0000000E+00  0.3382500E+01
   04  0.4376176E+01  0.0000000E+00  0.0000000E+00  0.0000000E+00  0.3382500E+01
   04  0.4383317E+01  0.0000000E+00  0.0000000E+00  0.0000000E+00  0.3382500E+01
   04  0.4390457E+01  0.0000000E+00  0.0000000E+00  0.0000000E+00  0.3382500E+01
   04  0.4397598E+01  0.0000000E+00  0.0000000E+00  0.0000000E+00  0.3382500E+01
   04  0.4404738E+01  0.0000000E+00  0.0000000E+00  0.0000000E+00  0.3382500E+01
   04  0.4411879E+01  0.3195082E-01  0.1381864E+00  0.2110073E-02  0.3301906E+01
   04  0.4419019E+01  0.4730076E-01  0.2024923E+00  0.3112078E-02  0.3317256E+01
   04  0.4426160E+01  0.6525833E-01  0.2752703E+00  0.4262843E-02  0.3335213E+01
   04  0.4433300E+01  0.8314658E-01  0.3461410E+00  0.5385454E-02  0.3353102E+01
   04  0.4440441E+01  0.9956460E-01  0.4074242E+00  0.6384745E-02  0.3369520E+01
   04  0.4447581E+01  0.1151482E+00  0.4569659E+00  0.7295270E-02  0.3385103E+01
   04  0.4454722E+01  0.1295140E+00  0.4984447E+00  0.8104453E-02  0.3399469E+01
   04  0.4461862E+01  0.1426603E+00  0.5319470E+00  0.8812871E-02  0.3412615E+01
   04  0.4469003E+01  0.1547968E+00  0.5582356E+00  0.9404126E-02  0.3424752E+01
   04  0.4476144E+01  0.1661793E+00  0.5789475E+00  0.9899436E-02  0.3436134E+01
   04  0.4483285E+01  0.1770022E+00  0.5952972E+00  0.1032090E-01  0.3446957E+01
   04  0.4490426E+01  0.1874209E+00  0.6081796E+00  0.1067669E-01  0.3457376E+01
   04  0.4497567E+01  0.1974186E+00  0.6176912E+00  0.1096890E-01  0.3467374E+01
   04  0.4504708E+01  0.2070059E+00  0.6240513E+00  0.1120449E-01  0.3476961E+01
   04  0.4511849E+01  0.2161342E+00  0.6272038E+00  0.1137311E-01  0.3486089E+01
   04  0.4518990E+01  0.2248173E+00  0.6273633E+00  0.1149059E-01  0.3494772E+01
   04  0.4526131E+01  0.2332025E+00  0.6252885E+00  0.1157778E-01  0.3503158E+01
   04  0.4533272E+01  0.2413447E+00  0.6213097E+00  0.1164498E-01  0.3511300E+01
   04  0.4540413E+01  0.2492148E+00  0.6154111E+00  0.1169012E-01  0.3519170E+01
   04  0.4547554E+01  0.2568248E+00  0.6076592E+00  0.1171032E-01  0.3526780E+01
   04  0.4554695E+01  0.2652281E+00  0.5975216E+00  0.1170946E-01  0.3535183E+01
   04  0.4561836E+01  0.2721645E+00  0.5840163E+00  0.1162783E-01  0.3542119E+01
   04  0.4568977E+01  0.2781566E+00  0.5679721E+00  0.1153011E-01  0.3548112E+01
   04  0.4576118E+01  0.2834334E+00  0.5468869E+00  0.1138616E-01  0.3553388E+01
   04  0.4583259E+01  0.2877418E+00  0.5146543E+00  0.1125147E-01  0.3557697E+01
   04  0.4590400E+01  0.2901127E+00  0.4805216E+00  0.1102889E-01  0.3560068E+01
   04  0.4596755E+01  0.2912467E+00  0.4568695E+00  0.1085040E-01  0.3561202E+01
   04  0.4603111E+01  0.2920202E+00  0.4328644E+00  0.1071978E-01  0.3561975E+01
   04  0.4609466E+01  0.2932088E+00  0.4101364E+00  0.1064865E-01  0.3563164E+01
   04  0.4615822E+01  0.2956660E+00  0.3912364E+00  0.1066855E-01  0.3565621E+01
   04  0.4622178E+01  0.2989499E+00  0.3724530E+00  0.1076072E-01  0.3568905E+01
   04  0.4628533E+01  0.3040677E+00  0.3495264E+00  0.1097939E-01  0.3574023E+01
   04  0.4634889E+01  0.3088883E+00  0.3252918E+00  0.1124122E-01  0.3578843E+01
   04  0.4641244E+01  0.3127034E+00  0.3003212E+00  0.1145066E-01  0.3582658E+01
   04  0.4647600E+01  0.3155318E+00  0.2750661E+00  0.1162547E-01  0.3585487E+01
   04  0.4653955E+01  0.3179879E+00  0.2494819E+00  0.1177928E-01  0.3587943E+01
   04  0.4660311E+01  0.3201121E+00  0.2236414E+00  0.1190592E-01  0.3590067E+01
   04  0.4666667E+01  0.3219406E+00  0.1975762E+00  0.1202206E-01  0.3591896E+01
   04  0.4673808E+01  0.3236330E+00  0.1680950E+00  0.1215044E-01  0.3593588E+01
   04  0.4680950E+01  0.3249161E+00  0.1384798E+00  0.1227481E-01  0.3594871E+01
   04  0.4688091E+01  0.3257715E+00  0.1087983E+00  0.1239141E-01  0.3595727E+01
   04  0.4695232E+01  0.3261733E+00  0.7911176E-01  0.1249235E-01  0.3596128E+01
   04  0.4702374E+01  0.3261053E+00  0.4950853E-01  0.1256357E-01  0.3596060E+01
   04  0.4709515E+01  0.3255698E+00  0.2008582E-01  0.1258279E-01  0.3595525E+01
   04  0.4716657E+01  0.3245755E+00 -0.9059167E-02  0.1256838E-01  0.3594531E+01
   04  0.4723798E+01  0.3231611E+00 -0.3761613E-01  0.1253731E-01  0.3593116E+01
   04  0.4730940E+01  0.3213400E+00 -0.6577284E-01  0.1249569E-01  0.3591295E+01
   04  0.4738081E+01  0.3191513E+00 -0.9341621E-01  0.1245502E-01  0.3589106E+01
   04  0.4745223E+01  0.3166532E+00 -0.1206348E+00  0.1242033E-01  0.3586608E+01
   04  0.4752364E+01  0.3138979E+00 -0.1475062E+00  0.1238277E-01  0.3583853E+01
   04  0.4759505E+01  0.3109550E+00 -0.1740909E+00  0.1232800E-01  0.3580910E+01
   04  0.4766647E+01  0.3079472E+00 -0.2006065E+00  0.1225374E-01  0.3577902E+01
   04  0.4773788E+01  0.3051127E+00 -0.2275689E+00  0.1217058E-01  0.3575068E+01
   04  0.4780930E+01  0.3026445E+00 -0.2554435E+00  0.1206441E-01  0.3572599E+01
   04  0.4788071E+01  0.3005750E+00 -0.2843770E+00  0.1194502E-01  0.3570530E+01
   04  0.4795213E+01  0.2984844E+00 -0.3130326E+00  0.1181969E-01  0.3568439E+01
   04  0.4802354E+01  0.2964171E+00 -0.3428590E+00  0.1170018E-01  0.3566372E+01
   04  0.4809495E+01  0.2935961E+00 -0.3710123E+00  0.1147534E-01  0.3563551E+01
   04  0.4816636E+01  0.2903163E+00 -0.3978506E+00  0.1116967E-01  0.3560271E+01
   04  0.4823776E+01  0.2874490E+00 -0.4262220E+00  0.1076939E-01  0.3557404E+01
   04  0.4830917E+01  0.2845644E+00 -0.4544351E+00  0.1028012E-01  0.3554519E+01
   04  0.4838058E+01  0.2823377E+00 -0.4831307E+00  0.9756212E-02  0.3552293E+01
   04  0.4845199E+01  0.2801224E+00 -0.5113742E+00  0.9603559E-02  0.3550077E+01
   04  0.4852340E+01  0.2783282E+00 -0.5394394E+00  0.8994864E-02  0.3548283E+01
   04  0.4859481E+01  0.2756024E+00 -0.5652378E+00  0.8331679E-02  0.3545557E+01
   04  0.4866622E+01  0.2715934E+00 -0.5869863E+00  0.8376053E-02  0.3541548E+01
   04  0.4873763E+01  0.2670298E+00 -0.6060569E+00  0.8249552E-02  0.3536985E+01
   04  0.4880904E+01  0.2614740E+00 -0.6202093E+00  0.7988154E-02  0.3531429E+01
   04  0.4888045E+01  0.2549275E+00 -0.6310135E+00  0.7672889E-02  0.3524883E+01
   04  0.4895186E+01  0.2473256E+00 -0.6370586E+00  0.7348231E-02  0.3517281E+01
   04  0.4902327E+01  0.2385967E+00 -0.6377877E+00  0.7017316E-02  0.3508552E+01
   04  0.4909468E+01  0.2287369E+00 -0.6330459E+00  0.6639507E-02  0.3498692E+01
   04  0.4916609E+01  0.2177345E+00 -0.6227210E+00  0.6206031E-02  0.3487690E+01
   04  0.4923750E+01  0.2056135E+00 -0.6068305E+00  0.5642454E-02  0.3475569E+01
   04  0.4930104E+01  0.1940587E+00 -0.5886093E+00  0.5044833E-02  0.3464014E+01
   04  0.4936458E+01  0.1819464E+00 -0.5671554E+00  0.4405987E-02  0.3451901E+01
   04  0.4942812E+01  0.1693564E+00 -0.5427141E+00  0.3778766E-02  0.3439311E+01
   04  0.4949167E+01  0.1563803E+00 -0.5154597E+00  0.3173251E-02  0.3426335E+01
   04  0.4955521E+01  0.1428883E+00 -0.4849219E+00  0.2566537E-02  0.3412843E+01
   04  0.4961875E+01  0.1291835E+00 -0.4516026E+00  0.2046589E-02  0.3399139E+01
   04  0.4968229E+01  0.1154135E+00 -0.4155324E+00  0.1758018E-02  0.3385369E+01
   04  0.4974583E+01  0.1018308E+00 -0.3774159E+00  0.1524662E-02  0.3371786E+01
   04  0.4980937E+01  0.8871136E-01 -0.3381313E+00  0.1338156E-02  0.3358666E+01
   04  0.4984115E+01  0.8239794E-01 -0.3180902E+00  0.1260985E-02  0.3352353E+01
   04  0.4987292E+01  0.7627109E-01 -0.2979898E+00  0.1193992E-02  0.3346226E+01
   04  0.4990469E+01  0.7037371E-01 -0.2780268E+00  0.1133711E-02  0.3340329E+01
   04  0.4993646E+01  0.6472928E-01 -0.2583415E+00  0.1077334E-02  0.3334684E+01
   04  0.4996823E+01  0.5935942E-01 -0.2390725E+00  0.1023675E-02  0.3329314E+01
   04  0.5000000E+01  0.5428712E-01 -0.2203642E+00  0.9723201E-03  0.3324242E+01
   04  0.5005356E+01  0.4640842E-01 -0.1904384E+00  0.8814210E-03  0.3316363E+01
   04  0.5010711E+01  0.3946085E-01 -0.1628202E+00  0.8002905E-03  0.3309416E+01
   04  0.5016067E+01  0.3356205E-01 -0.1382181E+00  0.7323257E-03  0.3303517E+01
   04  0.5021422E+01  0.2888462E-01 -0.1176286E+00  0.6770718E-03  0.3298840E+01
   04  0.5026778E+01  0.2513025E-01 -0.1004293E+00  0.6205716E-03  0.3295085E+01
   04  0.5032133E+01  0.2209645E-01 -0.8610616E-01  0.5564604E-03  0.3292051E+01
   04  0.5037489E+01  0.1964122E-01 -0.7423484E-01  0.4844601E-03  0.3289596E+01
   04  0.5042844E+01  0.1759995E-01 -0.6422722E-01  0.4031480E-03  0.3287555E+01
   04  0.5049985E+01  0.1555764E-01 -0.5415642E-01  0.2891372E-03  0.3285513E+01
   04  0.5057125E+01  0.1409396E-01 -0.4694319E-01  0.1939021E-03  0.3284049E+01
   04  0.5064266E+01  0.1302645E-01 -0.4164622E-01  0.1252687E-03  0.3282981E+01
   04  0.5071407E+01  0.1217548E-01 -0.3745242E-01  0.7822287E-04  0.3282130E+01
   04  0.5078547E+01  0.1145209E-01 -0.3394614E-01  0.4492283E-04  0.3281407E+01
   04  0.5085688E+01  0.1080917E-01 -0.3089072E-01  0.1799324E-04  0.3280764E+01
   04  0.5092829E+01  0.1021879E-01 -0.2815561E-01 -0.8700320E-05  0.3280174E+01
   04  0.5099969E+01  0.9679245E-02 -0.2572080E-01 -0.3404960E-04  0.3279634E+01
   04  0.5107110E+01  0.9190957E-02 -0.2357108E-01 -0.5725244E-04  0.3279146E+01
   04  0.5109490E+01  0.9046260E-02 -0.2295384E-01 -0.6923681E-04  0.3279001E+01
   04  0.5111871E+01  0.8910531E-02 -0.2237626E-01 -0.8063606E-04  0.3278866E+01
   04  0.5114251E+01  0.8783766E-02 -0.2183752E-01 -0.9145921E-04  0.3278739E+01
   04  0.5116631E+01  0.8666006E-02 -0.2133695E-01 -0.1017185E-03  0.3278621E+01
   04  0.5119011E+01  0.8555736E-02 -0.2086859E-01 -0.1111105E-03  0.3278511E+01
   04  0.5121392E+01  0.8450793E-02 -0.2042453E-01 -0.1193601E-03  0.3278406E+01
   04  0.5123772E+01  0.8350873E-02 -0.2000323E-01 -0.1265908E-03  0.3278306E+01
   04  0.5126152E+01  0.8255684E-02 -0.1960322E-01 -0.1328956E-03  0.3278211E+01
   04  0.5128532E+01  0.8164949E-02 -0.1922312E-01 -0.1383511E-03  0.3278120E+01
   04  0.5135673E+01  0.7911328E-02 -0.1813285E-01 -0.1498842E-03  0.3277866E+01
   04  0.5142814E+01  0.7688613E-02 -0.1718800E-01 -0.1557740E-03  0.3277644E+01
   04  0.5149955E+01  0.7489535E-02 -0.1635595E-01 -0.1570321E-03  0.3277445E+01
   04  0.5157096E+01  0.7307447E-02 -0.1560859E-01 -0.1547617E-03  0.3277262E+01
   04  0.5164237E+01  0.7137689E-02 -0.1492573E-01 -0.1498804E-03  0.3277093E+01
   04  0.5171378E+01  0.6976676E-02 -0.1429213E-01 -0.1431175E-03  0.3276932E+01
   04  0.5174948E+01  0.6899339E-02 -0.1400540E-01 -0.1393388E-03  0.3276854E+01
   04  0.5178519E+01  0.6823214E-02 -0.1372510E-01 -0.1352938E-03  0.3276778E+01
   04  0.5182089E+01  0.6748083E-02 -0.1345059E-01 -0.1310344E-03  0.3276703E+01
   04  0.5185660E+01  0.6673769E-02 -0.1318137E-01 -0.1266081E-03  0.3276629E+01
   04  0.5189230E+01  0.6600128E-02 -0.1291704E-01 -0.1220574E-03  0.3276555E+01
   04  0.5192800E+01  0.6527044E-02 -0.1265731E-01 -0.1174200E-03  0.3276482E+01
   04  0.5196371E+01  0.6454403E-02 -0.1240196E-01 -0.1127293E-03  0.3276409E+01
   04  0.5199941E+01  0.6382097E-02 -0.1215080E-01 -0.1080148E-03  0.3276337E+01
   04  0.5203512E+01  0.6309948E-02 -0.1190396E-01 -0.1032972E-03  0.3276265E+01
   04  0.5207082E+01  0.6237890E-02 -0.1166130E-01 -0.9859989E-04  0.3276193E+01
   04  0.5210653E+01  0.6165921E-02 -0.1142294E-01 -0.9394528E-04  0.3276121E+01
   04  0.5214223E+01  0.6094047E-02 -0.1118871E-01 -0.8935330E-04  0.3276049E+01
   04  0.5219579E+01  0.5986143E-02 -0.1083513E-01 -0.8254667E-04  0.3275941E+01
   04  0.5224935E+01  0.5878454E-02 -0.1049137E-01 -0.7597350E-04  0.3275833E+01
   04  0.5230290E+01  0.5771020E-02 -0.1015309E-01 -0.6968707E-04  0.3275726E+01
   04  0.5235646E+01  0.5663934E-02 -0.9822653E-02 -0.6371042E-04  0.3275619E+01
   04  0.5241002E+01  0.5557325E-02 -0.9500529E-02 -0.5806094E-04  0.3275512E+01
   04  0.5246357E+01  0.5451342E-02 -0.9186452E-02 -0.5274971E-04  0.3275406E+01
   04  0.5247696E+01  0.5425257E-02 -0.9114567E-02 -0.5150746E-04  0.3275380E+01
   04  0.5249035E+01  0.5399233E-02 -0.9042973E-02 -0.5028541E-04  0.3275354E+01
   04  0.5250374E+01  0.5373274E-02 -0.8971677E-02 -0.4908364E-04  0.3275328E+01
   04  0.5251713E+01  0.5347381E-02 -0.8900684E-02 -0.4790217E-04  0.3275302E+01
   04  0.5253052E+01  0.5321557E-02 -0.8830003E-02 -0.4674099E-04  0.3275277E+01
   04  0.5254391E+01  0.5295805E-02 -0.8759642E-02 -0.4560008E-04  0.3275251E+01
   04  0.5255730E+01  0.5270126E-02 -0.8689612E-02 -0.4447938E-04  0.3275225E+01
   04  0.5257069E+01  0.5244524E-02 -0.8619921E-02 -0.4337884E-04  0.3275200E+01
   04  0.5263424E+01  0.5122218E-02 -0.8264539E-02 -0.3827432E-04  0.3275077E+01
   04  0.5269779E+01  0.5001715E-02 -0.7922841E-02 -0.3364122E-04  0.3274957E+01
   04  0.5276135E+01  0.4883358E-02 -0.7594964E-02 -0.2945409E-04  0.3274838E+01
   04  0.5282490E+01  0.4767512E-02 -0.7279946E-02 -0.2569449E-04  0.3274723E+01
   04  0.5288846E+01  0.4654629E-02 -0.6978662E-02 -0.2233891E-04  0.3274610E+01
   04  0.5295201E+01  0.4544902E-02 -0.6691083E-02 -0.1935829E-04  0.3274500E+01
   04  0.5301556E+01  0.4438302E-02 -0.6416578E-02 -0.1672235E-04  0.3274393E+01
   04  0.5307912E+01  0.4334873E-02 -0.6154649E-02 -0.1440107E-04  0.3274290E+01
   04  0.5314267E+01  0.4234662E-02 -0.5904936E-02 -0.1236494E-04  0.3274190E+01
   04  0.5320623E+01  0.4137718E-02 -0.5667157E-02 -0.1058567E-04  0.3274093E+01
   04  0.5326978E+01  0.4044150E-02 -0.5444179E-02 -0.9035086E-05  0.3273999E+01
   04  0.5333333E+01  0.3954011E-02 -0.5237075E-02 -0.7686782E-05  0.3273909E+01
   04  0.5340474E+01  0.3856462E-02 -0.5015207E-02 -0.6378696E-05  0.3273811E+01
   04  0.5347615E+01  0.3763207E-02 -0.4806609E-02 -0.5270310E-05  0.3273718E+01
   04  0.5354756E+01  0.3674204E-02 -0.4610374E-02 -0.4333791E-05  0.3273629E+01
   04  0.5361897E+01  0.3589407E-02 -0.4426269E-02 -0.3544767E-05  0.3273544E+01
   04  0.5369038E+01  0.3508742E-02 -0.4253889E-02 -0.2882048E-05  0.3273464E+01
   04  0.5376179E+01  0.3432118E-02 -0.4092742E-02 -0.2327197E-05  0.3273387E+01
   04  0.5383320E+01  0.3359368E-02 -0.3942177E-02 -0.1863883E-05  0.3273314E+01
   04  0.5390460E+01  0.3290290E-02 -0.3801485E-02 -0.1478127E-05  0.3273245E+01
   04  0.5397601E+01  0.3224747E-02 -0.3670091E-02 -0.1158137E-05  0.3273180E+01
   04  0.5404742E+01  0.3162667E-02 -0.3547540E-02 -0.8938241E-06  0.3273118E+01
   04  0.5411883E+01  0.3103965E-02 -0.3433372E-02 -0.6763390E-06  0.3273059E+01
   04  0.5419024E+01  0.3048542E-02 -0.3327124E-02 -0.4981927E-06  0.3273004E+01
   04  0.5426165E+01  0.2996295E-02 -0.3228336E-02 -0.3529806E-06  0.3272951E+01
   04  0.5433306E+01  0.2947111E-02 -0.3136559E-02 -0.2352696E-06  0.3272902E+01
   04  0.5440447E+01  0.2900876E-02 -0.3051358E-02 -0.1404327E-06  0.3272856E+01
   04  0.5447588E+01  0.2857472E-02 -0.2972316E-02 -0.6455120E-07  0.3272812E+01
   04  0.5454728E+01  0.2816782E-02 -0.2899033E-02 -0.4284069E-08  0.3272772E+01
   04  0.5461869E+01  0.2778684E-02 -0.2831127E-02  0.4313749E-07  0.3272734E+01
   04  0.5469010E+01  0.2743055E-02 -0.2768237E-02  0.7998639E-07  0.3272698E+01
   04  0.5476151E+01  0.2709773E-02 -0.2710013E-02  0.1082440E-06  0.3272665E+01
   04  0.5483291E+01  0.2678715E-02 -0.2656129E-02  0.1295109E-06  0.3272634E+01
   04  0.5490432E+01  0.2649759E-02 -0.2606273E-02  0.1451170E-06  0.3272605E+01
   04  0.5497573E+01  0.2622787E-02 -0.2560154E-02  0.1562882E-06  0.3272578E+01
   04  0.5504713E+01  0.2597681E-02 -0.2517495E-02  0.1639550E-06  0.3272553E+01
   04  0.5511854E+01  0.2574326E-02 -0.2478035E-02  0.1688815E-06  0.3272529E+01
   04  0.5518995E+01  0.2552610E-02 -0.2441527E-02  0.1716910E-06  0.3272508E+01
   04  0.5526135E+01  0.2532423E-02 -0.2407740E-02  0.1728876E-06  0.3272487E+01
   04  0.5531491E+01  0.2518318E-02 -0.2390755E-02  0.1733345E-06  0.3272473E+01
   04  0.5536846E+01  0.2504932E-02 -0.2373837E-02  0.1732563E-06  0.3272460E+01
   04  0.5542202E+01  0.2492175E-02 -0.2357008E-02  0.1727314E-06  0.3272447E+01
   04  0.5547557E+01  0.2480007E-02 -0.2340366E-02  0.1718583E-06  0.3272435E+01
   04  0.5552913E+01  0.2468409E-02 -0.2324027E-02  0.1707337E-06  0.3272423E+01
   04  0.5558268E+01  0.2457373E-02 -0.2308102E-02  0.1694416E-06  0.3272412E+01
   04  0.5563624E+01  0.2446891E-02 -0.2292681E-02  0.1680498E-06  0.3272402E+01
   04  0.5568979E+01  0.2436949E-02 -0.2277826E-02  0.1666098E-06  0.3272392E+01
   04  0.5574334E+01  0.2427531E-02 -0.2263569E-02  0.1651586E-06  0.3272383E+01
   04  0.5579690E+01  0.2418612E-02 -0.2249923E-02  0.1637204E-06  0.3272374E+01
   04  0.5585045E+01  0.2410165E-02 -0.2236878E-02  0.1623095E-06  0.3272365E+01
   04  0.5590401E+01  0.2402157E-02 -0.2224412E-02  0.1609332E-06  0.3272357E+01
   04  0.5596756E+01  0.2393136E-02 -0.2206013E-02  0.1591160E-06  0.3272348E+01
   04  0.5603112E+01  0.2384649E-02 -0.2189280E-02  0.1574009E-06  0.3272340E+01
   04  0.5609467E+01  0.2376673E-02 -0.2174021E-02  0.1557915E-06  0.3272332E+01
   04  0.5615823E+01  0.2369140E-02 -0.2159982E-02  0.1542605E-06  0.3272324E+01
   04  0.5622178E+01  0.2361964E-02 -0.2146905E-02  0.1527741E-06  0.3272317E+01
   04  0.5628534E+01  0.2355062E-02 -0.2134564E-02  0.1513027E-06  0.3272310E+01
   04  0.5634889E+01  0.2348358E-02 -0.2122770E-02  0.1498215E-06  0.3272303E+01
   04  0.5641245E+01  0.2341789E-02 -0.2111371E-02  0.1483078E-06  0.3272297E+01
   04  0.5647600E+01  0.2335294E-02 -0.2100250E-02  0.1467481E-06  0.3272290E+01
   04  0.5653956E+01  0.2328819E-02 -0.2089314E-02  0.1451310E-06  0.3272284E+01
   04  0.5660311E+01  0.2322332E-02 -0.2078482E-02  0.1434469E-06  0.3272277E+01
   04  0.5666667E+01  0.2315804E-02 -0.2067695E-02  0.1416881E-06  0.3272271E+01
   04  0.5673807E+01  0.2308375E-02 -0.2051978E-02  0.1394264E-06  0.3272263E+01
   04  0.5680947E+01  0.2300854E-02 -0.2037120E-02  0.1371138E-06  0.3272256E+01
   04  0.5688088E+01  0.2293245E-02 -0.2022960E-02  0.1347500E-06  0.3272248E+01
   04  0.5695228E+01  0.2285497E-02 -0.2009291E-02  0.1323152E-06  0.3272240E+01
   04  0.5702368E+01  0.2277587E-02 -0.1995894E-02  0.1297884E-06  0.3272233E+01
   04  0.5709508E+01  0.2269501E-02 -0.1982607E-02  0.1271570E-06  0.3272225E+01
   04  0.5716649E+01  0.2261228E-02 -0.1969328E-02  0.1244162E-06  0.3272216E+01
   04  0.5723789E+01  0.2252768E-02 -0.1955998E-02  0.1215664E-06  0.3272208E+01
   04  0.5730929E+01  0.2244123E-02 -0.1942586E-02  0.1186114E-06  0.3272199E+01
   04  0.5738070E+01  0.2235300E-02 -0.1929080E-02  0.1155572E-06  0.3272190E+01
   04  0.5745210E+01  0.2226312E-02 -0.1915483E-02  0.1124107E-06  0.3272181E+01
   04  0.5752350E+01  0.2217172E-02 -0.1901803E-02  0.1091796E-06  0.3272172E+01
   04  0.5759491E+01  0.2207896E-02 -0.1888052E-02  0.1058718E-06  0.3272163E+01
   04  0.5766631E+01  0.2198501E-02 -0.1874247E-02  0.1024955E-06  0.3272154E+01
   04  0.5773771E+01  0.2189006E-02 -0.1860405E-02  0.9905900E-07  0.3272144E+01
   04  0.5780911E+01  0.2179429E-02 -0.1846544E-02  0.9557060E-07  0.3272134E+01
   04  0.5788052E+01  0.2169790E-02 -0.1832685E-02  0.9203873E-07  0.3272125E+01
   04  0.5795192E+01  0.2160106E-02 -0.1818846E-02  0.8847175E-07  0.3272115E+01
   04  0.5799476E+01  0.2154329E-02 -0.1818539E-02  0.8659833E-07  0.3272109E+01
   04  0.5803761E+01  0.2148531E-02 -0.1817000E-02  0.8465650E-07  0.3272104E+01
   04  0.5808045E+01  0.2142699E-02 -0.1814314E-02  0.8264642E-07  0.3272098E+01
   04  0.5812329E+01  0.2136836E-02 -0.1810628E-02  0.8057794E-07  0.3272092E+01
   04  0.5816613E+01  0.2130952E-02 -0.1806114E-02  0.7846436E-07  0.3272086E+01
   04  0.5820183E+01  0.2126051E-02 -0.1803533E-02  0.7672930E-07  0.3272081E+01
   04  0.5823753E+01  0.2121149E-02 -0.1800356E-02  0.7496921E-07  0.3272076E+01
   04  0.5827324E+01  0.2116254E-02 -0.1796668E-02  0.7318933E-07  0.3272071E+01
   04  0.5832679E+01  0.2108903E-02 -0.1784206E-02  0.7032326E-07  0.3272064E+01
   04  0.5838034E+01  0.2101611E-02 -0.1772243E-02  0.6749166E-07  0.3272057E+01
   04  0.5842318E+01  0.2095863E-02 -0.1766138E-02  0.6534120E-07  0.3272051E+01
   04  0.5846603E+01  0.2090178E-02 -0.1759919E-02  0.6320253E-07  0.3272045E+01
   04  0.5850887E+01  0.2084551E-02 -0.1753568E-02  0.6107083E-07  0.3272040E+01
   04  0.5855171E+01  0.2078980E-02 -0.1747096E-02  0.5894448E-07  0.3272034E+01
   04  0.5859455E+01  0.2073461E-02 -0.1740520E-02  0.5682340E-07  0.3272028E+01
   04  0.5863025E+01  0.2068914E-02 -0.1736685E-02  0.5509565E-07  0.3272024E+01
   04  0.5866596E+01  0.2064400E-02 -0.1732574E-02  0.5336461E-07  0.3272019E+01
   04  0.5870166E+01  0.2059916E-02 -0.1728211E-02  0.5163052E-07  0.3272015E+01
   04  0.5873736E+01  0.2055461E-02 -0.1723629E-02  0.4989500E-07  0.3272010E+01
   04  0.5877306E+01  0.2051035E-02 -0.1718862E-02  0.4816021E-07  0.3272006E+01
   04  0.5880876E+01  0.2046639E-02 -0.1713946E-02  0.4642843E-07  0.3272002E+01
   04  0.5886231E+01  0.2040062E-02 -0.1700180E-02  0.4374495E-07  0.3271995E+01
   04  0.5891587E+01  0.2033572E-02 -0.1687485E-02  0.4111657E-07  0.3271989E+01
   04  0.5896942E+01  0.2027192E-02 -0.1675797E-02  0.3855169E-07  0.3271982E+01
   04  0.5902297E+01  0.2020922E-02 -0.1664948E-02  0.3604377E-07  0.3271976E+01
   04  0.5907653E+01  0.2014749E-02 -0.1654760E-02  0.3358279E-07  0.3271970E+01
   04  0.5913008E+01  0.2008655E-02 -0.1645078E-02  0.3116059E-07  0.3271964E+01
   04  0.5918363E+01  0.2002624E-02 -0.1635777E-02  0.2877129E-07  0.3271958E+01
   04  0.5923718E+01  0.1996642E-02 -0.1626764E-02  0.2641148E-07  0.3271952E+01
   04  0.5930075E+01  0.1989560E-02 -0.1612385E-02  0.2362202E-07  0.3271945E+01
   04  0.5936432E+01  0.1982533E-02 -0.1599191E-02  0.2089410E-07  0.3271938E+01
   04  0.5942789E+01  0.1975570E-02 -0.1586984E-02  0.1823284E-07  0.3271931E+01
   04  0.5949146E+01  0.1968662E-02 -0.1575533E-02  0.1563416E-07  0.3271924E+01
   04  0.5955502E+01  0.1961791E-02 -0.1564642E-02  0.1309341E-07  0.3271917E+01
   04  0.5961859E+01  0.1954943E-02 -0.1554159E-02  0.1061163E-07  0.3271910E+01
   04  0.5968216E+01  0.1948108E-02 -0.1543976E-02  0.8197308E-08  0.3271903E+01
   04  0.5974573E+01  0.1941279E-02 -0.1534018E-02  0.5860171E-08  0.3271896E+01
   04  0.5980930E+01  0.1934456E-02 -0.1524236E-02  0.3609895E-08  0.3271889E+01
   04  0.5987286E+01  0.1927639E-02 -0.1514596E-02  0.1455885E-08  0.3271883E+01
   04  0.5993643E+01  0.1920832E-02 -0.1505081E-02 -0.5928694E-09  0.3271876E+01
   04  0.6000000E+01  0.1914040E-02 -0.1495677E-02 -0.2528174E-08  0.3271869E+01
   04  0.6007140E+01  0.1906409E-02 -0.1481928E-02 -0.4538399E-08  0.3271861E+01
   04  0.6014281E+01  0.1898825E-02 -0.1469210E-02 -0.6391941E-08  0.3271854E+01
   04  0.6021421E+01  0.1891316E-02 -0.1457356E-02 -0.8072676E-08  0.3271846E+01
   04  0.6028561E+01  0.1883885E-02 -0.1446169E-02 -0.9574749E-08  0.3271839E+01
   04  0.6035701E+01  0.1876525E-02 -0.1435484E-02 -0.1090075E-07  0.3271832E+01
   04  0.6042842E+01  0.1869231E-02 -0.1425180E-02 -0.1206130E-07  0.3271824E+01
   04  0.6049982E+01  0.1862001E-02 -0.1415174E-02 -0.1307533E-07  0.3271817E+01
   04  0.6057122E+01  0.1854838E-02 -0.1405411E-02 -0.1396635E-07  0.3271810E+01
   04  0.6064263E+01  0.1847748E-02 -0.1395880E-02 -0.1475288E-07  0.3271803E+01
   04  0.6071403E+01  0.1840736E-02 -0.1386536E-02 -0.1545265E-07  0.3271796E+01
   04  0.6078543E+01  0.1833811E-02 -0.1377401E-02 -0.1608732E-07  0.3271789E+01
   04  0.6085683E+01  0.1826977E-02 -0.1368458E-02 -0.1667731E-07  0.3271782E+01
   04  0.6092824E+01  0.1820242E-02 -0.1359694E-02 -0.1723961E-07  0.3271775E+01
   04  0.6099964E+01  0.1813611E-02 -0.1351111E-02 -0.1778947E-07  0.3271769E+01
   04  0.6107104E+01  0.1807091E-02 -0.1342711E-02 -0.1834084E-07  0.3271762E+01
   04  0.6114244E+01  0.1800687E-02 -0.1334496E-02 -0.1890633E-07  0.3271756E+01
   04  0.6121385E+01  0.1794404E-02 -0.1326468E-02 -0.1949718E-07  0.3271749E+01
   04  0.6128525E+01  0.1788246E-02 -0.1318627E-02 -0.2012318E-07  0.3271743E+01
   04  0.6135665E+01  0.1782216E-02 -0.1310974E-02 -0.2079277E-07  0.3271737E+01
   04  0.6142805E+01  0.1776316E-02 -0.1303510E-02 -0.2151700E-07  0.3271731E+01
   04  0.6149946E+01  0.1770540E-02 -0.1296225E-02 -0.2281220E-07  0.3271726E+01
   04  0.6157086E+01  0.1764893E-02 -0.1289121E-02 -0.2443405E-07  0.3271720E+01
   04  0.6164226E+01  0.1759375E-02 -0.1282199E-02 -0.2621657E-07  0.3271714E+01
   04  0.6171366E+01  0.1753991E-02 -0.1275459E-02 -0.2801569E-07  0.3271709E+01
   04  0.6178506E+01  0.1748742E-02 -0.1268902E-02 -0.2962719E-07  0.3271704E+01
   04  0.6185646E+01  0.1743629E-02 -0.1262526E-02 -0.3104814E-07  0.3271699E+01
   04  0.6192787E+01  0.1738648E-02 -0.1256326E-02 -0.3230655E-07  0.3271694E+01
   04  0.6199927E+01  0.1733799E-02 -0.1250299E-02 -0.3343390E-07  0.3271689E+01
   04  0.6207067E+01  0.1729077E-02 -0.1244440E-02 -0.3446445E-07  0.3271684E+01
   04  0.6214207E+01  0.1724487E-02 -0.1238740E-02 -0.3434820E-07  0.3271679E+01
   04  0.6221347E+01  0.1720030E-02 -0.1233213E-02 -0.3288989E-07  0.3271675E+01
   04  0.6228487E+01  0.1715696E-02 -0.1227846E-02 -0.3073187E-07  0.3271671E+01
   04  0.6235627E+01  0.1711476E-02 -0.1222628E-02 -0.2848585E-07  0.3271666E+01
   04  0.6242768E+01  0.1707358E-02 -0.1217544E-02 -0.2691585E-07  0.3271662E+01
   04  0.6249908E+01  0.1703334E-02 -0.1212580E-02 -0.2618015E-07  0.3271658E+01
   04  0.6257048E+01  0.1699398E-02 -0.1207730E-02 -0.2624228E-07  0.3271654E+01
   04  0.6263405E+01  0.1695975E-02 -0.1206323E-02 -0.2654573E-07  0.3271651E+01
   04  0.6269762E+01  0.1692600E-02 -0.1204266E-02 -0.2747520E-07  0.3271648E+01
   04  0.6276119E+01  0.1689267E-02 -0.1201708E-02 -0.2826046E-07  0.3271644E+01
   04  0.6282476E+01  0.1685980E-02 -0.1198802E-02 -0.2865868E-07  0.3271641E+01
   04  0.6288834E+01  0.1682752E-02 -0.1195660E-02 -0.3008959E-07  0.3271638E+01
   04  0.6295191E+01  0.1679582E-02 -0.1192376E-02 -0.3324169E-07  0.3271635E+01
   04  0.6301548E+01  0.1676469E-02 -0.1189006E-02 -0.3779446E-07  0.3271631E+01
   04  0.6307905E+01  0.1673405E-02 -0.1185585E-02 -0.4324938E-07  0.3271628E+01
   04  0.6314262E+01  0.1670380E-02 -0.1182134E-02 -0.4906657E-07  0.3271625E+01
   04  0.6320619E+01  0.1667389E-02 -0.1178665E-02 -0.5495651E-07  0.3271622E+01
   04  0.6326976E+01  0.1664428E-02 -0.1175188E-02 -0.5999418E-07  0.3271619E+01
   04  0.6333333E+01  0.1661499E-02 -0.1171719E-02 -0.6396120E-07  0.3271616E+01
   04  0.6340473E+01  0.1658219E-02 -0.1164732E-02 -0.6751613E-07  0.3271613E+01
   04  0.6347613E+01  0.1654968E-02 -0.1158648E-02 -0.7090706E-07  0.3271610E+01
   04  0.6354753E+01  0.1651770E-02 -0.1153263E-02 -0.7585770E-07  0.3271607E+01
   04  0.6361893E+01  0.1648617E-02 -0.1148387E-02 -0.8220571E-07  0.3271604E+01
   04  0.6369033E+01  0.1645486E-02 -0.1143858E-02 -0.8926476E-07  0.3271600E+01
   04  0.6376173E+01  0.1642361E-02 -0.1139555E-02 -0.9567319E-07  0.3271597E+01
   04  0.6383313E+01  0.1642922E-02 -0.1139635E-02 -0.9751573E-07  0.3271598E+01
   04  0.6390453E+01  0.1642890E-02 -0.1139155E-02 -0.9634511E-07  0.3271598E+01
   04  0.6397593E+01  0.1642126E-02 -0.1137708E-02 -0.9472824E-07  0.3271597E+01
   04  0.6404733E+01  0.1639835E-02 -0.1134790E-02 -0.9382938E-07  0.3271595E+01
   04  0.6411873E+01  0.1636708E-02 -0.1131101E-02 -0.9386013E-07  0.3271592E+01
   04  0.6419013E+01  0.1633408E-02 -0.1127103E-02 -0.9469296E-07  0.3271588E+01
   04  0.6426153E+01  0.1629996E-02 -0.1122912E-02 -0.9589360E-07  0.3271585E+01
   04  0.6433293E+01  0.1626503E-02 -0.1118620E-02 -0.9768238E-07  0.3271582E+01
   04  0.6440432E+01  0.1622967E-02 -0.1114296E-02 -0.9993599E-07  0.3271578E+01
   04  0.6447572E+01  0.1619418E-02 -0.1110002E-02 -0.1024683E-06  0.3271574E+01
   04  0.6454712E+01  0.1615863E-02 -0.1105759E-02 -0.1052366E-06  0.3271571E+01
   04  0.6461852E+01  0.1615389E-02 -0.1105263E-02 -0.1052191E-06  0.3271570E+01
   04  0.6468992E+01  0.1614495E-02 -0.1104237E-02 -0.1040269E-06  0.3271569E+01
   04  0.6476132E+01  0.1612935E-02 -0.1102227E-02 -0.1031056E-06  0.3271568E+01
   04  0.6483272E+01  0.1609759E-02 -0.1098766E-02 -0.1035554E-06  0.3271565E+01
   04  0.6490411E+01  0.1610479E-02 -0.1099574E-02 -0.1095719E-06  0.3271565E+01
   04  0.6497551E+01  0.1610132E-02 -0.1099003E-02 -0.1177412E-06  0.3271565E+01
   04  0.6504691E+01  0.1608834E-02 -0.1097095E-02 -0.1274792E-06  0.3271564E+01
   04  0.6511831E+01  0.1606007E-02 -0.1093509E-02 -0.1364811E-06  0.3271561E+01
   04  0.6518971E+01  0.1604725E-02 -0.1092211E-02 -0.1413744E-06  0.3271560E+01
   04  0.6526110E+01  0.1602711E-02 -0.1089892E-02 -0.1435024E-06  0.3271558E+01
   04  0.6533250E+01  0.1599620E-02 -0.1086100E-02 -0.1445646E-06  0.3271555E+01
   04  0.6540390E+01  0.1595265E-02 -0.1081018E-02 -0.1460151E-06  0.3271550E+01
   04  0.6547530E+01  0.1590625E-02 -0.1075480E-02 -0.1469573E-06  0.3271546E+01
   04  0.6554669E+01  0.1585786E-02 -0.1069676E-02 -0.1475484E-06  0.3271541E+01
   04  0.6561809E+01  0.1580824E-02 -0.1063747E-02 -0.1486568E-06  0.3271536E+01
   04  0.6568949E+01  0.1579006E-02 -0.1061539E-02 -0.1538991E-06  0.3271534E+01
   04  0.6576089E+01  0.1579119E-02 -0.1061877E-02 -0.1587433E-06  0.3271534E+01
   04  0.6583229E+01  0.1578056E-02 -0.1060523E-02 -0.1620715E-06  0.3271533E+01
   04  0.6590368E+01  0.1574019E-02 -0.1056159E-02 -0.1640117E-06  0.3271529E+01
   04  0.6596727E+01  0.1569772E-02 -0.1054015E-02 -0.1659119E-06  0.3271525E+01
   04  0.6603085E+01  0.1565239E-02 -0.1050668E-02 -0.1673668E-06  0.3271520E+01
   04  0.6609443E+01  0.1560499E-02 -0.1046475E-02 -0.1689346E-06  0.3271515E+01
   04  0.6615801E+01  0.1555626E-02 -0.1041724E-02 -0.1700764E-06  0.3271511E+01
   04  0.6622159E+01  0.1552741E-02 -0.1039283E-02 -0.1684241E-06  0.3271508E+01
   04  0.6628517E+01  0.1551835E-02 -0.1039134E-02 -0.1672694E-06  0.3271507E+01
   04  0.6634876E+01  0.1549770E-02 -0.1037246E-02 -0.1674023E-06  0.3271505E+01
   04  0.6641234E+01  0.1546489E-02 -0.1033687E-02 -0.1682337E-06  0.3271501E+01
   04  0.6647592E+01  0.1541956E-02 -0.1028766E-02 -0.1687560E-06  0.3271497E+01
   04  0.6653950E+01  0.1537162E-02 -0.1023329E-02 -0.1690685E-06  0.3271492E+01
   04  0.6660308E+01  0.1534267E-02 -0.1020249E-02 -0.1671615E-06  0.3271489E+01
   04  0.6666667E+01  0.1530927E-02 -0.1016492E-02 -0.1638006E-06  0.3271486E+01
   04  0.6673806E+01  0.1525989E-02 -0.1007862E-02 -0.1596074E-06  0.3271481E+01
   04  0.6680945E+01  0.1523105E-02 -0.1002813E-02 -0.1576105E-06  0.3271478E+01
   04  0.6688085E+01  0.1519556E-02 -0.9973571E-03 -0.1579364E-06  0.3271475E+01
   04  0.6695224E+01  0.1514741E-02 -0.9907932E-03 -0.1589802E-06  0.3271470E+01
   04  0.6702364E+01  0.1511638E-02 -0.9868174E-03 -0.1577562E-06  0.3271467E+01
   04  0.6709503E+01  0.1507838E-02 -0.9820407E-03 -0.1550209E-06  0.3271463E+01
   04  0.6716642E+01  0.1502715E-02 -0.9758820E-03 -0.1519370E-06  0.3271458E+01
   04  0.6723782E+01  0.1497332E-02 -0.9694138E-03 -0.1492875E-06  0.3271452E+01
   04  0.6730921E+01  0.1494344E-02 -0.9660131E-03 -0.1496069E-06  0.3271449E+01
   04  0.6738060E+01  0.1490736E-02 -0.9618117E-03 -0.1515482E-06  0.3271446E+01
   04  0.6745200E+01  0.1488084E-02 -0.9590259E-03 -0.1504614E-06  0.3271443E+01
   04  0.6752339E+01  0.1484626E-02 -0.9551701E-03 -0.1475489E-06  0.3271440E+01
   04  0.6759479E+01  0.1479885E-02 -0.9498277E-03 -0.1453960E-06  0.3271435E+01
   04  0.6766618E+01  0.1474856E-02 -0.9440228E-03 -0.1436751E-06  0.3271430E+01
   04  0.6773757E+01  0.1472237E-02 -0.9411972E-03 -0.1439045E-06  0.3271427E+01
   04  0.6780897E+01  0.1471321E-02 -0.9404142E-03 -0.1428925E-06  0.3271426E+01
   04  0.6788036E+01  0.1468430E-02 -0.9373061E-03 -0.1404212E-06  0.3271423E+01
   04  0.6795176E+01  0.1464068E-02 -0.9324424E-03 -0.1388693E-06  0.3271419E+01
   04  0.6802315E+01  0.1459341E-02 -0.9269835E-03 -0.1372021E-06  0.3271414E+01
   04  0.6809454E+01  0.1454379E-02 -0.9211819E-03 -0.1354450E-06  0.3271409E+01
   04  0.6816593E+01  0.1451738E-02 -0.9183025E-03 -0.1361560E-06  0.3271407E+01
   04  0.6823733E+01  0.1450635E-02 -0.9173252E-03 -0.1361743E-06  0.3271406E+01
   04  0.6830872E+01  0.1447857E-02 -0.9143881E-03 -0.1349261E-06  0.3271403E+01
   04  0.6838011E+01  0.1443808E-02 -0.9099513E-03 -0.1341047E-06  0.3271399E+01
   04  0.6845151E+01  0.1439407E-02 -0.9049350E-03 -0.1333994E-06  0.3271394E+01
   04  0.6852290E+01  0.1434807E-02 -0.8996128E-03 -0.1303145E-06  0.3271390E+01
   04  0.6859429E+01  0.1434820E-02 -0.8999636E-03 -0.1257103E-06  0.3271390E+01
   04  0.6866569E+01  0.1433745E-02 -0.8989001E-03 -0.1220579E-06  0.3271389E+01
   04  0.6873708E+01  0.1430270E-02 -0.8952189E-03 -0.1195900E-06  0.3271385E+01
   04  0.6880847E+01  0.1426354E-02 -0.8908046E-03 -0.1177734E-06  0.3271381E+01
   04  0.6887986E+01  0.1422148E-02 -0.8859393E-03 -0.1156110E-06  0.3271377E+01
   04  0.6895126E+01  0.1420099E-02 -0.8836711E-03 -0.1116530E-06  0.3271375E+01
   04  0.6902265E+01  0.1419683E-02 -0.8834178E-03 -0.1098274E-06  0.3271375E+01
   04  0.6909404E+01  0.1417605E-02 -0.8812647E-03 -0.1102690E-06  0.3271373E+01
   04  0.6916544E+01  0.1414155E-02 -0.8775157E-03 -0.1103163E-06  0.3271369E+01
   04  0.6923683E+01  0.1410329E-02 -0.8731682E-03 -0.1106915E-06  0.3271365E+01
   04  0.6930043E+01  0.1408738E-02 -0.8739909E-03 -0.1116378E-06  0.3271364E+01
   04  0.6936402E+01  0.1408602E-02 -0.8758584E-03 -0.1143383E-06  0.3271364E+01
   04  0.6942762E+01  0.1407048E-02 -0.8755989E-03 -0.1174287E-06  0.3271362E+01
   04  0.6949122E+01  0.1404140E-02 -0.8733784E-03 -0.1236458E-06  0.3271359E+01
   04  0.6955482E+01  0.1400861E-02 -0.8703127E-03 -0.1304319E-06  0.3271356E+01
   04  0.6961841E+01  0.1399168E-02 -0.8689571E-03 -0.1369089E-06  0.3271354E+01
   04  0.6968201E+01  0.1396955E-02 -0.8667805E-03 -0.1413508E-06  0.3271352E+01
   04  0.6974561E+01  0.1395896E-02 -0.8658706E-03 -0.1133673E-06  0.3271351E+01
   04  0.6980921E+01  0.1394010E-02 -0.8640399E-03 -0.1184981E-06  0.3271349E+01
   04  0.6987280E+01  0.1390985E-02 -0.8608709E-03 -0.1243844E-06  0.3271346E+01
   04  0.6993640E+01  0.1389452E-02 -0.8594144E-03 -0.1294530E-06  0.3271344E+01
   04  0.7000000E+01  0.1387693E-02 -0.8573573E-03 -0.1016699E-06  0.3271343E+01
   04  0.7007139E+01  0.1386403E-02 -0.8534763E-03 -0.1102722E-06  0.3271341E+01
   04  0.7014278E+01  0.1384267E-02 -0.8493188E-03 -0.1217550E-06  0.3271339E+01
   04  0.7021416E+01  0.1380719E-02 -0.8441526E-03 -0.1336197E-06  0.3271336E+01
   04  0.7028555E+01  0.1378903E-02 -0.8413964E-03 -0.1437425E-06  0.3271334E+01
   04  0.7035694E+01  0.1376294E-02 -0.8378833E-03 -0.1522990E-06  0.3271331E+01
   04  0.7042833E+01  0.1374884E-02 -0.8361804E-03 -0.1626280E-06  0.3271330E+01
   04  0.7049971E+01  0.1372627E-02 -0.8334711E-03 -0.1708910E-06  0.3271328E+01
   04  0.7057110E+01  0.1370898E-02 -0.8318118E-03 -0.2175800E-06  0.3271326E+01
   04  0.7064249E+01  0.1368441E-02 -0.8288399E-03 -0.2256940E-06  0.3271323E+01
   04  0.7071388E+01  0.1364274E-02 -0.8242788E-03 -0.2757595E-06  0.3271319E+01
   04  0.7078527E+01  0.1362052E-02 -0.8220203E-03 -0.3163743E-06  0.3271317E+01
   04  0.7085665E+01  0.1361252E-02 -0.8213936E-03 -0.3467283E-06  0.3271316E+01
   04  0.7092804E+01  0.1358939E-02 -0.8187459E-03 -0.3301817E-06  0.3271314E+01
   04  0.7099943E+01  0.1355309E-02 -0.8146719E-03 -0.3149017E-06  0.3271310E+01
   04  0.7107082E+01  0.1351292E-02 -0.8100710E-03 -0.2988502E-06  0.3271306E+01
   04  0.7114220E+01  0.1349272E-02 -0.8078984E-03 -0.2814857E-06  0.3271304E+01
   04  0.7121359E+01  0.1348414E-02 -0.8071759E-03 -0.2628487E-06  0.3271303E+01
   04  0.7128498E+01  0.1346367E-02 -0.8048869E-03 -0.2081540E-06  0.3271301E+01
   04  0.7135637E+01  0.1343322E-02 -0.8014684E-03 -0.1559755E-06  0.3271298E+01
   04  0.7142775E+01  0.1339514E-02 -0.7973132E-03 -0.1456365E-06  0.3271295E+01
   04  0.7149914E+01  0.1339569E-02 -0.7977747E-03 -0.1439581E-06  0.3271295E+01
   04  0.7157052E+01  0.1338240E-02 -0.7965453E-03 -0.1475419E-06  0.3271293E+01
   04  0.7164191E+01  0.1334903E-02 -0.7931800E-03 -0.1536292E-06  0.3271290E+01
   04  0.7171329E+01  0.1331052E-02 -0.7890366E-03 -0.1603435E-06  0.3271286E+01
   04  0.7178468E+01  0.1328547E-02 -0.7866434E-03 -0.1967082E-06  0.3271284E+01
   04  0.7185606E+01  0.1327741E-02 -0.7858671E-03 -0.2040036E-06  0.3271283E+01
   04  0.7192745E+01  0.1325410E-02 -0.7834524E-03 -0.2106414E-06  0.3271280E+01
   04  0.7199883E+01  0.1321446E-02 -0.7794555E-03 -0.2532922E-06  0.3271276E+01
   04  0.7207022E+01  0.1319886E-02 -0.7775188E-03 -0.2095480E-06  0.3271275E+01
   04  0.7214160E+01  0.1319876E-02 -0.7774299E-03 -0.1685828E-06  0.3271275E+01
   04  0.7221299E+01  0.1318149E-02 -0.7755419E-03 -0.1335299E-06  0.3271273E+01
   04  0.7228438E+01  0.1314904E-02 -0.7720120E-03 -0.9775710E-07  0.3271270E+01
   04  0.7235576E+01  0.1312743E-02 -0.7699781E-03 -0.9843211E-07  0.3271268E+01
   04  0.7242715E+01  0.1309607E-02 -0.7667133E-03 -0.9960196E-07  0.3271265E+01
   04  0.7249853E+01  0.1307521E-02 -0.7648493E-03 -0.1042115E-06  0.3271263E+01
   04  0.7256992E+01  0.1304554E-02 -0.7618369E-03 -0.1094092E-06  0.3271260E+01
   04  0.7263354E+01  0.1302608E-02 -0.7624873E-03 -0.1116694E-06  0.3271258E+01
   04  0.7269715E+01  0.1299924E-02 -0.7614531E-03 -0.1140431E-06  0.3271255E+01
   04  0.7276077E+01  0.1298267E-02 -0.7611944E-03 -0.1183828E-06  0.3271253E+01
   04  0.7282439E+01  0.1295856E-02 -0.7595887E-03 -0.1224236E-06  0.3271251E+01
   04  0.7288801E+01  0.1292311E-02 -0.7564601E-03 -0.1921465E-06  0.3271247E+01
   04  0.7295163E+01  0.1290101E-02 -0.7542607E-03 -0.1648479E-06  0.3271245E+01
   04  0.7301524E+01  0.1288344E-02 -0.7530174E-03 -0.2045299E-06  0.3271243E+01
   04  0.7307886E+01  0.1287218E-02 -0.7522048E-03 -0.2018173E-06  0.3271242E+01
   04  0.7314248E+01  0.1285093E-02 -0.7498721E-03 -0.1685076E-06  0.3271240E+01
   04  0.7320610E+01  0.1282278E-02 -0.7466749E-03 -0.1715943E-06  0.3271237E+01
   04  0.7326972E+01  0.1278423E-02 -0.7427590E-03 -0.1737828E-06  0.3271233E+01
   04  0.7333333E+01  0.1277333E-02 -0.7421781E-03 -0.1735161E-06  0.3271232E+01
   04  0.7340470E+01  0.1274689E-02 -0.7372021E-03 -0.1718953E-06  0.3271230E+01
   04  0.7347607E+01  0.1270308E-02 -0.7312624E-03 -0.1309534E-06  0.3271225E+01
   04  0.7354744E+01  0.1264940E-02 -0.7247671E-03 -0.1186932E-06  0.3271220E+01
   04  0.7361881E+01  0.1261131E-02 -0.7201279E-03 -0.1476765E-06  0.3271216E+01
   04  0.7369018E+01  0.1257913E-02 -0.7169061E-03 -0.2078437E-06  0.3271213E+01
   04  0.7376155E+01  0.1254636E-02 -0.7129236E-03 -0.1934491E-06  0.3271210E+01
   04  0.7383292E+01  0.1249995E-02 -0.7079902E-03 -0.1552865E-06  0.3271205E+01
   04  0.7390429E+01  0.1246715E-02 -0.7046448E-03 -0.1815784E-06  0.3271202E+01
   04  0.7397566E+01  0.1245410E-02 -0.7030140E-03 -0.1443667E-06  0.3271200E+01
   04  0.7404702E+01  0.1242598E-02 -0.7002207E-03 -0.1506736E-06  0.3271198E+01
   04  0.7411839E+01  0.1238719E-02 -0.6962751E-03 -0.1530974E-06  0.3271194E+01
   04  0.7418976E+01  0.1236209E-02 -0.6938137E-03 -0.1558216E-06  0.3271191E+01
   04  0.7426113E+01  0.1235320E-02 -0.6929649E-03 -0.1275438E-06  0.3271190E+01
   04  0.7433250E+01  0.1232753E-02 -0.6905630E-03 -0.1383451E-06  0.3271188E+01
   04  0.7440387E+01  0.1230568E-02 -0.6887942E-03 -0.1876462E-06  0.3271186E+01
   04  0.7447524E+01  0.1227728E-02 -0.6855521E-03 -0.1666527E-06  0.3271183E+01
   04  0.7454661E+01  0.1225812E-02 -0.6837901E-03 -0.2500158E-06  0.3271181E+01
   04  0.7461798E+01  0.1223275E-02 -0.6809742E-03 -0.2895203E-06  0.3271178E+01
   04  0.7468934E+01  0.1221747E-02 -0.6792327E-03 -0.2751212E-06  0.3271177E+01
   04  0.7476070E+01  0.1218615E-02 -0.6761100E-03 -0.2248088E-06  0.3271174E+01
   04  0.7483206E+01  0.1216998E-02 -0.6746170E-03 -0.1075528E-06  0.3271172E+01
   04  0.7490341E+01  0.1214327E-02 -0.6718582E-03 -0.7605309E-07  0.3271169E+01
   04  0.7497477E+01  0.1211342E-02 -0.6694459E-03 -0.1198821E-06  0.3271166E+01
   04  0.7504613E+01  0.1207565E-02 -0.6657445E-03 -0.1286574E-06  0.3271163E+01
   04  0.7511749E+01  0.1204522E-02 -0.6633437E-03 -0.1324044E-06  0.3271160E+01
   04  0.7518885E+01  0.1200943E-02 -0.6598538E-03 -0.1702923E-06  0.3271156E+01
   04  0.7526021E+01  0.1198368E-02 -0.6572825E-03 -0.1769145E-06  0.3271153E+01
   04  0.7533157E+01  0.1194726E-02 -0.6536828E-03 -0.1852154E-06  0.3271150E+01
   04  0.7540293E+01  0.1193000E-02 -0.6519580E-03 -0.2274122E-06  0.3271148E+01
   04  0.7547429E+01  0.1190467E-02 -0.6493272E-03 -0.1911552E-06  0.3271145E+01
   04  0.7554565E+01  0.1189036E-02 -0.6477999E-03 -0.1943215E-06  0.3271144E+01
   04  0.7561701E+01  0.1178833E-02 -0.6278437E-03 -0.1911785E-06  0.3271134E+01
   04  0.7568837E+01  0.1170441E-02 -0.6238809E-03 -0.2001974E-06  0.3271125E+01
   04  0.7575973E+01  0.1162093E-02 -0.6199850E-03 -0.2206203E-06  0.3271117E+01
   04  0.7583108E+01  0.1156716E-02 -0.6162241E-03 -0.3038700E-06  0.3271112E+01
   04  0.7590244E+01  0.1151654E-02 -0.6120612E-03 -0.3067780E-06  0.3271107E+01
   04  0.7596613E+01  0.1149208E-02 -0.6128438E-03 -0.3075153E-06  0.3271104E+01
   04  0.7602981E+01  0.1148387E-02 -0.6141390E-03 -0.2279546E-06  0.3271103E+01
   04  0.7609350E+01  0.1146099E-02 -0.6136691E-03 -0.1567106E-06  0.3271101E+01
   04  0.7615718E+01  0.1145362E-02 -0.6142070E-03 -0.9570663E-07  0.3271100E+01
   04  0.7622087E+01  0.1144240E-02 -0.6134902E-03 -0.4332117E-07  0.3271099E+01
   04  0.7628456E+01  0.1143869E-02 -0.6136325E-03 -0.6736467E-07  0.3271099E+01
   04  0.7634824E+01  0.1142010E-02 -0.6121524E-03 -0.1213172E-06  0.3271097E+01
   04  0.7641193E+01  0.1139270E-02 -0.6098055E-03 -0.1666454E-06  0.3271094E+01
   04  0.7647561E+01  0.1138243E-02 -0.6087517E-03 -0.2094535E-06  0.3271093E+01
   04  0.7653930E+01  0.1138232E-02 -0.6088209E-03 -0.2066368E-06  0.3271093E+01
   04  0.7660298E+01  0.1136662E-02 -0.6074985E-03 -0.1658468E-06  0.3271092E+01
   04  0.7666667E+01  0.1134555E-02 -0.6053747E-03 -0.1629068E-06  0.3271090E+01
   04  0.7673798E+01  0.1133036E-02 -0.6017072E-03 -0.1230535E-06  0.3271088E+01
   04  0.7680929E+01  0.1131872E-02 -0.5995403E-03 -0.1589512E-06  0.3271087E+01
   04  0.7688060E+01  0.1130692E-02 -0.5966220E-03 -0.1270640E-06  0.3271086E+01
   04  0.7695191E+01  0.1128830E-02 -0.5936656E-03 -0.9535363E-07  0.3271084E+01
   04  0.7702322E+01  0.1128736E-02 -0.5927353E-03 -0.2865252E-07  0.3271084E+01
   04  0.7709453E+01  0.1129548E-02 -0.5930390E-03  0.2318150E-07  0.3271085E+01
   04  0.7716583E+01  0.1126946E-02 -0.5911140E-03 -0.1872269E-08  0.3271082E+01
   04  0.7723714E+01  0.1117275E-02 -0.5713738E-03 -0.2217011E-07  0.3271072E+01
   04  0.7730845E+01  0.1109838E-02 -0.5683592E-03 -0.5429493E-07  0.3271065E+01
   04  0.7737976E+01  0.1096651E-02 -0.5482711E-03 -0.3883902E-07  0.3271052E+01
   04  0.7745107E+01  0.1087216E-02 -0.5437762E-03 -0.1679304E-07  0.3271042E+01
   04  0.7752238E+01  0.1078619E-02 -0.5402706E-03  0.4225743E-07  0.3271034E+01
   04  0.7759369E+01  0.1075298E-02 -0.5399814E-03  0.1008905E-06  0.3271030E+01
   04  0.7766500E+01  0.1072599E-02 -0.5389800E-03  0.1101928E-06  0.3271028E+01
   04  0.7773631E+01  0.1069426E-02 -0.5377852E-03  0.8315946E-07  0.3271024E+01
   04  0.7780762E+01  0.1067511E-02 -0.5366387E-03  0.6045454E-07  0.3271023E+01
   04  0.7787893E+01  0.1068949E-02 -0.5379052E-03  0.7885325E-07  0.3271024E+01
   04  0.7795024E+01  0.1072246E-02 -0.5408609E-03  0.5847018E-07  0.3271027E+01
   04  0.7802153E+01  0.1073109E-02 -0.5420278E-03  0.3729622E-07  0.3271028E+01
   04  0.7809283E+01  0.1075054E-02 -0.5443845E-03 -0.1285696E-07  0.3271030E+01
   04  0.7816412E+01  0.1076048E-02 -0.5454211E-03 -0.8360490E-07  0.3271031E+01
   04  0.7823541E+01  0.1077058E-02 -0.5469211E-03 -0.1425349E-06  0.3271032E+01
   04  0.7830670E+01  0.1068854E-02 -0.5296496E-03 -0.1190639E-06  0.3271024E+01
   04  0.7837799E+01  0.1061707E-02 -0.5270115E-03 -0.9814768E-07  0.3271017E+01
   04  0.7844928E+01  0.1058481E-02 -0.5268798E-03 -0.5955453E-07  0.3271013E+01
   04  0.7852058E+01  0.1057841E-02 -0.5269618E-03 -0.9757466E-07  0.3271013E+01
   04  0.7859187E+01  0.1057081E-02 -0.5270482E-03 -0.1316716E-06  0.3271012E+01
   04  0.7866316E+01  0.1055738E-02 -0.5267868E-03 -0.8645865E-07  0.3271011E+01
   04  0.7873445E+01  0.1055762E-02 -0.5279422E-03 -0.1204801E-06  0.3271011E+01
   04  0.7880574E+01  0.1055249E-02 -0.5277696E-03 -0.2203207E-06  0.3271010E+01
   04  0.7887703E+01  0.1056708E-02 -0.5290780E-03 -0.1914508E-06  0.3271012E+01
   04  0.7894833E+01  0.1057372E-02 -0.5293989E-03 -0.2016484E-06  0.3271012E+01
   04  0.7901962E+01  0.1059626E-02 -0.5310653E-03 -0.1430685E-06  0.3271015E+01
   04  0.7909091E+01  0.1054849E-02 -0.5159825E-03 -0.1241947E-06  0.3271010E+01
   04  0.7916220E+01  0.1040882E-02 -0.4975815E-03 -0.1054535E-06  0.3270996E+01
   04  0.7923349E+01  0.1030185E-02 -0.3880810E-03 -0.2034342E-06  0.3270985E+01
   04  0.7929737E+01  0.1025500E-02 -0.3680505E-03 -0.3297987E-06  0.3270981E+01
   04  0.7936124E+01  0.1021181E-02 -0.2915238E-03 -0.3842231E-06  0.3270976E+01
   04  0.7942512E+01  0.1025404E-02 -0.3136120E-03 -0.4974997E-06  0.3270980E+01
   04  0.7948900E+01  0.1032355E-02 -0.3499684E-03 -0.5225411E-06  0.3270987E+01
   04  0.7955287E+01  0.1036300E-02 -0.3931467E-03 -0.4007330E-06  0.3270991E+01
   04  0.7961675E+01  0.1039900E-02 -0.4271243E-03 -0.3018940E-06  0.3270995E+01
   04  0.7968062E+01  0.1042599E-02 -0.4557672E-03 -0.1897608E-06  0.3270998E+01
   04  0.7974450E+01  0.1039639E-02 -0.4639967E-03 -0.9918983E-07  0.3270995E+01
   04  0.7980837E+01  0.1037805E-02 -0.4807261E-03 -0.3479432E-07  0.3270993E+01
   04  0.7987225E+01  0.1034445E-02 -0.4908800E-03  0.1250890E-07  0.3270989E+01
   04  0.7993612E+01  0.1033764E-02 -0.4956114E-03  0.7847592E-07  0.3270989E+01
