# gauge_id=   109 location=(  0.6576163776E+02  0.6576163776E+02 ) num_var=  4
# level, time, q[  1  2  3], eta, aux[]
   01  0.0000000E+00  0.0000000E+00  0.0000000E+00  0.0000000E+00  0.7150000E+01
   01  0.1600000E-01  0.0000000E+00  0.0000000E+00  0.0000000E+00  0.7150000E+01
   01  0.1329653E+00  0.0000000E+00  0.0000000E+00  0.0000000E+00  0.7150000E+01
   01  0.2476540E+00  0.0000000E+00  0.0000000E+00  0.0000000E+00  0.7150000E+01
   01  0.3333333E+00  0.0000000E+00  0.0000000E+00  0.0000000E+00  0.7150000E+01
   01  0.4522257E+00  0.0000000E+00  0.0000000E+00  0.0000000E+00  0.7150000E+01
   01  0.5724150E+00  0.0000000E+00  0.0000000E+00  0.0000000E+00  0.7150000E+01
   01  0.6666667E+00  0.0000000E+00  0.0000000E+00  0.0000000E+00  0.7150000E+01
   01  0.7903854E+00  0.0000000E+00  0.0000000E+00  0.0000000E+00  0.7150000E+01
   01  0.9158532E+00  0.0000000E+00  0.0000000E+00  0.0000000E+00  0.7150000E+01
   01  0.1000000E+01  0.0000000E+00  0.0000000E+00  0.0000000E+00  0.7150000E+01
   01  0.1128722E+01  0.0000000E+00  0.0000000E+00  0.0000000E+00  0.7150000E+01
   01  0.1257366E+01  0.0000000E+00  0.0000000E+00  0.0000000E+00  0.7150000E+01
   01  0.1333333E+01  0.0000000E+00  0.0000000E+00  0.0000000E+00  0.7150000E+01
   01  0.1461954E+01  0.0000000E+00  0.0000000E+00  0.0000000E+00  0.7150000E+01
   01  0.1590570E+01  0.0000000E+00  0.0000000E+00  0.0000000E+00  0.7150000E+01
   01  0.1666667E+01  0.0000000E+00  0.0000000E+00  0.0000000E+00  0.7150000E+01
   01  0.1795194E+01  0.0000000E+00  0.0000000E+00  0.0000000E+00  0.7150000E+01
   02  0.1923729E+01  0.0000000E+00  0.0000000E+00  0.0000000E+00  0.4510000E+01
   02  0.1961864E+01  0.0000000E+00  0.0000000E+00  0.0000000E+00  0.4510000E+01
   02  0.2000000E+01  0.0000000E+00  0.0000000E+00  0.0000000E+00  0.4510000E+01
   02  0.2042869E+01  0.0000000E+00  0.0000000E+00  0.0000000E+00  0.4510000E+01
   02  0.2085738E+01  0.0000000E+00  0.0000000E+00  0.0000000E+00  0.4510000E+01
   02  0.2128607E+01  0.0000000E+00  0.0000000E+00  0.0000000E+00  0.4510000E+01
   02  0.2171468E+01  0.0000000E+00  0.0000000E+00  0.0000000E+00  0.4510000E+01
   02  0.2214329E+01  0.0000000E+00  0.0000000E+00  0.0000000E+00  0.4510000E+01
   02  0.2257190E+01  0.0000000E+00  0.0000000E+00  0.0000000E+00  0.4510000E+01
   02  0.2295261E+01  0.0000000E+00  0.0000000E+00  0.0000000E+00  0.4510000E+01
   02  0.2333333E+01  0.0000000E+00  0.0000000E+00  0.0000000E+00  0.4510000E+01
   02  0.2376168E+01  0.0000000E+00  0.0000000E+00  0.0000000E+00  0.4510000E+01
   02  0.2419002E+01  0.0000000E+00  0.0000000E+00  0.0000000E+00  0.4510000E+01
   02  0.2461836E+01  0.0000000E+00  0.0000000E+00  0.0000000E+00  0.4510000E+01
   02  0.2504676E+01  0.0000000E+00  0.0000000E+00  0.0000000E+00  0.4510000E+01
   02  0.2547516E+01  0.0000000E+00  0.0000000E+00  0.0000000E+00  0.4510000E+01
   02  0.2590356E+01  0.0000000E+00  0.0000000E+00  0.0000000E+00  0.4510000E+01
   02  0.2628511E+01  0.0000000E+00  0.0000000E+00  0.0000000E+00  0.4510000E+01
   02  0.2666667E+01  0.0000000E+00  0.0000000E+00  0.0000000E+00  0.4510000E+01
   02  0.2709527E+01  0.0000000E+00  0.0000000E+00  0.0000000E+00  0.4510000E+01
   02  0.2752387E+01  0.0000000E+00  0.0000000E+00  0.0000000E+00  0.4510000E+01
   02  0.2795247E+01  0.0000000E+00  0.0000000E+00  0.0000000E+00  0.4510000E+01
   02  0.2838101E+01  0.0000000E+00  0.0000000E+00  0.0000000E+00  0.4510000E+01
   02  0.2880955E+01  0.0000000E+00  0.0000000E+00  0.0000000E+00  0.4510000E+01
   02  0.2923808E+01  0.0000000E+00  0.0000000E+00  0.0000000E+00  0.4510000E+01
   02  0.2961904E+01  0.0000000E+00  0.0000000E+00  0.0000000E+00  0.4510000E+01
   02  0.3000000E+01  0.0000000E+00  0.0000000E+00  0.0000000E+00  0.4510000E+01
   02  0.3042839E+01  0.0000000E+00  0.0000000E+00  0.0000000E+00  0.4510000E+01
   02  0.3085678E+01  0.0000000E+00  0.0000000E+00  0.0000000E+00  0.4510000E+01
   02  0.3128516E+01  0.0000000E+00  0.0000000E+00  0.0000000E+00  0.4510000E+01
   03  0.3171360E+01  0.0000000E+00  0.0000000E+00  0.0000000E+00  0.6465000E+01
   03  0.3192782E+01  0.0000000E+00  0.0000000E+00  0.0000000E+00  0.6465000E+01
   03  0.3214204E+01  0.0000000E+00  0.0000000E+00  0.0000000E+00  0.6465000E+01
   03  0.3235626E+01  0.0000000E+00  0.0000000E+00  0.0000000E+00  0.6465000E+01
   03  0.3257048E+01  0.0000000E+00  0.0000000E+00  0.0000000E+00  0.6465000E+01
   03  0.3276119E+01  0.0000000E+00  0.0000000E+00  0.0000000E+00  0.6465000E+01
   03  0.3295190E+01  0.0000000E+00  0.0000000E+00  0.0000000E+00  0.6465000E+01
   03  0.3314262E+01  0.0000000E+00  0.0000000E+00  0.0000000E+00  0.6465000E+01
   03  0.3333333E+01  0.0000000E+00  0.0000000E+00  0.0000000E+00  0.6465000E+01
   03  0.3354761E+01  0.0000000E+00  0.0000000E+00  0.0000000E+00  0.6465000E+01
   03  0.3376188E+01  0.0000000E+00  0.0000000E+00  0.0000000E+00  0.6465000E+01
   03  0.3397615E+01  0.0000000E+00  0.0000000E+00  0.0000000E+00  0.6465000E+01
   03  0.3419043E+01  0.0000000E+00  0.0000000E+00  0.0000000E+00  0.6465000E+01
   03  0.3440470E+01  0.0000000E+00  0.0000000E+00  0.0000000E+00  0.6465000E+01
   03  0.3461897E+01  0.0000000E+00  0.0000000E+00  0.0000000E+00  0.6465000E+01
   03  0.3483322E+01  0.0000000E+00  0.0000000E+00  0.0000000E+00  0.6465000E+01
   03  0.3504748E+01  0.0000000E+00  0.0000000E+00  0.0000000E+00  0.6465000E+01
   03  0.3526173E+01  0.0000000E+00  0.0000000E+00  0.0000000E+00  0.6465000E+01
   03  0.3547598E+01  0.0000000E+00  0.0000000E+00  0.0000000E+00  0.6465000E+01
   03  0.3569023E+01  0.0000000E+00  0.0000000E+00  0.0000000E+00  0.6465000E+01
   03  0.3590448E+01  0.0000000E+00  0.0000000E+00  0.0000000E+00  0.6465000E+01
   03  0.3609503E+01  0.0000000E+00  0.0000000E+00  0.0000000E+00  0.6465000E+01
   03  0.3628557E+01  0.0000000E+00  0.0000000E+00  0.0000000E+00  0.6465000E+01
   04  0.3647612E+01  0.0000000E+00  0.0000000E+00  0.0000000E+00  0.6628750E+01
   04  0.3653964E+01  0.0000000E+00  0.0000000E+00  0.0000000E+00  0.6628750E+01
   04  0.3660315E+01  0.0000000E+00  0.0000000E+00  0.0000000E+00  0.6628750E+01
   04  0.3666667E+01  0.0000000E+00  0.0000000E+00  0.0000000E+00  0.6628750E+01
   04  0.3673807E+01  0.0000000E+00  0.0000000E+00  0.0000000E+00  0.6628750E+01
   04  0.3680947E+01  0.0000000E+00  0.0000000E+00  0.0000000E+00  0.6628750E+01
   04  0.3688088E+01  0.0000000E+00  0.0000000E+00  0.0000000E+00  0.6628750E+01
   04  0.3695228E+01  0.0000000E+00  0.0000000E+00  0.0000000E+00  0.6628750E+01
   04  0.3702368E+01  0.0000000E+00  0.0000000E+00  0.0000000E+00  0.6628750E+01
   04  0.3709508E+01  0.0000000E+00  0.0000000E+00  0.0000000E+00  0.6628750E+01
   04  0.3716649E+01  0.0000000E+00  0.0000000E+00  0.0000000E+00  0.6628750E+01
   04  0.3723789E+01  0.0000000E+00  0.0000000E+00  0.0000000E+00  0.6628750E+01
   04  0.3730929E+01  0.0000000E+00  0.0000000E+00  0.0000000E+00  0.6628750E+01
   04  0.3738070E+01  0.0000000E+00  0.0000000E+00  0.0000000E+00  0.6628750E+01
   04  0.3745210E+01  0.0000000E+00  0.0000000E+00  0.0000000E+00  0.6628750E+01
   04  0.3752350E+01  0.0000000E+00  0.0000000E+00  0.0000000E+00  0.6628750E+01
   04  0.3759491E+01  0.0000000E+00  0.0000000E+00  0.0000000E+00  0.6628750E+01
   04  0.3766631E+01  0.0000000E+00  0.0000000E+00  0.0000000E+00  0.6628750E+01
   04  0.3773771E+01  0.0000000E+00  0.0000000E+00  0.0000000E+00  0.6628750E+01
   04  0.3780912E+01  0.0000000E+00  0.0000000E+00  0.0000000E+00  0.6628750E+01
   04  0.3788052E+01  0.0000000E+00  0.0000000E+00  0.0000000E+00  0.6628750E+01
   04  0.3795192E+01  0.0000000E+00  0.0000000E+00  0.0000000E+00  0.6628750E+01
   04  0.3802333E+01  0.0000000E+00  0.0000000E+00  0.0000000E+00  0.6628750E+01
   04  0.3809474E+01  0.0000000E+00  0.0000000E+00  0.0000000E+00  0.6628750E+01
   04  0.3816614E+01  0.0000000E+00  0.0000000E+00  0.0000000E+00  0.6628750E+01
   04  0.3823755E+01  0.0000000E+00  0.0000000E+00  0.0000000E+00  0.6628750E+01
   04  0.3830896E+01  0.0000000E+00  0.0000000E+00  0.0000000E+00  0.6628750E+01
   04  0.3838037E+01  0.0000000E+00  0.0000000E+00  0.0000000E+00  0.6628750E+01
   04  0.3842797E+01  0.0000000E+00  0.0000000E+00  0.0000000E+00  0.6628750E+01
   04  0.3847558E+01  0.0000000E+00  0.0000000E+00  0.0000000E+00  0.6628750E+01
   04  0.3852318E+01  0.0000000E+00  0.0000000E+00  0.0000000E+00  0.6628750E+01
   04  0.3857079E+01  0.0000000E+00  0.0000000E+00  0.0000000E+00  0.6628750E+01
   04  0.3861839E+01  0.0000000E+00  0.0000000E+00  0.0000000E+00  0.6628750E+01
   04  0.3866600E+01  0.0000000E+00  0.0000000E+00  0.0000000E+00  0.6628750E+01
   04  0.3871360E+01  0.0000000E+00  0.0000000E+00  0.0000000E+00  0.6628750E+01
   04  0.3876121E+01  0.0000000E+00  0.0000000E+00  0.0000000E+00  0.6628750E+01
   04  0.3880882E+01  0.0000000E+00  0.0000000E+00  0.0000000E+00  0.6628750E+01
   04  0.3886237E+01  0.0000000E+00  0.0000000E+00  0.0000000E+00  0.6628750E+01
   04  0.3891593E+01  0.0000000E+00  0.0000000E+00  0.0000000E+00  0.6628750E+01
   04  0.3896948E+01  0.0000000E+00  0.0000000E+00  0.0000000E+00  0.6628750E+01
   04  0.3902304E+01  0.0000000E+00  0.0000000E+00  0.0000000E+00  0.6628750E+01
   04  0.3907659E+01  0.0000000E+00  0.0000000E+00  0.0000000E+00  0.6628750E+01
   04  0.3913015E+01  0.0000000E+00  0.0000000E+00  0.0000000E+00  0.6628750E+01
   04  0.3918371E+01  0.0000000E+00  0.0000000E+00  0.0000000E+00  0.6628750E+01
   04  0.3923726E+01  0.0000000E+00  0.0000000E+00  0.0000000E+00  0.6628750E+01
   04  0.3930082E+01  0.0000000E+00  0.0000000E+00  0.0000000E+00  0.6628750E+01
   04  0.3936438E+01  0.0000000E+00  0.0000000E+00  0.0000000E+00  0.6628750E+01
   04  0.3942795E+01  0.0000000E+00  0.0000000E+00  0.0000000E+00  0.6628750E+01
   04  0.3949151E+01  0.0000000E+00  0.0000000E+00  0.0000000E+00  0.6628750E+01
   04  0.3955507E+01  0.0000000E+00  0.0000000E+00  0.0000000E+00  0.6628750E+01
   04  0.3961863E+01  0.0000000E+00  0.0000000E+00  0.0000000E+00  0.6628750E+01
   04  0.3968219E+01  0.0000000E+00  0.0000000E+00  0.0000000E+00  0.6628750E+01
   04  0.3974575E+01  0.0000000E+00  0.0000000E+00  0.0000000E+00  0.6628750E+01
   04  0.3980932E+01  0.0000000E+00  0.0000000E+00  0.0000000E+00  0.6628750E+01
   04  0.3987288E+01  0.0000000E+00  0.0000000E+00  0.0000000E+00  0.6628750E+01
   04  0.3993644E+01  0.0000000E+00  0.0000000E+00  0.0000000E+00  0.6628750E+01
   04  0.4000000E+01  0.0000000E+00  0.0000000E+00  0.0000000E+00  0.6628750E+01
   04  0.4007142E+01  0.0000000E+00  0.0000000E+00  0.0000000E+00  0.6628750E+01
   04  0.4014284E+01  0.0000000E+00  0.0000000E+00  0.0000000E+00  0.6628750E+01
   04  0.4021426E+01  0.0000000E+00  0.0000000E+00  0.0000000E+00  0.6628750E+01
   04  0.4028568E+01  0.0000000E+00  0.0000000E+00  0.0000000E+00  0.6628750E+01
   04  0.4035710E+01  0.0000000E+00  0.0000000E+00  0.0000000E+00  0.6628750E+01
   04  0.4042852E+01  0.0000000E+00  0.0000000E+00  0.0000000E+00  0.6628750E+01
   04  0.4049994E+01  0.0000000E+00  0.0000000E+00  0.0000000E+00  0.6628750E+01
   04  0.4057136E+01  0.0000000E+00  0.0000000E+00  0.0000000E+00  0.6628750E+01
   04  0.4064278E+01  0.0000000E+00  0.0000000E+00  0.0000000E+00  0.6628750E+01
   04  0.4071420E+01  0.0000000E+00  0.0000000E+00  0.0000000E+00  0.6628750E+01
   04  0.4078562E+01  0.0000000E+00  0.0000000E+00  0.0000000E+00  0.6628750E+01
   04  0.4085704E+01  0.0000000E+00  0.0000000E+00  0.0000000E+00  0.6628750E+01
   04  0.4092846E+01  0.0000000E+00  0.0000000E+00  0.0000000E+00  0.6628750E+01
   04  0.4099988E+01  0.0000000E+00  0.0000000E+00  0.0000000E+00  0.6628750E+01
   04  0.4107130E+01  0.0000000E+00  0.0000000E+00  0.0000000E+00  0.6628750E+01
   04  0.4114272E+01  0.0000000E+00  0.0000000E+00  0.0000000E+00  0.6628750E+01
   04  0.4121414E+01  0.0000000E+00  0.0000000E+00  0.0000000E+00  0.6628750E+01
   04  0.4128556E+01  0.0000000E+00  0.0000000E+00  0.0000000E+00  0.6628750E+01
   04  0.4135697E+01  0.0000000E+00  0.0000000E+00  0.0000000E+00  0.6628750E+01
   04  0.4142839E+01  0.0000000E+00  0.0000000E+00  0.0000000E+00  0.6628750E+01
   04  0.4149980E+01  0.0000000E+00  0.0000000E+00  0.0000000E+00  0.6628750E+01
   04  0.4157121E+01  0.0000000E+00  0.0000000E+00  0.0000000E+00  0.6628750E+01
   04  0.4164263E+01  0.0000000E+00  0.0000000E+00  0.0000000E+00  0.6628750E+01
   04  0.4171404E+01  0.0000000E+00  0.0000000E+00  0.0000000E+00  0.6628750E+01
   04  0.4178546E+01  0.0000000E+00  0.0000000E+00  0.0000000E+00  0.6628750E+01
   04  0.4185687E+01  0.0000000E+00  0.0000000E+00  0.0000000E+00  0.6628750E+01
   04  0.4192828E+01  0.0000000E+00  0.0000000E+00  0.0000000E+00  0.6628750E+01
   04  0.4199970E+01  0.0000000E+00  0.0000000E+00  0.0000000E+00  0.6628750E+01
   04  0.4207111E+01  0.0000000E+00  0.0000000E+00  0.0000000E+00  0.6628750E+01
   04  0.4214252E+01  0.0000000E+00  0.0000000E+00  0.0000000E+00  0.6628750E+01
   04  0.4221394E+01  0.0000000E+00  0.0000000E+00  0.0000000E+00  0.6628750E+01
   04  0.4228535E+01  0.0000000E+00  0.0000000E+00  0.0000000E+00  0.6628750E+01
   04  0.4235677E+01  0.0000000E+00  0.0000000E+00  0.0000000E+00  0.6628750E+01
   04  0.4242818E+01  0.0000000E+00  0.0000000E+00  0.0000000E+00  0.6628750E+01
   04  0.4249959E+01  0.0000000E+00  0.0000000E+00  0.0000000E+00  0.6628750E+01
   04  0.4257101E+01  0.0000000E+00  0.0000000E+00  0.0000000E+00  0.6628750E+01
   04  0.4263453E+01  0.0000000E+00  0.0000000E+00  0.0000000E+00  0.6628750E+01
   04  0.4269806E+01  0.0000000E+00  0.0000000E+00  0.0000000E+00  0.6628750E+01
   04  0.4276159E+01  0.0000000E+00  0.0000000E+00  0.0000000E+00  0.6628750E+01
   04  0.4282512E+01  0.0000000E+00  0.0000000E+00  0.0000000E+00  0.6628750E+01
   04  0.4288864E+01  0.0000000E+00  0.0000000E+00  0.0000000E+00  0.6628750E+01
   04  0.4295217E+01  0.0000000E+00  0.0000000E+00  0.0000000E+00  0.6628750E+01
   04  0.4301570E+01  0.0000000E+00  0.0000000E+00  0.0000000E+00  0.6628750E+01
   04  0.4307922E+01  0.0000000E+00  0.0000000E+00  0.0000000E+00  0.6628750E+01
   04  0.4314275E+01  0.0000000E+00  0.0000000E+00  0.0000000E+00  0.6628750E+01
   04  0.4320628E+01  0.0000000E+00  0.0000000E+00  0.0000000E+00  0.6628750E+01
   04  0.4326981E+01  0.0000000E+00  0.0000000E+00  0.0000000E+00  0.6628750E+01
   04  0.4333333E+01  0.0000000E+00  0.0000000E+00  0.0000000E+00  0.6628750E+01
   04  0.4340474E+01  0.0000000E+00  0.0000000E+00  0.0000000E+00  0.6628750E+01
   04  0.4347614E+01  0.0000000E+00  0.0000000E+00  0.0000000E+00  0.6628750E+01
   04  0.4354755E+01  0.0000000E+00  0.0000000E+00  0.0000000E+00  0.6628750E+01
   04  0.4361895E+01  0.0000000E+00  0.0000000E+00  0.0000000E+00  0.6628750E+01
   04  0.4369036E+01  0.0000000E+00  0.0000000E+00  0.0000000E+00  0.6628750E+01
   04  0.4376176E+01  0.0000000E+00  0.0000000E+00  0.0000000E+00  0.6628750E+01
   04  0.4383317E+01  0.0000000E+00  0.0000000E+00  0.0000000E+00  0.6628750E+01
   04  0.4390457E+01  0.0000000E+00  0.0000000E+00  0.0000000E+00  0.6628750E+01
   04  0.4397598E+01  0.0000000E+00  0.0000000E+00  0.0000000E+00  0.6628750E+01
   04  0.4404738E+01  0.0000000E+00  0.0000000E+00  0.0000000E+00  0.6628750E+01
   04  0.4411879E+01  0.0000000E+00  0.0000000E+00  0.0000000E+00  0.6628750E+01
   04  0.4419019E+01  0.0000000E+00  0.0000000E+00  0.0000000E+00  0.6628750E+01
   04  0.4426160E+01  0.0000000E+00  0.0000000E+00  0.0000000E+00  0.6628750E+01
   04  0.4433300E+01  0.0000000E+00  0.0000000E+00  0.0000000E+00  0.6628750E+01
   04  0.4440441E+01  0.0000000E+00  0.0000000E+00  0.0000000E+00  0.6628750E+01
   04  0.4447581E+01  0.0000000E+00  0.0000000E+00  0.0000000E+00  0.6628750E+01
   04  0.4454722E+01  0.0000000E+00  0.0000000E+00  0.0000000E+00  0.6628750E+01
   04  0.4461862E+01  0.0000000E+00  0.0000000E+00  0.0000000E+00  0.6628750E+01
   04  0.4469003E+01  0.0000000E+00  0.0000000E+00  0.0000000E+00  0.6628750E+01
   04  0.4476144E+01  0.0000000E+00  0.0000000E+00  0.0000000E+00  0.6628750E+01
   04  0.4483285E+01  0.0000000E+00  0.0000000E+00  0.0000000E+00  0.6628750E+01
   04  0.4490426E+01  0.0000000E+00  0.0000000E+00  0.0000000E+00  0.6628750E+01
   04  0.4497567E+01  0.0000000E+00  0.0000000E+00  0.0000000E+00  0.6628750E+01
   04  0.4504708E+01  0.0000000E+00  0.0000000E+00  0.0000000E+00  0.6628750E+01
   04  0.4511849E+01  0.0000000E+00  0.0000000E+00  0.0000000E+00  0.6628750E+01
   04  0.4518990E+01  0.0000000E+00  0.0000000E+00  0.0000000E+00  0.6628750E+01
   04  0.4526131E+01  0.0000000E+00  0.0000000E+00  0.0000000E+00  0.6628750E+01
   04  0.4533272E+01  0.0000000E+00  0.0000000E+00  0.0000000E+00  0.6628750E+01
   04  0.4540413E+01  0.0000000E+00  0.0000000E+00  0.0000000E+00  0.6628750E+01
   04  0.4547554E+01  0.0000000E+00  0.0000000E+00  0.0000000E+00  0.6628750E+01
   04  0.4554695E+01  0.0000000E+00  0.0000000E+00  0.0000000E+00  0.6628750E+01
   04  0.4561836E+01  0.0000000E+00  0.0000000E+00  0.0000000E+00  0.6628750E+01
   04  0.4568977E+01  0.0000000E+00  0.0000000E+00  0.0000000E+00  0.6628750E+01
   04  0.4576118E+01  0.0000000E+00  0.0000000E+00  0.0000000E+00  0.6628750E+01
   04  0.4583259E+01  0.0000000E+00  0.0000000E+00  0.0000000E+00  0.6628750E+01
   04  0.4590400E+01  0.0000000E+00  0.0000000E+00  0.0000000E+00  0.6628750E+01
   04  0.4596755E+01  0.0000000E+00  0.0000000E+00  0.0000000E+00  0.6628750E+01
   04  0.4603111E+01  0.0000000E+00  0.0000000E+00  0.0000000E+00  0.6628750E+01
   04  0.4609466E+01  0.0000000E+00  0.0000000E+00  0.0000000E+00  0.6628750E+01
   04  0.4615822E+01  0.0000000E+00  0.0000000E+00  0.0000000E+00  0.6628750E+01
   04  0.4622178E+01  0.0000000E+00  0.0000000E+00  0.0000000E+00  0.6628750E+01
   04  0.4628533E+01  0.0000000E+00  0.0000000E+00  0.0000000E+00  0.6628750E+01
   04  0.4634889E+01  0.0000000E+00  0.0000000E+00  0.0000000E+00  0.6628750E+01
   04  0.4641244E+01  0.0000000E+00  0.0000000E+00  0.0000000E+00  0.6628750E+01
   04  0.4647600E+01  0.0000000E+00  0.0000000E+00  0.0000000E+00  0.6628750E+01
   04  0.4653955E+01  0.0000000E+00  0.0000000E+00  0.0000000E+00  0.6628750E+01
   04  0.4660311E+01  0.0000000E+00  0.0000000E+00  0.0000000E+00  0.6628750E+01
   04  0.4666667E+01  0.0000000E+00  0.0000000E+00  0.0000000E+00  0.6628750E+01
   04  0.4673808E+01  0.0000000E+00  0.0000000E+00  0.0000000E+00  0.6628750E+01
   04  0.4680950E+01  0.0000000E+00  0.0000000E+00  0.0000000E+00  0.6628750E+01
   04  0.4688091E+01  0.0000000E+00  0.0000000E+00  0.0000000E+00  0.6628750E+01
   04  0.4695232E+01  0.0000000E+00  0.0000000E+00  0.0000000E+00  0.6628750E+01
   04  0.4702374E+01  0.0000000E+00  0.0000000E+00  0.0000000E+00  0.6628750E+01
   04  0.4709515E+01  0.0000000E+00  0.0000000E+00  0.0000000E+00  0.6628750E+01
   04  0.4716657E+01  0.0000000E+00  0.0000000E+00  0.0000000E+00  0.6628750E+01
   04  0.4723798E+01  0.0000000E+00  0.0000000E+00  0.0000000E+00  0.6628750E+01
   04  0.4730940E+01  0.0000000E+00  0.0000000E+00  0.0000000E+00  0.6628750E+01
   04  0.4738081E+01  0.0000000E+00  0.0000000E+00  0.0000000E+00  0.6628750E+01
   04  0.4745223E+01  0.0000000E+00  0.0000000E+00  0.0000000E+00  0.6628750E+01
   04  0.4752364E+01  0.0000000E+00  0.0000000E+00  0.0000000E+00  0.6628750E+01
   04  0.4759505E+01  0.0000000E+00  0.0000000E+00  0.0000000E+00  0.6628750E+01
   04  0.4766647E+01  0.0000000E+00  0.0000000E+00  0.0000000E+00  0.6628750E+01
   04  0.4773788E+01  0.0000000E+00  0.0000000E+00  0.0000000E+00  0.6628750E+01
   04  0.4780930E+01  0.0000000E+00  0.0000000E+00  0.0000000E+00  0.6628750E+01
   04  0.4788071E+01  0.0000000E+00  0.0000000E+00  0.0000000E+00  0.6628750E+01
   04  0.4795213E+01  0.0000000E+00  0.0000000E+00  0.0000000E+00  0.6628750E+01
   04  0.4802354E+01  0.0000000E+00  0.0000000E+00  0.0000000E+00  0.6628750E+01
   04  0.4809495E+01  0.0000000E+00  0.0000000E+00  0.0000000E+00  0.6628750E+01
   04  0.4816636E+01  0.0000000E+00  0.0000000E+00  0.0000000E+00  0.6628750E+01
   04  0.4823776E+01  0.0000000E+00  0.0000000E+00  0.0000000E+00  0.6628750E+01
   04  0.4830917E+01  0.0000000E+00  0.0000000E+00  0.0000000E+00  0.6628750E+01
   04  0.4838058E+01  0.0000000E+00  0.0000000E+00  0.0000000E+00  0.6628750E+01
   04  0.4845199E+01  0.0000000E+00  0.0000000E+00  0.0000000E+00  0.6628750E+01
   04  0.4852340E+01  0.0000000E+00  0.0000000E+00  0.0000000E+00  0.6628750E+01
   04  0.4859481E+01  0.0000000E+00  0.0000000E+00  0.0000000E+00  0.6628750E+01
   04  0.4866622E+01  0.0000000E+00  0.0000000E+00  0.0000000E+00  0.6628750E+01
   04  0.4873763E+01  0.0000000E+00  0.0000000E+00  0.0000000E+00  0.6628750E+01
   04  0.4880904E+01  0.0000000E+00  0.0000000E+00  0.0000000E+00  0.6628750E+01
   04  0.4888045E+01  0.0000000E+00  0.0000000E+00  0.0000000E+00  0.6628750E+01
   04  0.4895186E+01  0.0000000E+00  0.0000000E+00  0.0000000E+00  0.6628750E+01
   04  0.4902327E+01  0.0000000E+00  0.0000000E+00  0.0000000E+00  0.6628750E+01
   04  0.4909468E+01  0.0000000E+00  0.0000000E+00  0.0000000E+00  0.6628750E+01
   04  0.4916609E+01  0.0000000E+00  0.0000000E+00  0.0000000E+00  0.6628750E+01
   04  0.4923750E+01  0.0000000E+00  0.0000000E+00  0.0000000E+00  0.6628750E+01
   04  0.4930104E+01  0.0000000E+00  0.0000000E+00  0.0000000E+00  0.6628750E+01
   04  0.4936458E+01  0.0000000E+00  0.0000000E+00  0.0000000E+00  0.6628750E+01
   04  0.4942812E+01  0.0000000E+00  0.0000000E+00  0.0000000E+00  0.6628750E+01
   04  0.4949167E+01  0.0000000E+00  0.0000000E+00  0.0000000E+00  0.6628750E+01
   04  0.4955521E+01  0.0000000E+00  0.0000000E+00  0.0000000E+00  0.6628750E+01
   04  0.4961875E+01  0.0000000E+00  0.0000000E+00  0.0000000E+00  0.6628750E+01
   04  0.4968229E+01  0.0000000E+00  0.0000000E+00  0.0000000E+00  0.6628750E+01
   04  0.4974583E+01  0.0000000E+00  0.0000000E+00  0.0000000E+00  0.6628750E+01
   04  0.4980937E+01  0.0000000E+00  0.0000000E+00  0.0000000E+00  0.6628750E+01
   04  0.4984115E+01  0.0000000E+00  0.0000000E+00  0.0000000E+00  0.6628750E+01
   04  0.4987292E+01  0.0000000E+00  0.0000000E+00  0.0000000E+00  0.6628750E+01
   04  0.4990469E+01  0.0000000E+00  0.0000000E+00  0.0000000E+00  0.6628750E+01
   04  0.4993646E+01  0.0000000E+00  0.0000000E+00  0.0000000E+00  0.6628750E+01
   04  0.4996823E+01  0.0000000E+00  0.0000000E+00  0.0000000E+00  0.6628750E+01
   04  0.5000000E+01  0.0000000E+00  0.0000000E+00  0.0000000E+00  0.6628750E+01
   04  0.5005356E+01  0.0000000E+00  0.0000000E+00  0.0000000E+00  0.6628750E+01
   04  0.5010711E+01  0.0000000E+00  0.0000000E+00  0.0000000E+00  0.6628750E+01
   04  0.5016067E+01  0.0000000E+00  0.0000000E+00  0.0000000E+00  0.6628750E+01
   04  0.5021422E+01  0.0000000E+00  0.0000000E+00  0.0000000E+00  0.6628750E+01
   04  0.5026778E+01  0.0000000E+00  0.0000000E+00  0.0000000E+00  0.6628750E+01
   04  0.5032133E+01  0.0000000E+00  0.0000000E+00  0.0000000E+00  0.6628750E+01
   04  0.5037489E+01  0.0000000E+00  0.0000000E+00  0.0000000E+00  0.6628750E+01
   04  0.5042844E+01  0.0000000E+00  0.0000000E+00  0.0000000E+00  0.6628750E+01
   04  0.5049985E+01  0.0000000E+00  0.0000000E+00  0.0000000E+00  0.6628750E+01
   04  0.5057125E+01  0.0000000E+00  0.0000000E+00  0.0000000E+00  0.6628750E+01
   04  0.5064266E+01  0.0000000E+00  0.0000000E+00  0.0000000E+00  0.6628750E+01
   04  0.5071407E+01  0.0000000E+00  0.0000000E+00  0.0000000E+00  0.6628750E+01
   04  0.5078547E+01  0.0000000E+00  0.0000000E+00  0.0000000E+00  0.6628750E+01
   04  0.5085688E+01  0.0000000E+00  0.0000000E+00  0.0000000E+00  0.6628750E+01
   04  0.5092829E+01  0.0000000E+00  0.0000000E+00  0.0000000E+00  0.6628750E+01
   04  0.5099969E+01  0.0000000E+00  0.0000000E+00  0.0000000E+00  0.6628750E+01
   04  0.5107110E+01  0.0000000E+00  0.0000000E+00  0.0000000E+00  0.6628750E+01
   04  0.5109490E+01  0.0000000E+00  0.0000000E+00  0.0000000E+00  0.6628750E+01
   04  0.5111871E+01  0.0000000E+00  0.0000000E+00  0.0000000E+00  0.6628750E+01
   04  0.5114251E+01  0.0000000E+00  0.0000000E+00  0.0000000E+00  0.6628750E+01
   04  0.5116631E+01  0.0000000E+00  0.0000000E+00  0.0000000E+00  0.6628750E+01
   04  0.5119011E+01  0.0000000E+00  0.0000000E+00  0.0000000E+00  0.6628750E+01
   04  0.5121392E+01  0.0000000E+00  0.0000000E+00  0.0000000E+00  0.6628750E+01
   04  0.5123772E+01  0.0000000E+00  0.0000000E+00  0.0000000E+00  0.6628750E+01
   04  0.5126152E+01  0.0000000E+00  0.0000000E+00  0.0000000E+00  0.6628750E+01
   04  0.5128532E+01  0.0000000E+00  0.0000000E+00  0.0000000E+00  0.6628750E+01
   04  0.5135673E+01  0.0000000E+00  0.0000000E+00  0.0000000E+00  0.6628750E+01
   04  0.5142814E+01  0.0000000E+00  0.0000000E+00  0.0000000E+00  0.6628750E+01
   04  0.5149955E+01  0.0000000E+00  0.0000000E+00  0.0000000E+00  0.6628750E+01
   04  0.5157096E+01  0.0000000E+00  0.0000000E+00  0.0000000E+00  0.6628750E+01
   04  0.5164237E+01  0.0000000E+00  0.0000000E+00  0.0000000E+00  0.6628750E+01
   04  0.5171378E+01  0.0000000E+00  0.0000000E+00  0.0000000E+00  0.6628750E+01
   04  0.5174948E+01  0.0000000E+00  0.0000000E+00  0.0000000E+00  0.6628750E+01
   04  0.5178519E+01  0.0000000E+00  0.0000000E+00  0.0000000E+00  0.6628750E+01
   04  0.5182089E+01  0.0000000E+00  0.0000000E+00  0.0000000E+00  0.6628750E+01
   04  0.5185660E+01  0.0000000E+00  0.0000000E+00  0.0000000E+00  0.6628750E+01
   04  0.5189230E+01  0.0000000E+00  0.0000000E+00  0.0000000E+00  0.6628750E+01
   04  0.5192800E+01  0.0000000E+00  0.0000000E+00  0.0000000E+00  0.6628750E+01
   04  0.5196371E+01  0.0000000E+00  0.0000000E+00  0.0000000E+00  0.6628750E+01
   04  0.5199941E+01  0.0000000E+00  0.0000000E+00  0.0000000E+00  0.6628750E+01
   04  0.5203512E+01  0.0000000E+00  0.0000000E+00  0.0000000E+00  0.6628750E+01
   04  0.5207082E+01  0.0000000E+00  0.0000000E+00  0.0000000E+00  0.6628750E+01
   04  0.5210653E+01  0.0000000E+00  0.0000000E+00  0.0000000E+00  0.6628750E+01
   04  0.5214223E+01  0.0000000E+00  0.0000000E+00  0.0000000E+00  0.6628750E+01
   04  0.5219579E+01  0.0000000E+00  0.0000000E+00  0.0000000E+00  0.6628750E+01
   04  0.5224935E+01  0.0000000E+00  0.0000000E+00  0.0000000E+00  0.6628750E+01
   04  0.5230290E+01  0.0000000E+00  0.0000000E+00  0.0000000E+00  0.6628750E+01
   04  0.5235646E+01  0.0000000E+00  0.0000000E+00  0.0000000E+00  0.6628750E+01
   04  0.5241002E+01  0.0000000E+00  0.0000000E+00  0.0000000E+00  0.6628750E+01
   04  0.5246357E+01  0.0000000E+00  0.0000000E+00  0.0000000E+00  0.6628750E+01
   04  0.5247696E+01  0.0000000E+00  0.0000000E+00  0.0000000E+00  0.6628750E+01
   04  0.5249035E+01  0.0000000E+00  0.0000000E+00  0.0000000E+00  0.6628750E+01
   04  0.5250374E+01  0.0000000E+00  0.0000000E+00  0.0000000E+00  0.6628750E+01
   04  0.5251713E+01  0.0000000E+00  0.0000000E+00  0.0000000E+00  0.6628750E+01
   04  0.5253052E+01  0.0000000E+00  0.0000000E+00  0.0000000E+00  0.6628750E+01
   04  0.5254391E+01  0.0000000E+00  0.0000000E+00  0.0000000E+00  0.6628750E+01
   04  0.5255730E+01  0.0000000E+00  0.0000000E+00  0.0000000E+00  0.6628750E+01
   04  0.5257069E+01  0.0000000E+00  0.0000000E+00  0.0000000E+00  0.6628750E+01
   04  0.5263424E+01  0.0000000E+00  0.0000000E+00  0.0000000E+00  0.6628750E+01
   04  0.5269779E+01  0.0000000E+00  0.0000000E+00  0.0000000E+00  0.6628750E+01
   04  0.5276135E+01  0.0000000E+00  0.0000000E+00  0.0000000E+00  0.6628750E+01
   04  0.5282490E+01  0.0000000E+00  0.0000000E+00  0.0000000E+00  0.6628750E+01
   04  0.5288846E+01  0.0000000E+00  0.0000000E+00  0.0000000E+00  0.6628750E+01
   04  0.5295201E+01  0.0000000E+00  0.0000000E+00  0.0000000E+00  0.6628750E+01
   04  0.5301556E+01  0.0000000E+00  0.0000000E+00  0.0000000E+00  0.6628750E+01
   04  0.5307912E+01  0.0000000E+00  0.0000000E+00  0.0000000E+00  0.6628750E+01
   04  0.5314267E+01  0.0000000E+00  0.0000000E+00  0.0000000E+00  0.6628750E+01
   04  0.5320623E+01  0.0000000E+00  0.0000000E+00  0.0000000E+00  0.6628750E+01
   04  0.5326978E+01  0.0000000E+00  0.0000000E+00  0.0000000E+00  0.6628750E+01
   04  0.5333333E+01  0.0000000E+00  0.0000000E+00  0.0000000E+00  0.6628750E+01
   04  0.5340474E+01  0.0000000E+00  0.0000000E+00  0.0000000E+00  0.6628750E+01
   04  0.5347615E+01  0.0000000E+00  0.0000000E+00  0.0000000E+00  0.6628750E+01
   04  0.5354756E+01  0.0000000E+00  0.0000000E+00  0.0000000E+00  0.6628750E+01
   04  0.5361897E+01  0.0000000E+00  0.0000000E+00  0.0000000E+00  0.6628750E+01
   04  0.5369038E+01  0.0000000E+00  0.0000000E+00  0.0000000E+00  0.6628750E+01
   04  0.5376179E+01  0.0000000E+00  0.0000000E+00  0.0000000E+00  0.6628750E+01
   04  0.5383320E+01  0.0000000E+00  0.0000000E+00  0.0000000E+00  0.6628750E+01
   04  0.5390460E+01  0.0000000E+00  0.0000000E+00  0.0000000E+00  0.6628750E+01
   04  0.5397601E+01  0.0000000E+00  0.0000000E+00  0.0000000E+00  0.6628750E+01
   04  0.5404742E+01  0.0000000E+00  0.0000000E+00  0.0000000E+00  0.6628750E+01
   04  0.5411883E+01  0.0000000E+00  0.0000000E+00  0.0000000E+00  0.6628750E+01
   04  0.5419024E+01  0.0000000E+00  0.0000000E+00  0.0000000E+00  0.6628750E+01
   04  0.5426165E+01  0.0000000E+00  0.0000000E+00  0.0000000E+00  0.6628750E+01
   04  0.5433306E+01  0.0000000E+00  0.0000000E+00  0.0000000E+00  0.6628750E+01
   04  0.5440447E+01  0.0000000E+00  0.0000000E+00  0.0000000E+00  0.6628750E+01
   04  0.5447588E+01  0.0000000E+00  0.0000000E+00  0.0000000E+00  0.6628750E+01
   04  0.5454728E+01  0.0000000E+00  0.0000000E+00  0.0000000E+00  0.6628750E+01
   04  0.5461869E+01  0.0000000E+00  0.0000000E+00  0.0000000E+00  0.6628750E+01
   04  0.5469010E+01  0.0000000E+00  0.0000000E+00  0.0000000E+00  0.6628750E+01
   04  0.5476151E+01  0.0000000E+00  0.0000000E+00  0.0000000E+00  0.6628750E+01
   04  0.5483291E+01  0.0000000E+00  0.0000000E+00  0.0000000E+00  0.6628750E+01
   04  0.5490432E+01  0.0000000E+00  0.0000000E+00  0.0000000E+00  0.6628750E+01
   04  0.5497573E+01  0.0000000E+00  0.0000000E+00  0.0000000E+00  0.6628750E+01
   04  0.5504713E+01  0.0000000E+00  0.0000000E+00  0.0000000E+00  0.6628750E+01
   04  0.5511854E+01  0.0000000E+00  0.0000000E+00  0.0000000E+00  0.6628750E+01
   04  0.5518995E+01  0.0000000E+00  0.0000000E+00  0.0000000E+00  0.6628750E+01
   04  0.5526135E+01  0.0000000E+00  0.0000000E+00  0.0000000E+00  0.6628750E+01
   04  0.5531491E+01  0.0000000E+00  0.0000000E+00  0.0000000E+00  0.6628750E+01
   04  0.5536846E+01  0.0000000E+00  0.0000000E+00  0.0000000E+00  0.6628750E+01
   04  0.5542202E+01  0.0000000E+00  0.0000000E+00  0.0000000E+00  0.6628750E+01
   04  0.5547557E+01  0.0000000E+00  0.0000000E+00  0.0000000E+00  0.6628750E+01
   04  0.5552913E+01  0.0000000E+00  0.0000000E+00  0.0000000E+00  0.6628750E+01
   04  0.5558268E+01  0.0000000E+00  0.0000000E+00  0.0000000E+00  0.6628750E+01
   04  0.5563624E+01  0.0000000E+00  0.0000000E+00  0.0000000E+00  0.6628750E+01
   04  0.5568979E+01  0.0000000E+00  0.0000000E+00  0.0000000E+00  0.6628750E+01
   04  0.5574334E+01  0.0000000E+00  0.0000000E+00  0.0000000E+00  0.6628750E+01
   04  0.5579690E+01  0.0000000E+00  0.0000000E+00  0.0000000E+00  0.6628750E+01
   04  0.5585045E+01  0.0000000E+00  0.0000000E+00  0.0000000E+00  0.6628750E+01
   04  0.5590401E+01  0.0000000E+00  0.0000000E+00  0.0000000E+00  0.6628750E+01
   04  0.5596756E+01  0.0000000E+00  0.0000000E+00  0.0000000E+00  0.6628750E+01
   04  0.5603112E+01  0.0000000E+00  0.0000000E+00  0.0000000E+00  0.6628750E+01
   04  0.5609467E+01  0.0000000E+00  0.0000000E+00  0.0000000E+00  0.6628750E+01
   04  0.5615823E+01  0.0000000E+00  0.0000000E+00  0.0000000E+00  0.6628750E+01
   04  0.5622178E+01  0.0000000E+00  0.0000000E+00  0.0000000E+00  0.6628750E+01
   04  0.5628534E+01  0.0000000E+00  0.0000000E+00  0.0000000E+00  0.6628750E+01
   04  0.5634889E+01  0.0000000E+00  0.0000000E+00  0.0000000E+00  0.6628750E+01
   04  0.5641245E+01  0.0000000E+00  0.0000000E+00  0.0000000E+00  0.6628750E+01
   04  0.5647600E+01  0.0000000E+00  0.0000000E+00  0.0000000E+00  0.6628750E+01
   04  0.5653956E+01  0.0000000E+00  0.0000000E+00  0.0000000E+00  0.6628750E+01
   04  0.5660311E+01  0.0000000E+00  0.0000000E+00  0.0000000E+00  0.6628750E+01
   04  0.5666667E+01  0.0000000E+00  0.0000000E+00  0.0000000E+00  0.6628750E+01
   04  0.5673807E+01  0.0000000E+00  0.0000000E+00  0.0000000E+00  0.6628750E+01
   04  0.5680947E+01  0.0000000E+00  0.0000000E+00  0.0000000E+00  0.6628750E+01
   04  0.5688088E+01  0.0000000E+00  0.0000000E+00  0.0000000E+00  0.6628750E+01
   04  0.5695228E+01  0.0000000E+00  0.0000000E+00  0.0000000E+00  0.6628750E+01
   04  0.5702368E+01  0.0000000E+00  0.0000000E+00  0.0000000E+00  0.6628750E+01
   04  0.5709508E+01  0.0000000E+00  0.0000000E+00  0.0000000E+00  0.6628750E+01
   04  0.5716649E+01  0.0000000E+00  0.0000000E+00  0.0000000E+00  0.6628750E+01
   04  0.5723789E+01  0.0000000E+00  0.0000000E+00  0.0000000E+00  0.6628750E+01
   04  0.5730929E+01  0.0000000E+00  0.0000000E+00  0.0000000E+00  0.6628750E+01
   04  0.5738070E+01  0.0000000E+00  0.0000000E+00  0.0000000E+00  0.6628750E+01
   04  0.5745210E+01  0.0000000E+00  0.0000000E+00  0.0000000E+00  0.6628750E+01
   04  0.5752350E+01  0.0000000E+00  0.0000000E+00  0.0000000E+00  0.6628750E+01
   04  0.5759491E+01  0.0000000E+00  0.0000000E+00  0.0000000E+00  0.6628750E+01
   04  0.5766631E+01  0.0000000E+00  0.0000000E+00  0.0000000E+00  0.6628750E+01
   04  0.5773771E+01  0.0000000E+00  0.0000000E+00  0.0000000E+00  0.6628750E+01
   04  0.5780911E+01  0.0000000E+00  0.0000000E+00  0.0000000E+00  0.6628750E+01
   04  0.5788052E+01  0.0000000E+00  0.0000000E+00  0.0000000E+00  0.6628750E+01
   04  0.5795192E+01  0.0000000E+00  0.0000000E+00  0.0000000E+00  0.6628750E+01
   04  0.5799476E+01  0.0000000E+00  0.0000000E+00  0.0000000E+00  0.6628750E+01
   04  0.5803761E+01  0.0000000E+00  0.0000000E+00  0.0000000E+00  0.6628750E+01
   04  0.5808045E+01  0.0000000E+00  0.0000000E+00  0.0000000E+00  0.6628750E+01
   04  0.5812329E+01  0.0000000E+00  0.0000000E+00  0.0000000E+00  0.6628750E+01
   04  0.5816613E+01  0.0000000E+00  0.0000000E+00  0.0000000E+00  0.6628750E+01
   04  0.5820183E+01  0.0000000E+00  0.0000000E+00  0.0000000E+00  0.6628750E+01
   04  0.5823753E+01  0.0000000E+00  0.0000000E+00  0.0000000E+00  0.6628750E+01
   04  0.5827324E+01  0.0000000E+00  0.0000000E+00  0.0000000E+00  0.6628750E+01
   04  0.5832679E+01  0.0000000E+00  0.0000000E+00  0.0000000E+00  0.6628750E+01
   04  0.5838034E+01  0.0000000E+00  0.0000000E+00  0.0000000E+00  0.6628750E+01
   04  0.5842318E+01  0.0000000E+00  0.0000000E+00  0.0000000E+00  0.6628750E+01
   04  0.5846603E+01  0.0000000E+00  0.0000000E+00  0.0000000E+00  0.6628750E+01
   04  0.5850887E+01  0.0000000E+00  0.0000000E+00  0.0000000E+00  0.6628750E+01
   04  0.5855171E+01  0.0000000E+00  0.0000000E+00  0.0000000E+00  0.6628750E+01
   04  0.5859455E+01  0.0000000E+00  0.0000000E+00  0.0000000E+00  0.6628750E+01
   04  0.5863025E+01  0.0000000E+00  0.0000000E+00  0.0000000E+00  0.6628750E+01
   04  0.5866596E+01  0.0000000E+00  0.0000000E+00  0.0000000E+00  0.6628750E+01
   04  0.5870166E+01  0.0000000E+00  0.0000000E+00  0.0000000E+00  0.6628750E+01
   04  0.5873736E+01  0.0000000E+00  0.0000000E+00  0.0000000E+00  0.6628750E+01
   04  0.5877306E+01  0.0000000E+00  0.0000000E+00  0.0000000E+00  0.6628750E+01
   04  0.5880876E+01  0.0000000E+00  0.0000000E+00  0.0000000E+00  0.6628750E+01
   04  0.5886231E+01  0.0000000E+00  0.0000000E+00  0.0000000E+00  0.6628750E+01
   04  0.5891587E+01  0.0000000E+00  0.0000000E+00  0.0000000E+00  0.6628750E+01
   04  0.5896942E+01  0.0000000E+00  0.0000000E+00  0.0000000E+00  0.6628750E+01
   04  0.5902297E+01  0.0000000E+00  0.0000000E+00  0.0000000E+00  0.6628750E+01
   04  0.5907653E+01  0.0000000E+00  0.0000000E+00  0.0000000E+00  0.6628750E+01
   04  0.5913008E+01  0.0000000E+00  0.0000000E+00  0.0000000E+00  0.6628750E+01
   04  0.5918363E+01  0.0000000E+00  0.0000000E+00  0.0000000E+00  0.6628750E+01
   04  0.5923718E+01  0.0000000E+00  0.0000000E+00  0.0000000E+00  0.6628750E+01
   04  0.5930075E+01  0.0000000E+00  0.0000000E+00  0.0000000E+00  0.6628750E+01
   04  0.5936432E+01  0.0000000E+00  0.0000000E+00  0.0000000E+00  0.6628750E+01
   04  0.5942789E+01  0.0000000E+00  0.0000000E+00  0.0000000E+00  0.6628750E+01
   04  0.5949146E+01  0.0000000E+00  0.0000000E+00  0.0000000E+00  0.6628750E+01
   04  0.5955502E+01  0.0000000E+00  0.0000000E+00  0.0000000E+00  0.6628750E+01
   04  0.5961859E+01  0.0000000E+00  0.0000000E+00  0.0000000E+00  0.6628750E+01
   04  0.5968216E+01  0.0000000E+00  0.0000000E+00  0.0000000E+00  0.6628750E+01
   04  0.5974573E+01  0.0000000E+00  0.0000000E+00  0.0000000E+00  0.6628750E+01
   04  0.5980930E+01  0.0000000E+00  0.0000000E+00  0.0000000E+00  0.6628750E+01
   04  0.5987286E+01  0.0000000E+00  0.0000000E+00  0.0000000E+00  0.6628750E+01
   04  0.5993643E+01  0.0000000E+00  0.0000000E+00  0.0000000E+00  0.6628750E+01
   04  0.6000000E+01  0.0000000E+00  0.0000000E+00  0.0000000E+00  0.6628750E+01
   04  0.6007140E+01  0.0000000E+00  0.0000000E+00  0.0000000E+00  0.6628750E+01
   04  0.6014281E+01  0.0000000E+00  0.0000000E+00  0.0000000E+00  0.6628750E+01
   04  0.6021421E+01  0.0000000E+00  0.0000000E+00  0.0000000E+00  0.6628750E+01
   04  0.6028561E+01  0.0000000E+00  0.0000000E+00  0.0000000E+00  0.6628750E+01
   04  0.6035701E+01  0.0000000E+00  0.0000000E+00  0.0000000E+00  0.6628750E+01
   04  0.6042842E+01  0.0000000E+00  0.0000000E+00  0.0000000E+00  0.6628750E+01
   04  0.6049982E+01  0.0000000E+00  0.0000000E+00  0.0000000E+00  0.6628750E+01
   04  0.6057122E+01  0.0000000E+00  0.0000000E+00  0.0000000E+00  0.6628750E+01
   04  0.6064263E+01  0.0000000E+00  0.0000000E+00  0.0000000E+00  0.6628750E+01
   04  0.6071403E+01  0.0000000E+00  0.0000000E+00  0.0000000E+00  0.6628750E+01
   04  0.6078543E+01  0.0000000E+00  0.0000000E+00  0.0000000E+00  0.6628750E+01
   04  0.6085683E+01  0.0000000E+00  0.0000000E+00  0.0000000E+00  0.6628750E+01
   04  0.6092824E+01  0.0000000E+00  0.0000000E+00  0.0000000E+00  0.6628750E+01
   04  0.6099964E+01  0.0000000E+00  0.0000000E+00  0.0000000E+00  0.6628750E+01
   04  0.6107104E+01  0.0000000E+00  0.0000000E+00  0.0000000E+00  0.6628750E+01
   04  0.6114244E+01  0.0000000E+00  0.0000000E+00  0.0000000E+00  0.6628750E+01
   04  0.6121385E+01  0.0000000E+00  0.0000000E+00  0.0000000E+00  0.6628750E+01
   04  0.6128525E+01  0.0000000E+00  0.0000000E+00  0.0000000E+00  0.6628750E+01
   04  0.6135665E+01  0.0000000E+00  0.0000000E+00  0.0000000E+00  0.6628750E+01
   04  0.6142805E+01  0.0000000E+00  0.0000000E+00  0.0000000E+00  0.6628750E+01
   04  0.6149946E+01  0.0000000E+00  0.0000000E+00  0.0000000E+00  0.6628750E+01
   04  0.6157086E+01  0.0000000E+00  0.0000000E+00  0.0000000E+00  0.6628750E+01
   04  0.6164226E+01  0.0000000E+00  0.0000000E+00  0.0000000E+00  0.6628750E+01
   04  0.6171366E+01  0.0000000E+00  0.0000000E+00  0.0000000E+00  0.6628750E+01
   04  0.6178506E+01  0.0000000E+00  0.0000000E+00  0.0000000E+00  0.6628750E+01
   04  0.6185646E+01  0.0000000E+00  0.0000000E+00  0.0000000E+00  0.6628750E+01
   04  0.6192787E+01  0.0000000E+00  0.0000000E+00  0.0000000E+00  0.6628750E+01
   04  0.6199927E+01  0.0000000E+00  0.0000000E+00  0.0000000E+00  0.6628750E+01
   04  0.6207067E+01  0.0000000E+00  0.0000000E+00  0.0000000E+00  0.6628750E+01
   04  0.6214207E+01  0.0000000E+00  0.0000000E+00  0.0000000E+00  0.6628750E+01
   04  0.6221347E+01  0.0000000E+00  0.0000000E+00  0.0000000E+00  0.6628750E+01
   04  0.6228487E+01  0.0000000E+00  0.0000000E+00  0.0000000E+00  0.6628750E+01
   04  0.6235627E+01  0.0000000E+00  0.0000000E+00  0.0000000E+00  0.6628750E+01
   04  0.6242768E+01  0.0000000E+00  0.0000000E+00  0.0000000E+00  0.6628750E+01
   04  0.6249908E+01  0.0000000E+00  0.0000000E+00  0.0000000E+00  0.6628750E+01
   04  0.6257048E+01  0.0000000E+00  0.0000000E+00  0.0000000E+00  0.6628750E+01
   04  0.6263405E+01  0.0000000E+00  0.0000000E+00  0.0000000E+00  0.6628750E+01
   04  0.6269762E+01  0.0000000E+00  0.0000000E+00  0.0000000E+00  0.6628750E+01
   04  0.6276119E+01  0.0000000E+00  0.0000000E+00  0.0000000E+00  0.6628750E+01
   04  0.6282476E+01  0.0000000E+00  0.0000000E+00  0.0000000E+00  0.6628750E+01
   04  0.6288834E+01  0.0000000E+00  0.0000000E+00  0.0000000E+00  0.6628750E+01
   04  0.6295191E+01  0.0000000E+00  0.0000000E+00  0.0000000E+00  0.6628750E+01
   04  0.6301548E+01  0.0000000E+00  0.0000000E+00  0.0000000E+00  0.6628750E+01
   04  0.6307905E+01  0.0000000E+00  0.0000000E+00  0.0000000E+00  0.6628750E+01
   04  0.6314262E+01  0.0000000E+00  0.0000000E+00  0.0000000E+00  0.6628750E+01
   04  0.6320619E+01  0.0000000E+00  0.0000000E+00  0.0000000E+00  0.6628750E+01
   04  0.6326976E+01  0.0000000E+00  0.0000000E+00  0.0000000E+00  0.6628750E+01
   04  0.6333333E+01  0.0000000E+00  0.0000000E+00  0.0000000E+00  0.6628750E+01
   04  0.6340473E+01  0.0000000E+00  0.0000000E+00  0.0000000E+00  0.6628750E+01
   04  0.6347613E+01  0.0000000E+00  0.0000000E+00  0.0000000E+00  0.6628750E+01
   04  0.6354753E+01  0.0000000E+00  0.0000000E+00  0.0000000E+00  0.6628750E+01
   04  0.6361893E+01  0.0000000E+00  0.0000000E+00  0.0000000E+00  0.6628750E+01
   04  0.6369033E+01  0.0000000E+00  0.0000000E+00  0.0000000E+00  0.6628750E+01
   04  0.6376173E+01  0.0000000E+00  0.0000000E+00  0.0000000E+00  0.6628750E+01
   04  0.6383313E+01  0.0000000E+00  0.0000000E+00  0.0000000E+00  0.6628750E+01
   04  0.6390453E+01  0.0000000E+00  0.0000000E+00  0.0000000E+00  0.6628750E+01
   04  0.6397593E+01  0.0000000E+00  0.0000000E+00  0.0000000E+00  0.6628750E+01
   04  0.6404733E+01  0.0000000E+00  0.0000000E+00  0.0000000E+00  0.6628750E+01
   04  0.6411873E+01  0.0000000E+00  0.0000000E+00  0.0000000E+00  0.6628750E+01
   04  0.6419013E+01  0.0000000E+00  0.0000000E+00  0.0000000E+00  0.6628750E+01
   04  0.6426153E+01  0.0000000E+00  0.0000000E+00  0.0000000E+00  0.6628750E+01
   04  0.6433293E+01  0.0000000E+00  0.0000000E+00  0.0000000E+00  0.6628750E+01
   04  0.6440432E+01  0.0000000E+00  0.0000000E+00  0.0000000E+00  0.6628750E+01
   04  0.6447572E+01  0.0000000E+00  0.0000000E+00  0.0000000E+00  0.6628750E+01
   04  0.6454712E+01  0.0000000E+00  0.0000000E+00  0.0000000E+00  0.6628750E+01
   04  0.6461852E+01  0.0000000E+00  0.0000000E+00  0.0000000E+00  0.6628750E+01
   04  0.6468992E+01  0.0000000E+00  0.0000000E+00  0.0000000E+00  0.6628750E+01
   04  0.6476132E+01  0.0000000E+00  0.0000000E+00  0.0000000E+00  0.6628750E+01
   04  0.6483272E+01  0.0000000E+00  0.0000000E+00  0.0000000E+00  0.6628750E+01
   04  0.6490411E+01  0.0000000E+00  0.0000000E+00  0.0000000E+00  0.6628750E+01
   04  0.6497551E+01  0.0000000E+00  0.0000000E+00  0.0000000E+00  0.6628750E+01
   04  0.6504691E+01  0.0000000E+00  0.0000000E+00  0.0000000E+00  0.6628750E+01
   04  0.6511831E+01  0.0000000E+00  0.0000000E+00  0.0000000E+00  0.6628750E+01
   04  0.6518971E+01  0.0000000E+00  0.0000000E+00  0.0000000E+00  0.6628750E+01
   04  0.6526110E+01  0.0000000E+00  0.0000000E+00  0.0000000E+00  0.6628750E+01
   04  0.6533250E+01  0.0000000E+00  0.0000000E+00  0.0000000E+00  0.6628750E+01
   04  0.6540390E+01  0.0000000E+00  0.0000000E+00  0.0000000E+00  0.6628750E+01
   04  0.6547530E+01  0.0000000E+00  0.0000000E+00  0.0000000E+00  0.6628750E+01
   04  0.6554669E+01  0.0000000E+00  0.0000000E+00  0.0000000E+00  0.6628750E+01
   04  0.6561809E+01  0.0000000E+00  0.0000000E+00  0.0000000E+00  0.6628750E+01
   04  0.6568949E+01  0.0000000E+00  0.0000000E+00  0.0000000E+00  0.6628750E+01
   04  0.6576089E+01  0.0000000E+00  0.0000000E+00  0.0000000E+00  0.6628750E+01
   04  0.6583229E+01  0.0000000E+00  0.0000000E+00  0.0000000E+00  0.6628750E+01
   04  0.6590368E+01  0.0000000E+00  0.0000000E+00  0.0000000E+00  0.6628750E+01
   04  0.6596727E+01  0.0000000E+00  0.0000000E+00  0.0000000E+00  0.6628750E+01
   04  0.6603085E+01  0.0000000E+00  0.0000000E+00  0.0000000E+00  0.6628750E+01
   04  0.6609443E+01  0.0000000E+00  0.0000000E+00  0.0000000E+00  0.6628750E+01
   04  0.6615801E+01  0.0000000E+00  0.0000000E+00  0.0000000E+00  0.6628750E+01
   04  0.6622159E+01  0.0000000E+00  0.0000000E+00  0.0000000E+00  0.6628750E+01
   04  0.6628517E+01  0.0000000E+00  0.0000000E+00  0.0000000E+00  0.6628750E+01
   04  0.6634876E+01  0.0000000E+00  0.0000000E+00  0.0000000E+00  0.6628750E+01
   04  0.6641234E+01  0.0000000E+00  0.0000000E+00  0.0000000E+00  0.6628750E+01
   04  0.6647592E+01  0.0000000E+00  0.0000000E+00  0.0000000E+00  0.6628750E+01
   04  0.6653950E+01  0.0000000E+00  0.0000000E+00  0.0000000E+00  0.6628750E+01
   04  0.6660308E+01  0.0000000E+00  0.0000000E+00  0.0000000E+00  0.6628750E+01
   04  0.6666667E+01  0.0000000E+00  0.0000000E+00  0.0000000E+00  0.6628750E+01
   04  0.6673806E+01  0.0000000E+00  0.0000000E+00  0.0000000E+00  0.6628750E+01
   04  0.6680945E+01  0.0000000E+00  0.0000000E+00  0.0000000E+00  0.6628750E+01
   04  0.6688085E+01  0.0000000E+00  0.0000000E+00  0.0000000E+00  0.6628750E+01
   04  0.6695224E+01  0.0000000E+00  0.0000000E+00  0.0000000E+00  0.6628750E+01
   04  0.6702364E+01  0.0000000E+00  0.0000000E+00  0.0000000E+00  0.6628750E+01
   04  0.6709503E+01  0.0000000E+00  0.0000000E+00  0.0000000E+00  0.6628750E+01
   04  0.6716642E+01  0.0000000E+00  0.0000000E+00  0.0000000E+00  0.6628750E+01
   04  0.6723782E+01  0.0000000E+00  0.0000000E+00  0.0000000E+00  0.6628750E+01
   04  0.6730921E+01  0.0000000E+00  0.0000000E+00  0.0000000E+00  0.6628750E+01
   04  0.6738060E+01  0.0000000E+00  0.0000000E+00  0.0000000E+00  0.6628750E+01
   04  0.6745200E+01  0.0000000E+00  0.0000000E+00  0.0000000E+00  0.6628750E+01
   04  0.6752339E+01  0.0000000E+00  0.0000000E+00  0.0000000E+00  0.6628750E+01
   04  0.6759479E+01  0.0000000E+00  0.0000000E+00  0.0000000E+00  0.6628750E+01
   04  0.6766618E+01  0.0000000E+00  0.0000000E+00  0.0000000E+00  0.6628750E+01
   04  0.6773757E+01  0.0000000E+00  0.0000000E+00  0.0000000E+00  0.6628750E+01
   04  0.6780897E+01  0.0000000E+00  0.0000000E+00  0.0000000E+00  0.6628750E+01
   04  0.6788036E+01  0.0000000E+00  0.0000000E+00  0.0000000E+00  0.6628750E+01
   04  0.6795176E+01  0.0000000E+00  0.0000000E+00  0.0000000E+00  0.6628750E+01
   04  0.6802315E+01  0.0000000E+00  0.0000000E+00  0.0000000E+00  0.6628750E+01
   04  0.6809454E+01  0.0000000E+00  0.0000000E+00  0.0000000E+00  0.6628750E+01
   04  0.6816593E+01  0.0000000E+00  0.0000000E+00  0.0000000E+00  0.6628750E+01
   04  0.6823733E+01  0.0000000E+00  0.0000000E+00  0.0000000E+00  0.6628750E+01
   04  0.6830872E+01  0.0000000E+00  0.0000000E+00  0.0000000E+00  0.6628750E+01
   04  0.6838011E+01  0.0000000E+00  0.0000000E+00  0.0000000E+00  0.6628750E+01
   04  0.6845151E+01  0.0000000E+00  0.0000000E+00  0.0000000E+00  0.6628750E+01
   04  0.6852290E+01  0.0000000E+00  0.0000000E+00  0.0000000E+00  0.6628750E+01
   04  0.6859429E+01  0.0000000E+00  0.0000000E+00  0.0000000E+00  0.6628750E+01
   04  0.6866569E+01  0.0000000E+00  0.0000000E+00  0.0000000E+00  0.6628750E+01
   04  0.6873708E+01  0.0000000E+00  0.0000000E+00  0.0000000E+00  0.6628750E+01
   04  0.6880847E+01  0.0000000E+00  0.0000000E+00  0.0000000E+00  0.6628750E+01
   04  0.6887986E+01  0.0000000E+00  0.0000000E+00  0.0000000E+00  0.6628750E+01
   04  0.6895126E+01  0.0000000E+00  0.0000000E+00  0.0000000E+00  0.6628750E+01
   04  0.6902265E+01  0.0000000E+00  0.0000000E+00  0.0000000E+00  0.6628750E+01
   04  0.6909404E+01  0.0000000E+00  0.0000000E+00  0.0000000E+00  0.6628750E+01
   04  0.6916544E+01  0.0000000E+00  0.0000000E+00  0.0000000E+00  0.6628750E+01
   04  0.6923683E+01  0.0000000E+00  0.0000000E+00  0.0000000E+00  0.6628750E+01
   04  0.6930043E+01  0.0000000E+00  0.0000000E+00  0.0000000E+00  0.6628750E+01
   04  0.6936402E+01  0.0000000E+00  0.0000000E+00  0.0000000E+00  0.6628750E+01
   04  0.6942762E+01  0.0000000E+00  0.0000000E+00  0.0000000E+00  0.6628750E+01
   04  0.6949122E+01  0.0000000E+00  0.0000000E+00  0.0000000E+00  0.6628750E+01
   04  0.6955482E+01  0.0000000E+00  0.0000000E+00  0.0000000E+00  0.6628750E+01
   04  0.6961841E+01  0.0000000E+00  0.0000000E+00  0.0000000E+00  0.6628750E+01
   04  0.6968201E+01  0.0000000E+00  0.0000000E+00  0.0000000E+00  0.6628750E+01
   04  0.6974561E+01  0.0000000E+00  0.0000000E+00  0.0000000E+00  0.6628750E+01
   04  0.6980921E+01  0.0000000E+00  0.0000000E+00  0.0000000E+00  0.6628750E+01
   04  0.6987280E+01  0.0000000E+00  0.0000000E+00  0.0000000E+00  0.6628750E+01
   04  0.6993640E+01  0.0000000E+00  0.0000000E+00  0.0000000E+00  0.6628750E+01
   04  0.7000000E+01  0.0000000E+00  0.0000000E+00  0.0000000E+00  0.6628750E+01
   04  0.7007139E+01  0.0000000E+00  0.0000000E+00  0.0000000E+00  0.6628750E+01
   04  0.7014278E+01  0.0000000E+00  0.0000000E+00  0.0000000E+00  0.6628750E+01
   04  0.7021416E+01  0.0000000E+00  0.0000000E+00  0.0000000E+00  0.6628750E+01
   04  0.7028555E+01  0.0000000E+00  0.0000000E+00  0.0000000E+00  0.6628750E+01
   04  0.7035694E+01  0.0000000E+00  0.0000000E+00  0.0000000E+00  0.6628750E+01
   04  0.7042833E+01  0.0000000E+00  0.0000000E+00  0.0000000E+00  0.6628750E+01
   04  0.7049971E+01  0.0000000E+00  0.0000000E+00  0.0000000E+00  0.6628750E+01
   04  0.7057110E+01  0.0000000E+00  0.0000000E+00  0.0000000E+00  0.6628750E+01
   04  0.7064249E+01  0.0000000E+00  0.0000000E+00  0.0000000E+00  0.6628750E+01
   04  0.7071388E+01  0.0000000E+00  0.0000000E+00  0.0000000E+00  0.6628750E+01
   04  0.7078527E+01  0.0000000E+00  0.0000000E+00  0.0000000E+00  0.6628750E+01
   04  0.7085665E+01  0.0000000E+00  0.0000000E+00  0.0000000E+00  0.6628750E+01
   04  0.7092804E+01  0.0000000E+00  0.0000000E+00  0.0000000E+00  0.6628750E+01
   04  0.7099943E+01  0.0000000E+00  0.0000000E+00  0.0000000E+00  0.6628750E+01
   04  0.7107082E+01  0.0000000E+00  0.0000000E+00  0.0000000E+00  0.6628750E+01
   04  0.7114220E+01  0.0000000E+00  0.0000000E+00  0.0000000E+00  0.6628750E+01
   04  0.7121359E+01  0.0000000E+00  0.0000000E+00  0.0000000E+00  0.6628750E+01
   04  0.7128498E+01  0.0000000E+00  0.0000000E+00  0.0000000E+00  0.6628750E+01
   04  0.7135637E+01  0.0000000E+00  0.0000000E+00  0.0000000E+00  0.6628750E+01
   04  0.7142775E+01  0.0000000E+00  0.0000000E+00  0.0000000E+00  0.6628750E+01
   04  0.7149914E+01  0.0000000E+00  0.0000000E+00  0.0000000E+00  0.6628750E+01
   04  0.7157052E+01  0.0000000E+00  0.0000000E+00  0.0000000E+00  0.6628750E+01
   04  0.7164191E+01  0.0000000E+00  0.0000000E+00  0.0000000E+00  0.6628750E+01
   04  0.7171329E+01  0.0000000E+00  0.0000000E+00  0.0000000E+00  0.6628750E+01
   04  0.7178468E+01  0.0000000E+00  0.0000000E+00  0.0000000E+00  0.6628750E+01
   04  0.7185606E+01  0.0000000E+00  0.0000000E+00  0.0000000E+00  0.6628750E+01
   04  0.7192745E+01  0.0000000E+00  0.0000000E+00  0.0000000E+00  0.6628750E+01
   04  0.7199883E+01  0.0000000E+00  0.0000000E+00  0.0000000E+00  0.6628750E+01
   04  0.7207022E+01  0.0000000E+00  0.0000000E+00  0.0000000E+00  0.6628750E+01
   04  0.7214160E+01  0.0000000E+00  0.0000000E+00  0.0000000E+00  0.6628750E+01
   04  0.7221299E+01  0.0000000E+00  0.0000000E+00  0.0000000E+00  0.6628750E+01
   04  0.7228438E+01  0.0000000E+00  0.0000000E+00  0.0000000E+00  0.6628750E+01
   04  0.7235576E+01  0.0000000E+00  0.0000000E+00  0.0000000E+00  0.6628750E+01
   04  0.7242715E+01  0.0000000E+00  0.0000000E+00  0.0000000E+00  0.6628750E+01
   04  0.7249853E+01  0.0000000E+00  0.0000000E+00  0.0000000E+00  0.6628750E+01
   04  0.7256992E+01  0.0000000E+00  0.0000000E+00  0.0000000E+00  0.6628750E+01
   04  0.7263354E+01  0.0000000E+00  0.0000000E+00  0.0000000E+00  0.6628750E+01
   04  0.7269715E+01  0.0000000E+00  0.0000000E+00  0.0000000E+00  0.6628750E+01
   04  0.7276077E+01  0.0000000E+00  0.0000000E+00  0.0000000E+00  0.6628750E+01
   04  0.7282439E+01  0.0000000E+00  0.0000000E+00  0.0000000E+00  0.6628750E+01
   04  0.7288801E+01  0.0000000E+00  0.0000000E+00  0.0000000E+00  0.6628750E+01
   04  0.7295163E+01  0.0000000E+00  0.0000000E+00  0.0000000E+00  0.6628750E+01
   04  0.7301524E+01  0.0000000E+00  0.0000000E+00  0.0000000E+00  0.6628750E+01
   04  0.7307886E+01  0.0000000E+00  0.0000000E+00  0.0000000E+00  0.6628750E+01
   04  0.7314248E+01  0.0000000E+00  0.0000000E+00  0.0000000E+00  0.6628750E+01
   04  0.7320610E+01  0.0000000E+00  0.0000000E+00  0.0000000E+00  0.6628750E+01
   04  0.7326972E+01  0.0000000E+00  0.0000000E+00  0.0000000E+00  0.6628750E+01
   04  0.7333333E+01  0.0000000E+00  0.0000000E+00  0.0000000E+00  0.6628750E+01
   04  0.7340470E+01  0.0000000E+00  0.0000000E+00  0.0000000E+00  0.6628750E+01
   04  0.7347607E+01  0.0000000E+00  0.0000000E+00  0.0000000E+00  0.6628750E+01
   04  0.7354744E+01  0.0000000E+00  0.0000000E+00  0.0000000E+00  0.6628750E+01
   04  0.7361881E+01  0.0000000E+00  0.0000000E+00  0.0000000E+00  0.6628750E+01
   04  0.7369018E+01  0.0000000E+00  0.0000000E+00  0.0000000E+00  0.6628750E+01
   04  0.7376155E+01  0.0000000E+00  0.0000000E+00  0.0000000E+00  0.6628750E+01
   04  0.7383292E+01  0.0000000E+00  0.0000000E+00  0.0000000E+00  0.6628750E+01
   04  0.7390429E+01  0.0000000E+00  0.0000000E+00  0.0000000E+00  0.6628750E+01
   04  0.7397566E+01  0.0000000E+00  0.0000000E+00  0.0000000E+00  0.6628750E+01
   04  0.7404702E+01  0.0000000E+00  0.0000000E+00  0.0000000E+00  0.6628750E+01
   04  0.7411839E+01  0.0000000E+00  0.0000000E+00  0.0000000E+00  0.6628750E+01
   04  0.7418976E+01  0.0000000E+00  0.0000000E+00  0.0000000E+00  0.6628750E+01
   04  0.7426113E+01  0.0000000E+00  0.0000000E+00  0.0000000E+00  0.6628750E+01
   04  0.7433250E+01  0.0000000E+00  0.0000000E+00  0.0000000E+00  0.6628750E+01
   04  0.7440387E+01  0.0000000E+00  0.0000000E+00  0.0000000E+00  0.6628750E+01
   04  0.7447524E+01  0.0000000E+00  0.0000000E+00  0.0000000E+00  0.6628750E+01
   04  0.7454661E+01  0.0000000E+00  0.0000000E+00  0.0000000E+00  0.6628750E+01
   04  0.7461798E+01  0.0000000E+00  0.0000000E+00  0.0000000E+00  0.6628750E+01
   04  0.7468934E+01  0.0000000E+00  0.0000000E+00  0.0000000E+00  0.6628750E+01
   04  0.7476070E+01  0.0000000E+00  0.0000000E+00  0.0000000E+00  0.6628750E+01
   04  0.7483206E+01  0.0000000E+00  0.0000000E+00  0.0000000E+00  0.6628750E+01
   04  0.7490341E+01  0.0000000E+00  0.0000000E+00  0.0000000E+00  0.6628750E+01
   04  0.7497477E+01  0.0000000E+00  0.0000000E+00  0.0000000E+00  0.6628750E+01
   04  0.7504613E+01  0.0000000E+00  0.0000000E+00  0.0000000E+00  0.6628750E+01
   04  0.7511749E+01  0.0000000E+00  0.0000000E+00  0.0000000E+00  0.6628750E+01
   04  0.7518885E+01  0.0000000E+00  0.0000000E+00  0.0000000E+00  0.6628750E+01
   04  0.7526021E+01  0.0000000E+00  0.0000000E+00  0.0000000E+00  0.6628750E+01
   04  0.7533157E+01  0.0000000E+00  0.0000000E+00  0.0000000E+00  0.6628750E+01
   04  0.7540293E+01  0.0000000E+00  0.0000000E+00  0.0000000E+00  0.6628750E+01
   04  0.7547429E+01  0.0000000E+00  0.0000000E+00  0.0000000E+00  0.6628750E+01
   04  0.7554565E+01  0.0000000E+00  0.0000000E+00  0.0000000E+00  0.6628750E+01
   04  0.7561701E+01  0.0000000E+00  0.0000000E+00  0.0000000E+00  0.6628750E+01
   04  0.7568837E+01  0.0000000E+00  0.0000000E+00  0.0000000E+00  0.6628750E+01
   04  0.7575973E+01  0.0000000E+00  0.0000000E+00  0.0000000E+00  0.6628750E+01
   04  0.7583108E+01  0.0000000E+00  0.0000000E+00  0.0000000E+00  0.6628750E+01
   04  0.7590244E+01  0.0000000E+00  0.0000000E+00  0.0000000E+00  0.6628750E+01
   04  0.7596613E+01  0.0000000E+00  0.0000000E+00  0.0000000E+00  0.6628750E+01
   04  0.7602981E+01  0.0000000E+00  0.0000000E+00  0.0000000E+00  0.6628750E+01
   04  0.7609350E+01  0.0000000E+00  0.0000000E+00  0.0000000E+00  0.6628750E+01
   04  0.7615718E+01  0.0000000E+00  0.0000000E+00  0.0000000E+00  0.6628750E+01
   04  0.7622087E+01  0.0000000E+00  0.0000000E+00  0.0000000E+00  0.6628750E+01
   04  0.7628456E+01  0.0000000E+00  0.0000000E+00  0.0000000E+00  0.6628750E+01
   04  0.7634824E+01  0.0000000E+00  0.0000000E+00  0.0000000E+00  0.6628750E+01
   04  0.7641193E+01  0.0000000E+00  0.0000000E+00  0.0000000E+00  0.6628750E+01
   04  0.7647561E+01  0.0000000E+00  0.0000000E+00  0.0000000E+00  0.6628750E+01
   04  0.7653930E+01  0.0000000E+00  0.0000000E+00  0.0000000E+00  0.6628750E+01
   04  0.7660298E+01  0.0000000E+00  0.0000000E+00  0.0000000E+00  0.6628750E+01
   04  0.7666667E+01  0.0000000E+00  0.0000000E+00  0.0000000E+00  0.6628750E+01
   04  0.7673798E+01  0.0000000E+00  0.0000000E+00  0.0000000E+00  0.6628750E+01
   04  0.7680929E+01  0.0000000E+00  0.0000000E+00  0.0000000E+00  0.6628750E+01
   04  0.7688060E+01  0.0000000E+00  0.0000000E+00  0.0000000E+00  0.6628750E+01
   04  0.7695191E+01  0.0000000E+00  0.0000000E+00  0.0000000E+00  0.6628750E+01
   04  0.7702322E+01  0.0000000E+00  0.0000000E+00  0.0000000E+00  0.6628750E+01
   04  0.7709453E+01  0.0000000E+00  0.0000000E+00  0.0000000E+00  0.6628750E+01
   04  0.7716583E+01  0.0000000E+00  0.0000000E+00  0.0000000E+00  0.6628750E+01
   04  0.7723714E+01  0.0000000E+00  0.0000000E+00  0.0000000E+00  0.6628750E+01
   04  0.7730845E+01  0.0000000E+00  0.0000000E+00  0.0000000E+00  0.6628750E+01
   04  0.7737976E+01  0.0000000E+00  0.0000000E+00  0.0000000E+00  0.6628750E+01
   04  0.7745107E+01  0.0000000E+00  0.0000000E+00  0.0000000E+00  0.6628750E+01
   04  0.7752238E+01  0.0000000E+00  0.0000000E+00  0.0000000E+00  0.6628750E+01
   04  0.7759369E+01  0.0000000E+00  0.0000000E+00  0.0000000E+00  0.6628750E+01
   04  0.7766500E+01  0.0000000E+00  0.0000000E+00  0.0000000E+00  0.6628750E+01
   04  0.7773631E+01  0.0000000E+00  0.0000000E+00  0.0000000E+00  0.6628750E+01
   04  0.7780762E+01  0.0000000E+00  0.0000000E+00  0.0000000E+00  0.6628750E+01
   04  0.7787893E+01  0.0000000E+00  0.0000000E+00  0.0000000E+00  0.6628750E+01
   04  0.7795024E+01  0.0000000E+00  0.0000000E+00  0.0000000E+00  0.6628750E+01
   04  0.7802153E+01  0.0000000E+00  0.0000000E+00  0.0000000E+00  0.6628750E+01
   04  0.7809283E+01  0.0000000E+00  0.0000000E+00  0.0000000E+00  0.6628750E+01
   04  0.7816412E+01  0.0000000E+00  0.0000000E+00  0.0000000E+00  0.6628750E+01
   04  0.7823541E+01  0.0000000E+00  0.0000000E+00  0.0000000E+00  0.6628750E+01
   04  0.7830670E+01  0.0000000E+00  0.0000000E+00  0.0000000E+00  0.6628750E+01
   04  0.7837799E+01  0.0000000E+00  0.0000000E+00  0.0000000E+00  0.6628750E+01
   04  0.7844928E+01  0.0000000E+00  0.0000000E+00  0.0000000E+00  0.6628750E+01
   04  0.7852058E+01  0.0000000E+00  0.0000000E+00  0.0000000E+00  0.6628750E+01
   04  0.7859187E+01  0.0000000E+00  0.0000000E+00  0.0000000E+00  0.6628750E+01
   04  0.7866316E+01  0.0000000E+00  0.0000000E+00  0.0000000E+00  0.6628750E+01
   04  0.7873445E+01  0.0000000E+00  0.0000000E+00  0.0000000E+00  0.6628750E+01
   04  0.7880574E+01  0.0000000E+00  0.0000000E+00  0.0000000E+00  0.6628750E+01
   04  0.7887703E+01  0.0000000E+00  0.0000000E+00  0.0000000E+00  0.6628750E+01
   04  0.7894833E+01  0.0000000E+00  0.0000000E+00  0.0000000E+00  0.6628750E+01
   04  0.7901962E+01  0.0000000E+00  0.0000000E+00  0.0000000E+00  0.6628750E+01
   04  0.7909091E+01  0.0000000E+00  0.0000000E+00  0.0000000E+00  0.6628750E+01
   04  0.7916220E+01  0.0000000E+00  0.0000000E+00  0.0000000E+00  0.6628750E+01
   04  0.7923349E+01  0.0000000E+00  0.0000000E+00  0.0000000E+00  0.6628750E+01
   04  0.7929737E+01  0.0000000E+00  0.0000000E+00  0.0000000E+00  0.6628750E+01
   04  0.7936124E+01  0.0000000E+00  0.0000000E+00  0.0000000E+00  0.6628750E+01
   04  0.7942512E+01  0.0000000E+00  0.0000000E+00  0.0000000E+00  0.6628750E+01
   04  0.7948900E+01  0.0000000E+00  0.0000000E+00  0.0000000E+00  0.6628750E+01
   04  0.7955287E+01  0.0000000E+00  0.0000000E+00  0.0000000E+00  0.6628750E+01
   04  0.7961675E+01  0.0000000E+00  0.0000000E+00  0.0000000E+00  0.6628750E+01
   04  0.7968062E+01  0.0000000E+00  0.0000000E+00  0.0000000E+00  0.6628750E+01
   04  0.7974450E+01  0.0000000E+00  0.0000000E+00  0.0000000E+00  0.6628750E+01
   04  0.7980837E+01  0.0000000E+00  0.0000000E+00  0.0000000E+00  0.6628750E+01
   04  0.7987225E+01  0.0000000E+00  0.0000000E+00  0.0000000E+00  0.6628750E+01
   04  0.7993612E+01  0.0000000E+00  0.0000000E+00  0.0000000E+00  0.6628750E+01
