# gauge_id=   106 location=(  0.6390548246E+02  0.6390548246E+02 ) num_var=  4
# level, time, q[  1  2  3], eta, aux[]
   01  0.0000000E+00  0.3090000E+01  0.0000000E+00  0.0000000E+00  0.0000000E+00
   01  0.1600000E-01  0.3090000E+01 -0.8768201E-19  0.8093380E-18  0.0000000E+00
   01  0.1329653E+00  0.3090000E+01 -0.1629037E-18  0.4647301E-16  0.0000000E+00
   01  0.2476540E+00  0.3090000E+01  0.3081922E-16  0.9619343E-16  0.0000000E+00
   01  0.3333333E+00  0.3090000E+01  0.5592152E-16  0.1175779E-15  0.0000000E+00
   01  0.4522257E+00  0.3090000E+01  0.1195528E-15  0.1745764E-15  0.0000000E+00
   01  0.5724150E+00  0.3090000E+01  0.1904470E-15  0.2471457E-15  0.0000000E+00
   01  0.6666667E+00  0.3090000E+01  0.2266597E-15  0.2929710E-15  0.0000000E+00
   01  0.7903854E+00  0.3090000E+01  0.3195167E-15  0.4032281E-15  0.0000000E+00
   01  0.9158532E+00  0.3090000E+01  0.4143263E-15  0.5172646E-15  0.0000000E+00
   01  0.1000000E+01  0.3090000E+01  0.4411242E-15  0.5690746E-15  0.0000000E+00
   01  0.1128722E+01  0.3090000E+01  0.6120394E-15  0.7846760E-15  0.0000000E+00
   01  0.1257366E+01  0.3090000E+01  0.8007089E-15  0.1010180E-14  0.0000000E+00
   01  0.1333333E+01  0.3090000E+01  0.8482913E-15  0.1084164E-14  0.0000000E+00
   01  0.1461954E+01  0.3090000E+01  0.1086495E-14  0.1371094E-14  0.0000000E+00
   02  0.1590570E+01  0.6100000E+00  0.2593992E-15  0.3269744E-15  0.0000000E+00
   02  0.1628618E+01  0.6100000E+00  0.1898792E-15  0.2633785E-15  0.0000000E+00
   02  0.1666667E+01  0.6100000E+00  0.1363624E-15  0.2175960E-15  0.0000000E+00
   02  0.1709509E+01  0.6100000E+00  0.9261831E-16  0.1844273E-15  0.0000000E+00
   02  0.1752352E+01  0.6100000E+00  0.6489646E-16  0.1687061E-15  0.0000000E+00
   02  0.1795194E+01  0.6100000E+00  0.5121144E-16  0.1585927E-15  0.0000000E+00
   02  0.1838039E+01  0.6100000E+00  0.4994730E-16  0.1511535E-15  0.0000000E+00
   02  0.1880884E+01  0.6100000E+00  0.5239746E-16  0.1462086E-15  0.0000000E+00
   02  0.1923729E+01  0.6100000E+00  0.5760324E-16  0.1435465E-15  0.0000000E+00
   02  0.1961864E+01  0.6100000E+00  0.6329520E-16  0.1422630E-15  0.0000000E+00
   02  0.2000000E+01  0.6100000E+00  0.6949132E-16  0.1430039E-15  0.0000000E+00
   02  0.2042869E+01  0.6100000E+00  0.7804518E-16  0.1358078E-15  0.0000000E+00
   02  0.2085738E+01  0.6100000E+00  0.7750933E-16  0.1300369E-15  0.0000000E+00
   02  0.2128607E+01  0.6100000E+00  0.1369868E-15  0.1893314E-15  0.0000000E+00
   02  0.2171468E+01  0.6100000E+00  0.3336115E-15  0.2771597E-15  0.0000000E+00
   02  0.2214329E+01  0.6100000E+00  0.1028566E-14  0.1055526E-14  0.4440892E-15
   02  0.2257190E+01  0.6100000E+00  0.1703160E-14  0.1811417E-14  0.8881784E-15
   02  0.2295261E+01  0.6100000E+00  0.1685604E-14  0.1775983E-14  0.1110223E-14
   02  0.2333333E+01  0.6100000E+00  0.4354352E-15  0.5114722E-15  0.8881784E-15
   02  0.2376168E+01  0.6100000E+00 -0.1361660E-14 -0.1284608E-14  0.2220446E-15
   02  0.2419002E+01  0.6100000E+00 -0.3553527E-14 -0.3464528E-14 -0.6661338E-15
   02  0.2461836E+01  0.6100000E+00 -0.2166981E-13 -0.2136399E-13 -0.8881784E-14
   02  0.2504676E+01  0.6100000E+00 -0.5800753E-13 -0.5759591E-13 -0.2531308E-13
   02  0.2547516E+01  0.6100000E+00 -0.1632165E-12 -0.1628497E-12 -0.6417089E-13
   02  0.2590356E+01  0.6100000E+00  0.4132330E-12  0.4136107E-12  0.1160183E-12
   02  0.2628511E+01  0.6100000E+00  0.1442602E-11  0.1443064E-11  0.5196954E-12
   02  0.2666667E+01  0.6100000E+00  0.1178260E-10  0.1178368E-10  0.4960032E-11
   02  0.2709527E+01  0.6100000E+00  0.4397094E-10  0.4397528E-10  0.1875455E-10
   02  0.2752387E+01  0.6100000E+00  0.1231735E-09  0.1231618E-09  0.4738820E-10
   02  0.2795247E+01  0.6100000E+00 -0.3493738E-09 -0.3493588E-09 -0.1026456E-09
   02  0.2838101E+01  0.6100000E+00 -0.1264365E-08 -0.1264493E-08 -0.4518198E-09
   02  0.2880955E+01  0.6100000E+00 -0.2703731E-08 -0.2704066E-08 -0.1105306E-08
   02  0.2923808E+01  0.6100000E+00 -0.2128518E-07 -0.2128727E-07 -0.9127897E-08
   02  0.2961904E+01  0.6100000E+00 -0.5782191E-07 -0.5782764E-07 -0.2548313E-07
   02  0.3000000E+01  0.6100000E+00 -0.1199751E-06 -0.1199702E-06 -0.4990794E-07
   03  0.3042839E+01  0.0000000E+00  0.0000000E+00  0.0000000E+00  0.1285000E+01
   03  0.3064258E+01  0.0000000E+00  0.0000000E+00  0.0000000E+00  0.1285000E+01
   03  0.3085678E+01  0.0000000E+00  0.0000000E+00  0.0000000E+00  0.1285000E+01
   03  0.3107097E+01  0.0000000E+00  0.0000000E+00  0.0000000E+00  0.1285000E+01
   03  0.3128516E+01  0.0000000E+00  0.0000000E+00  0.0000000E+00  0.1285000E+01
   03  0.3149938E+01  0.0000000E+00  0.0000000E+00  0.0000000E+00  0.1285000E+01
   03  0.3171360E+01  0.0000000E+00  0.0000000E+00  0.0000000E+00  0.1285000E+01
   03  0.3192782E+01  0.0000000E+00  0.0000000E+00  0.0000000E+00  0.1285000E+01
   03  0.3214204E+01  0.0000000E+00  0.0000000E+00  0.0000000E+00  0.1285000E+01
   03  0.3235626E+01  0.0000000E+00  0.0000000E+00  0.0000000E+00  0.1285000E+01
   03  0.3257048E+01  0.0000000E+00  0.0000000E+00  0.0000000E+00  0.1285000E+01
   03  0.3276119E+01  0.0000000E+00  0.0000000E+00  0.0000000E+00  0.1285000E+01
   03  0.3295190E+01  0.0000000E+00  0.0000000E+00  0.0000000E+00  0.1285000E+01
   03  0.3314262E+01  0.0000000E+00  0.0000000E+00  0.0000000E+00  0.1285000E+01
   03  0.3333333E+01  0.0000000E+00  0.0000000E+00  0.0000000E+00  0.1285000E+01
   03  0.3354761E+01  0.0000000E+00  0.0000000E+00  0.0000000E+00  0.1285000E+01
   03  0.3376188E+01  0.0000000E+00  0.0000000E+00  0.0000000E+00  0.1285000E+01
   03  0.3397615E+01  0.0000000E+00  0.0000000E+00  0.0000000E+00  0.1285000E+01
   03  0.3419043E+01  0.0000000E+00  0.0000000E+00  0.0000000E+00  0.1285000E+01
   03  0.3440470E+01  0.0000000E+00  0.0000000E+00  0.0000000E+00  0.1285000E+01
   03  0.3461897E+01  0.0000000E+00  0.0000000E+00  0.0000000E+00  0.1285000E+01
   03  0.3483322E+01  0.0000000E+00  0.0000000E+00  0.0000000E+00  0.1285000E+01
   04  0.3504748E+01  0.0000000E+00  0.0000000E+00  0.0000000E+00  0.1761250E+01
   04  0.3511889E+01  0.0000000E+00  0.0000000E+00  0.0000000E+00  0.1761250E+01
   04  0.3519031E+01  0.0000000E+00  0.0000000E+00  0.0000000E+00  0.1761250E+01
   04  0.3526173E+01  0.0000000E+00  0.0000000E+00  0.0000000E+00  0.1761250E+01
   04  0.3533314E+01  0.0000000E+00  0.0000000E+00  0.0000000E+00  0.1761250E+01
   04  0.3540456E+01  0.0000000E+00  0.0000000E+00  0.0000000E+00  0.1761250E+01
   04  0.3547598E+01  0.0000000E+00  0.0000000E+00  0.0000000E+00  0.1761250E+01
   04  0.3554740E+01  0.0000000E+00  0.0000000E+00  0.0000000E+00  0.1761250E+01
   04  0.3561881E+01  0.0000000E+00  0.0000000E+00  0.0000000E+00  0.1761250E+01
   04  0.3569023E+01  0.0000000E+00  0.0000000E+00  0.0000000E+00  0.1761250E+01
   04  0.3576165E+01  0.0000000E+00  0.0000000E+00  0.0000000E+00  0.1761250E+01
   04  0.3583307E+01  0.0000000E+00  0.0000000E+00  0.0000000E+00  0.1761250E+01
   04  0.3590448E+01  0.0000000E+00  0.0000000E+00  0.0000000E+00  0.1761250E+01
   04  0.3596800E+01  0.0000000E+00  0.0000000E+00  0.0000000E+00  0.1761250E+01
   04  0.3603151E+01  0.0000000E+00  0.0000000E+00  0.0000000E+00  0.1761250E+01
   04  0.3609503E+01  0.0000000E+00  0.0000000E+00  0.0000000E+00  0.1761250E+01
   04  0.3615854E+01  0.0000000E+00  0.0000000E+00  0.0000000E+00  0.1761250E+01
   04  0.3622206E+01  0.0000000E+00  0.0000000E+00  0.0000000E+00  0.1761250E+01
   04  0.3628557E+01  0.0000000E+00  0.0000000E+00  0.0000000E+00  0.1761250E+01
   04  0.3634909E+01  0.0000000E+00  0.0000000E+00  0.0000000E+00  0.1761250E+01
   04  0.3641261E+01  0.0000000E+00  0.0000000E+00  0.0000000E+00  0.1761250E+01
   04  0.3647612E+01  0.0000000E+00  0.0000000E+00  0.0000000E+00  0.1761250E+01
   04  0.3653964E+01  0.0000000E+00  0.0000000E+00  0.0000000E+00  0.1761250E+01
   04  0.3660315E+01  0.0000000E+00  0.0000000E+00  0.0000000E+00  0.1761250E+01
   04  0.3666667E+01  0.0000000E+00  0.0000000E+00  0.0000000E+00  0.1761250E+01
   04  0.3673807E+01  0.0000000E+00  0.0000000E+00  0.0000000E+00  0.1761250E+01
   04  0.3680947E+01  0.0000000E+00  0.0000000E+00  0.0000000E+00  0.1761250E+01
   04  0.3688088E+01  0.0000000E+00  0.0000000E+00  0.0000000E+00  0.1761250E+01
   04  0.3695228E+01  0.0000000E+00  0.0000000E+00  0.0000000E+00  0.1761250E+01
   04  0.3702368E+01  0.0000000E+00  0.0000000E+00  0.0000000E+00  0.1761250E+01
   04  0.3709508E+01  0.0000000E+00  0.0000000E+00  0.0000000E+00  0.1761250E+01
   04  0.3716649E+01  0.0000000E+00  0.0000000E+00  0.0000000E+00  0.1761250E+01
   04  0.3723789E+01  0.0000000E+00  0.0000000E+00  0.0000000E+00  0.1761250E+01
   04  0.3730929E+01  0.0000000E+00  0.0000000E+00  0.0000000E+00  0.1761250E+01
   04  0.3738070E+01  0.0000000E+00  0.0000000E+00  0.0000000E+00  0.1761250E+01
   04  0.3745210E+01  0.0000000E+00  0.0000000E+00  0.0000000E+00  0.1761250E+01
   04  0.3752350E+01  0.0000000E+00  0.0000000E+00  0.0000000E+00  0.1761250E+01
   04  0.3759491E+01  0.0000000E+00  0.0000000E+00  0.0000000E+00  0.1761250E+01
   04  0.3766631E+01  0.0000000E+00  0.0000000E+00  0.0000000E+00  0.1761250E+01
   04  0.3773771E+01  0.0000000E+00  0.0000000E+00  0.0000000E+00  0.1761250E+01
   04  0.3780912E+01  0.0000000E+00  0.0000000E+00  0.0000000E+00  0.1761250E+01
   04  0.3788052E+01  0.0000000E+00  0.0000000E+00  0.0000000E+00  0.1761250E+01
   04  0.3795192E+01  0.0000000E+00  0.0000000E+00  0.0000000E+00  0.1761250E+01
   04  0.3802333E+01  0.0000000E+00  0.0000000E+00  0.0000000E+00  0.1761250E+01
   04  0.3809474E+01  0.0000000E+00  0.0000000E+00  0.0000000E+00  0.1761250E+01
   04  0.3816614E+01  0.0000000E+00  0.0000000E+00  0.0000000E+00  0.1761250E+01
   04  0.3823755E+01  0.0000000E+00  0.0000000E+00  0.0000000E+00  0.1761250E+01
   04  0.3830896E+01  0.0000000E+00  0.0000000E+00  0.0000000E+00  0.1761250E+01
   04  0.3838037E+01  0.0000000E+00  0.0000000E+00  0.0000000E+00  0.1761250E+01
   04  0.3842797E+01  0.0000000E+00  0.0000000E+00  0.0000000E+00  0.1761250E+01
   04  0.3847558E+01  0.0000000E+00  0.0000000E+00  0.0000000E+00  0.1761250E+01
   04  0.3852318E+01  0.0000000E+00  0.0000000E+00  0.0000000E+00  0.1761250E+01
   04  0.3857079E+01  0.0000000E+00  0.0000000E+00  0.0000000E+00  0.1761250E+01
   04  0.3861839E+01  0.0000000E+00  0.0000000E+00  0.0000000E+00  0.1761250E+01
   04  0.3866600E+01  0.0000000E+00  0.0000000E+00  0.0000000E+00  0.1761250E+01
   04  0.3871360E+01  0.0000000E+00  0.0000000E+00  0.0000000E+00  0.1761250E+01
   04  0.3876121E+01  0.0000000E+00  0.0000000E+00  0.0000000E+00  0.1761250E+01
   04  0.3880882E+01  0.0000000E+00  0.0000000E+00  0.0000000E+00  0.1761250E+01
   04  0.3886237E+01  0.0000000E+00  0.0000000E+00  0.0000000E+00  0.1761250E+01
   04  0.3891593E+01  0.0000000E+00  0.0000000E+00  0.0000000E+00  0.1761250E+01
   04  0.3896948E+01  0.0000000E+00  0.0000000E+00  0.0000000E+00  0.1761250E+01
   04  0.3902304E+01  0.0000000E+00  0.0000000E+00  0.0000000E+00  0.1761250E+01
   04  0.3907659E+01  0.0000000E+00  0.0000000E+00  0.0000000E+00  0.1761250E+01
   04  0.3913015E+01  0.0000000E+00  0.0000000E+00  0.0000000E+00  0.1761250E+01
   04  0.3918371E+01  0.0000000E+00  0.0000000E+00  0.0000000E+00  0.1761250E+01
   04  0.3923726E+01  0.0000000E+00  0.0000000E+00  0.0000000E+00  0.1761250E+01
   04  0.3930082E+01  0.0000000E+00  0.0000000E+00  0.0000000E+00  0.1761250E+01
   04  0.3936438E+01  0.0000000E+00  0.0000000E+00  0.0000000E+00  0.1761250E+01
   04  0.3942795E+01  0.0000000E+00  0.0000000E+00  0.0000000E+00  0.1761250E+01
   04  0.3949151E+01  0.0000000E+00  0.0000000E+00  0.0000000E+00  0.1761250E+01
   04  0.3955507E+01  0.0000000E+00  0.0000000E+00  0.0000000E+00  0.1761250E+01
   04  0.3961863E+01  0.0000000E+00  0.0000000E+00  0.0000000E+00  0.1761250E+01
   04  0.3968219E+01  0.0000000E+00  0.0000000E+00  0.0000000E+00  0.1761250E+01
   04  0.3974575E+01  0.0000000E+00  0.0000000E+00  0.0000000E+00  0.1761250E+01
   04  0.3980932E+01  0.0000000E+00  0.0000000E+00  0.0000000E+00  0.1761250E+01
   04  0.3987288E+01  0.0000000E+00  0.0000000E+00  0.0000000E+00  0.1761250E+01
   04  0.3993644E+01  0.0000000E+00  0.0000000E+00  0.0000000E+00  0.1761250E+01
   04  0.4000000E+01  0.0000000E+00  0.0000000E+00  0.0000000E+00  0.1761250E+01
   04  0.4007142E+01  0.0000000E+00  0.0000000E+00  0.0000000E+00  0.1761250E+01
   04  0.4014284E+01  0.0000000E+00  0.0000000E+00  0.0000000E+00  0.1761250E+01
   04  0.4021426E+01  0.0000000E+00  0.0000000E+00  0.0000000E+00  0.1761250E+01
   04  0.4028568E+01  0.0000000E+00  0.0000000E+00  0.0000000E+00  0.1761250E+01
   04  0.4035710E+01  0.0000000E+00  0.0000000E+00  0.0000000E+00  0.1761250E+01
   04  0.4042852E+01  0.0000000E+00  0.0000000E+00  0.0000000E+00  0.1761250E+01
   04  0.4049994E+01  0.0000000E+00  0.0000000E+00  0.0000000E+00  0.1761250E+01
   04  0.4057136E+01  0.0000000E+00  0.0000000E+00  0.0000000E+00  0.1761250E+01
   04  0.4064278E+01  0.0000000E+00  0.0000000E+00  0.0000000E+00  0.1761250E+01
   04  0.4071420E+01  0.0000000E+00  0.0000000E+00  0.0000000E+00  0.1761250E+01
   04  0.4078562E+01  0.0000000E+00  0.0000000E+00  0.0000000E+00  0.1761250E+01
   04  0.4085704E+01  0.0000000E+00  0.0000000E+00  0.0000000E+00  0.1761250E+01
   04  0.4092846E+01  0.0000000E+00  0.0000000E+00  0.0000000E+00  0.1761250E+01
   04  0.4099988E+01  0.0000000E+00  0.0000000E+00  0.0000000E+00  0.1761250E+01
   04  0.4107130E+01  0.0000000E+00  0.0000000E+00  0.0000000E+00  0.1761250E+01
   04  0.4114272E+01  0.0000000E+00  0.0000000E+00  0.0000000E+00  0.1761250E+01
   04  0.4121414E+01  0.0000000E+00  0.0000000E+00  0.0000000E+00  0.1761250E+01
   04  0.4128556E+01  0.0000000E+00  0.0000000E+00  0.0000000E+00  0.1761250E+01
   04  0.4135697E+01  0.0000000E+00  0.0000000E+00  0.0000000E+00  0.1761250E+01
   04  0.4142839E+01  0.0000000E+00  0.0000000E+00  0.0000000E+00  0.1761250E+01
   04  0.4149980E+01  0.0000000E+00  0.0000000E+00  0.0000000E+00  0.1761250E+01
   04  0.4157121E+01  0.0000000E+00  0.0000000E+00  0.0000000E+00  0.1761250E+01
   04  0.4164263E+01  0.0000000E+00  0.0000000E+00  0.0000000E+00  0.1761250E+01
   04  0.4171404E+01  0.0000000E+00  0.0000000E+00  0.0000000E+00  0.1761250E+01
   04  0.4178546E+01  0.0000000E+00  0.0000000E+00  0.0000000E+00  0.1761250E+01
   04  0.4185687E+01  0.0000000E+00  0.0000000E+00  0.0000000E+00  0.1761250E+01
   04  0.4192828E+01  0.0000000E+00  0.0000000E+00  0.0000000E+00  0.1761250E+01
   04  0.4199970E+01  0.0000000E+00  0.0000000E+00  0.0000000E+00  0.1761250E+01
   04  0.4207111E+01  0.0000000E+00  0.0000000E+00  0.0000000E+00  0.1761250E+01
   04  0.4214252E+01  0.0000000E+00  0.0000000E+00  0.0000000E+00  0.1761250E+01
   04  0.4221394E+01  0.0000000E+00  0.0000000E+00  0.0000000E+00  0.1761250E+01
   04  0.4228535E+01  0.0000000E+00  0.0000000E+00  0.0000000E+00  0.1761250E+01
   04  0.4235677E+01  0.0000000E+00  0.0000000E+00  0.0000000E+00  0.1761250E+01
   04  0.4242818E+01  0.0000000E+00  0.0000000E+00  0.0000000E+00  0.1761250E+01
   04  0.4249959E+01  0.0000000E+00  0.0000000E+00  0.0000000E+00  0.1761250E+01
   04  0.4257101E+01  0.0000000E+00  0.0000000E+00  0.0000000E+00  0.1761250E+01
   04  0.4263453E+01  0.0000000E+00  0.0000000E+00  0.0000000E+00  0.1761250E+01
   04  0.4269806E+01  0.0000000E+00  0.0000000E+00  0.0000000E+00  0.1761250E+01
   04  0.4276159E+01  0.1317297E+00  0.6686026E+00  0.6685272E+00  0.1811655E+01
   04  0.4282512E+01  0.2304475E+00  0.1173138E+01  0.1172976E+01  0.1910373E+01
   04  0.4288864E+01  0.3118050E+00  0.1602183E+01  0.1601894E+01  0.1991730E+01
   04  0.4295217E+01  0.3542942E+00  0.1772851E+01  0.1772581E+01  0.2034220E+01
   04  0.4301570E+01  0.3883914E+00  0.1887467E+01  0.1887309E+01  0.2068317E+01
   04  0.4307922E+01  0.4192362E+00  0.1976856E+01  0.1976893E+01  0.2099162E+01
   04  0.4314275E+01  0.4489792E+00  0.2052895E+01  0.2053229E+01  0.2128905E+01
   04  0.4320628E+01  0.4772218E+00  0.2116301E+01  0.2116845E+01  0.2157147E+01
   04  0.4326981E+01  0.5043787E+00  0.2171913E+01  0.2172611E+01  0.2184304E+01
   04  0.4333333E+01  0.5308292E+00  0.2222483E+01  0.2223254E+01  0.2210755E+01
   04  0.4340474E+01  0.5599050E+00  0.2274525E+01  0.2275252E+01  0.2239830E+01
   04  0.4347614E+01  0.5882656E+00  0.2320973E+01  0.2321520E+01  0.2268191E+01
   04  0.4354755E+01  0.6157223E+00  0.2360762E+01  0.2361067E+01  0.2295648E+01
   04  0.4361895E+01  0.6418949E+00  0.2391577E+01  0.2391637E+01  0.2321820E+01
   04  0.4369036E+01  0.6674776E+00  0.2415661E+01  0.2415483E+01  0.2347403E+01
   04  0.4376176E+01  0.6913061E+00  0.2428803E+01  0.2428447E+01  0.2371232E+01
   04  0.4383317E+01  0.7143211E+00  0.2433874E+01  0.2434036E+01  0.2394247E+01
   04  0.4390457E+01  0.7367105E+00  0.2432283E+01  0.2432344E+01  0.2416636E+01
   04  0.4397598E+01  0.7571818E+00  0.2418337E+01  0.2418830E+01  0.2437107E+01
   04  0.4404738E+01  0.7757146E+00  0.2397419E+01  0.2398382E+01  0.2455640E+01
   04  0.4411879E+01  0.7934148E+00  0.2374943E+01  0.2376117E+01  0.2473340E+01
   04  0.4419019E+01  0.8063834E+00  0.2343831E+01  0.2342400E+01  0.2486309E+01
   04  0.4426160E+01  0.8213487E+00  0.2321030E+01  0.2319335E+01  0.2501274E+01
   04  0.4433300E+01  0.8328770E+00  0.2298755E+01  0.2296560E+01  0.2512802E+01
   04  0.4440441E+01  0.8452581E+00  0.2282032E+01  0.2278914E+01  0.2525184E+01
   04  0.4447581E+01  0.8553774E+00  0.2260983E+01  0.2255444E+01  0.2535303E+01
   04  0.4454722E+01  0.8629807E+00  0.2238051E+01  0.2231847E+01  0.2542906E+01
   04  0.4461862E+01  0.8674138E+00  0.2198578E+01  0.2190990E+01  0.2547339E+01
   04  0.4469003E+01  0.8792668E+00  0.2154580E+01  0.2142770E+01  0.2559192E+01
   04  0.4476144E+01  0.8900075E+00  0.2102346E+01  0.2086389E+01  0.2569933E+01
   04  0.4483285E+01  0.8952762E+00  0.2041702E+01  0.2021954E+01  0.2575202E+01
   04  0.4490426E+01  0.8994581E+00  0.1979867E+01  0.1956590E+01  0.2579384E+01
   04  0.4497567E+01  0.9033104E+00  0.1918827E+01  0.1892674E+01  0.2583236E+01
   04  0.4504708E+01  0.9075078E+00  0.1859111E+01  0.1831099E+01  0.2587433E+01
   04  0.4511849E+01  0.9118442E+00  0.1799829E+01  0.1771145E+01  0.2591770E+01
   04  0.4518990E+01  0.9160699E+00  0.1740093E+01  0.1711888E+01  0.2595995E+01
   04  0.4526131E+01  0.9199898E+00  0.1679220E+01  0.1652532E+01  0.2599915E+01
   04  0.4533272E+01  0.9234817E+00  0.1616849E+01  0.1592554E+01  0.2603407E+01
   04  0.4540413E+01  0.9264774E+00  0.1552844E+01  0.1531636E+01  0.2606403E+01
   04  0.4547554E+01  0.9289689E+00  0.1487300E+01  0.1469633E+01  0.2608894E+01
   04  0.4554695E+01  0.9309950E+00  0.1420472E+01  0.1406543E+01  0.2610920E+01
   04  0.4561836E+01  0.9326167E+00  0.1352709E+01  0.1342445E+01  0.2612542E+01
   04  0.4568977E+01  0.9338953E+00  0.1284345E+01  0.1277447E+01  0.2613821E+01
   04  0.4576118E+01  0.9348730E+00  0.1215659E+01  0.1211657E+01  0.2614798E+01
   04  0.4583259E+01  0.9355673E+00  0.1146856E+01  0.1145177E+01  0.2615493E+01
   04  0.4590400E+01  0.9359678E+00  0.1078079E+01  0.1078108E+01  0.2615893E+01
   04  0.4596755E+01  0.9360566E+00  0.1016985E+01  0.1018003E+01  0.2615982E+01
   04  0.4603111E+01  0.9358482E+00  0.9560248E+00  0.9576044E+00  0.2615774E+01
   04  0.4609466E+01  0.9353011E+00  0.8952328E+00  0.8970038E+00  0.2615227E+01
   04  0.4615822E+01  0.9343749E+00  0.8346457E+00  0.8363076E+00  0.2614300E+01
   04  0.4622178E+01  0.9330342E+00  0.7743052E+00  0.7756336E+00  0.2612960E+01
   04  0.4628533E+01  0.9312529E+00  0.7142598E+00  0.7151072E+00  0.2611178E+01
   04  0.4634889E+01  0.9290161E+00  0.6545643E+00  0.6548551E+00  0.2608942E+01
   04  0.4641244E+01  0.9263206E+00  0.5952773E+00  0.5949988E+00  0.2606246E+01
   04  0.4647600E+01  0.9231758E+00  0.5364588E+00  0.5356494E+00  0.2603101E+01
   04  0.4653955E+01  0.9196024E+00  0.4781664E+00  0.4769028E+00  0.2599528E+01
   04  0.4660311E+01  0.9156297E+00  0.4204538E+00  0.4188355E+00  0.2595555E+01
   04  0.4666667E+01  0.9112953E+00  0.3633666E+00  0.3615040E+00  0.2591221E+01
   04  0.4673808E+01  0.9060531E+00  0.2999867E+00  0.2979761E+00  0.2585979E+01
   04  0.4680950E+01  0.9004666E+00  0.2374829E+00  0.2354390E+00  0.2580392E+01
   04  0.4688091E+01  0.8945986E+00  0.1758824E+00  0.1738882E+00  0.2574524E+01
   04  0.4695232E+01  0.8885049E+00  0.1151873E+00  0.1132807E+00  0.2568430E+01
   04  0.4702374E+01  0.8822266E+00  0.5538240E-01  0.5355054E-01  0.2562152E+01
   04  0.4709515E+01  0.8758069E+00 -0.3519486E-02 -0.5339136E-02  0.2555732E+01
   04  0.4716657E+01  0.8692775E+00 -0.6149832E-01 -0.6339648E-01  0.2549203E+01
   04  0.4723798E+01  0.8626635E+00 -0.1185024E+00 -0.1206230E+00  0.2542589E+01
   04  0.4730940E+01  0.8559736E+00 -0.1745626E+00 -0.1770384E+00  0.2535899E+01
   04  0.4738081E+01  0.8492066E+00 -0.2296550E+00 -0.2326350E+00  0.2529132E+01
   04  0.4745223E+01  0.8423565E+00 -0.2837526E+00 -0.2873739E+00  0.2522282E+01
   04  0.4752364E+01  0.8354106E+00 -0.3368240E+00 -0.3411980E+00  0.2515336E+01
   04  0.4759505E+01  0.8283548E+00 -0.3888375E+00 -0.3940375E+00  0.2508280E+01
   04  0.4766647E+01  0.8211757E+00 -0.4397632E+00 -0.4458187E+00  0.2501101E+01
   04  0.4773788E+01  0.8138635E+00 -0.4895759E+00 -0.4964725E+00  0.2493789E+01
   04  0.4780930E+01  0.8064136E+00 -0.5382591E+00 -0.5459429E+00  0.2486339E+01
   04  0.4788071E+01  0.7988276E+00 -0.5858083E+00 -0.5941933E+00  0.2478753E+01
   04  0.4795213E+01  0.7911130E+00 -0.6322326E+00 -0.6412098E+00  0.2471038E+01
   04  0.4802354E+01  0.7832833E+00 -0.6775491E+00 -0.6869970E+00  0.2463209E+01
   04  0.4809495E+01  0.7753546E+00 -0.7217884E+00 -0.7315826E+00  0.2455280E+01
   04  0.4816636E+01  0.7673436E+00 -0.7649790E+00 -0.7749990E+00  0.2447269E+01
   04  0.4823776E+01  0.7592650E+00 -0.8071426E+00 -0.8172754E+00  0.2439190E+01
   04  0.4830917E+01  0.7511282E+00 -0.8482860E+00 -0.8584282E+00  0.2431054E+01
   04  0.4838058E+01  0.7429354E+00 -0.8883955E+00 -0.8984534E+00  0.2422861E+01
   04  0.4845199E+01  0.7346821E+00 -0.9274347E+00 -0.9373236E+00  0.2414608E+01
   04  0.4852340E+01  0.7263582E+00 -0.9653474E+00 -0.9749906E+00  0.2406284E+01
   04  0.4859481E+01  0.7179514E+00 -0.1002065E+01 -0.1011395E+01  0.2397877E+01
   04  0.4866622E+01  0.7094509E+00 -0.1037518E+01 -0.1046477E+01  0.2389376E+01
   04  0.4873763E+01  0.7008509E+00 -0.1071649E+01 -0.1080195E+01  0.2380776E+01
   04  0.4880904E+01  0.6921537E+00 -0.1104420E+01 -0.1112529E+01  0.2372079E+01
   04  0.4888045E+01  0.6833698E+00 -0.1135820E+01 -0.1143493E+01  0.2363295E+01
   04  0.4895186E+01  0.6745152E+00 -0.1165863E+01 -0.1173123E+01  0.2354441E+01
   04  0.4902327E+01  0.6656099E+00 -0.1194572E+01 -0.1201475E+01  0.2345535E+01
   04  0.4909468E+01  0.6566719E+00 -0.1221974E+01 -0.1228597E+01  0.2336597E+01
   04  0.4916609E+01  0.6477119E+00 -0.1248078E+01 -0.1254516E+01  0.2327637E+01
   04  0.4923750E+01  0.6387311E+00 -0.1272867E+01 -0.1279221E+01  0.2318657E+01
   04  0.4930104E+01  0.6307152E+00 -0.1293729E+01 -0.1300108E+01  0.2310641E+01
   04  0.4936458E+01  0.6226631E+00 -0.1313466E+01 -0.1319928E+01  0.2302589E+01
   04  0.4942812E+01  0.6146401E+00 -0.1332124E+01 -0.1338848E+01  0.2294566E+01
   04  0.4949167E+01  0.6063693E+00 -0.1349266E+01 -0.1355947E+01  0.2286295E+01
   04  0.4955521E+01  0.5980391E+00 -0.1365123E+01 -0.1371791E+01  0.2277965E+01
   04  0.4961875E+01  0.5898142E+00 -0.1380652E+01 -0.1386291E+01  0.2269740E+01
   04  0.4968229E+01  0.5815141E+00 -0.1394453E+01 -0.1400187E+01  0.2261440E+01
   04  0.4974583E+01  0.5731709E+00 -0.1407232E+01 -0.1412932E+01  0.2253096E+01
   04  0.4980937E+01  0.5658556E+00 -0.1421227E+01 -0.1426642E+01  0.2245781E+01
   04  0.4984115E+01  0.5617134E+00 -0.1426877E+01 -0.1432363E+01  0.2241639E+01
   04  0.4987292E+01  0.5576306E+00 -0.1432455E+01 -0.1437779E+01  0.2237556E+01
   04  0.4990469E+01  0.5535699E+00 -0.1437909E+01 -0.1443027E+01  0.2233495E+01
   04  0.4993646E+01  0.5495387E+00 -0.1443274E+01 -0.1448278E+01  0.2229464E+01
   04  0.4996823E+01  0.5455345E+00 -0.1448492E+01 -0.1453213E+01  0.2225460E+01
   04  0.5000000E+01  0.5415616E+00 -0.1453718E+01 -0.1458113E+01  0.2221487E+01
   04  0.5005356E+01  0.5349857E+00 -0.1462670E+01 -0.1466453E+01  0.2214911E+01
   04  0.5010711E+01  0.5285813E+00 -0.1471765E+01 -0.1474887E+01  0.2208507E+01
   04  0.5016067E+01  0.5223408E+00 -0.1480990E+01 -0.1483427E+01  0.2202266E+01
   04  0.5021422E+01  0.5162324E+00 -0.1490231E+01 -0.1491977E+01  0.2196158E+01
   04  0.5026778E+01  0.5102059E+00 -0.1499281E+01 -0.1500354E+01  0.2190131E+01
   04  0.5032133E+01  0.5041992E+00 -0.1507876E+01 -0.1508308E+01  0.2184125E+01
   04  0.5037489E+01  0.4981472E+00 -0.1515724E+01 -0.1515565E+01  0.2178073E+01
   04  0.5042844E+01  0.4919899E+00 -0.1522542E+01 -0.1521856E+01  0.2171915E+01
   04  0.5049985E+01  0.4835361E+00 -0.1529718E+01 -0.1528463E+01  0.2163462E+01
   04  0.5057125E+01  0.4747436E+00 -0.1534249E+01 -0.1532599E+01  0.2154669E+01
   04  0.5064266E+01  0.4655993E+00 -0.1535993E+01 -0.1534134E+01  0.2145525E+01
   04  0.5071407E+01  0.4561428E+00 -0.1535050E+01 -0.1533175E+01  0.2136068E+01
   04  0.5078547E+01  0.4464517E+00 -0.1531713E+01 -0.1530006E+01  0.2126377E+01
   04  0.5085688E+01  0.4366219E+00 -0.1526384E+01 -0.1525008E+01  0.2116547E+01
   04  0.5092829E+01  0.4267464E+00 -0.1519475E+01 -0.1518563E+01  0.2106672E+01
   04  0.5099969E+01  0.4168963E+00 -0.1511320E+01 -0.1510967E+01  0.2096822E+01
   04  0.5107110E+01  0.4071085E+00 -0.1502111E+01 -0.1502363E+01  0.2087034E+01
   04  0.5109490E+01  0.4038623E+00 -0.1498744E+01 -0.1499184E+01  0.2083788E+01
   04  0.5111871E+01  0.4006228E+00 -0.1495262E+01 -0.1495889E+01  0.2080548E+01
   04  0.5114251E+01  0.3973885E+00 -0.1491659E+01 -0.1492469E+01  0.2077314E+01
   04  0.5116631E+01  0.3941574E+00 -0.1487926E+01 -0.1488915E+01  0.2074083E+01
   04  0.5119011E+01  0.3909277E+00 -0.1484054E+01 -0.1485215E+01  0.2070853E+01
   04  0.5121392E+01  0.3876970E+00 -0.1480033E+01 -0.1481358E+01  0.2067622E+01
   04  0.5123772E+01  0.3844630E+00 -0.1475852E+01 -0.1477331E+01  0.2064388E+01
   04  0.5126152E+01  0.3812233E+00 -0.1471499E+01 -0.1473121E+01  0.2061149E+01
   04  0.5128532E+01  0.3779755E+00 -0.1466964E+01 -0.1468716E+01  0.2057901E+01
   04  0.5135673E+01  0.3681580E+00 -0.1452389E+01 -0.1454463E+01  0.2048083E+01
   04  0.5142814E+01  0.3581989E+00 -0.1435832E+01 -0.1438057E+01  0.2038124E+01
   04  0.5149955E+01  0.3480631E+00 -0.1417096E+01 -0.1419294E+01  0.2027989E+01
   04  0.5157096E+01  0.3377359E+00 -0.1396065E+01 -0.1398079E+01  0.2017661E+01
   04  0.5164237E+01  0.3272222E+00 -0.1372716E+01 -0.1374426E+01  0.2007148E+01
   04  0.5171378E+01  0.3165422E+00 -0.1347101E+01 -0.1348438E+01  0.1996468E+01
   04  0.5174948E+01  0.3111474E+00 -0.1333355E+01 -0.1334497E+01  0.1991073E+01
   04  0.5178519E+01  0.3057227E+00 -0.1319084E+01 -0.1320035E+01  0.1985648E+01
   04  0.5182089E+01  0.3002729E+00 -0.1304312E+01 -0.1305079E+01  0.1980198E+01
   04  0.5185660E+01  0.2948035E+00 -0.1289063E+01 -0.1289663E+01  0.1974729E+01
   04  0.5189230E+01  0.2893206E+00 -0.1273368E+01 -0.1273818E+01  0.1969246E+01
   04  0.5192800E+01  0.2838314E+00 -0.1257265E+01 -0.1257586E+01  0.1963757E+01
   04  0.5196371E+01  0.2783439E+00 -0.1240795E+01 -0.1241012E+01  0.1958269E+01
   04  0.5199941E+01  0.2728678E+00 -0.1224010E+01 -0.1224146E+01  0.1952793E+01
   04  0.5203512E+01  0.2674138E+00 -0.1206970E+01 -0.1207049E+01  0.1947339E+01
   04  0.5207082E+01  0.2619941E+00 -0.1189740E+01 -0.1189785E+01  0.1941920E+01
   04  0.5210653E+01  0.2566219E+00 -0.1172395E+01 -0.1172426E+01  0.1936547E+01
   04  0.5214223E+01  0.2513114E+00 -0.1155013E+01 -0.1155049E+01  0.1931237E+01
   04  0.5219579E+01  0.2434966E+00 -0.1129151E+01 -0.1129227E+01  0.1923422E+01
   04  0.5224935E+01  0.2359028E+00 -0.1103673E+01 -0.1103808E+01  0.1915828E+01
   04  0.5230290E+01  0.2285782E+00 -0.1078861E+01 -0.1079062E+01  0.1908504E+01
   04  0.5235646E+01  0.2215661E+00 -0.1054972E+01 -0.1055228E+01  0.1901492E+01
   04  0.5241002E+01  0.2148925E+00 -0.1032170E+01 -0.1032462E+01  0.1894818E+01
   04  0.5246357E+01  0.2085529E+00 -0.1010449E+01 -0.1010748E+01  0.1888478E+01
   04  0.5247696E+01  0.2070205E+00 -0.1005153E+01 -0.1005447E+01  0.1886946E+01
   04  0.5249035E+01  0.2055074E+00 -0.9999173E+00 -0.1000204E+01  0.1885433E+01
   04  0.5250374E+01  0.2040128E+00 -0.9947364E+00 -0.9950153E+00  0.1883938E+01
   04  0.5251713E+01  0.2025361E+00 -0.9896055E+00 -0.9898748E+00  0.1882462E+01
   04  0.5253052E+01  0.2010766E+00 -0.9845199E+00 -0.9847785E+00  0.1881002E+01
   04  0.5254391E+01  0.1996336E+00 -0.9794744E+00 -0.9797211E+00  0.1879559E+01
   04  0.5255730E+01  0.1982061E+00 -0.9744610E+00 -0.9746949E+00  0.1878132E+01
   04  0.5257069E+01  0.1967931E+00 -0.9694733E+00 -0.9696931E+00  0.1876719E+01
   04  0.5263424E+01  0.1902088E+00 -0.9458658E+00 -0.9460075E+00  0.1870134E+01
   04  0.5269779E+01  0.1837541E+00 -0.9215027E+00 -0.9215325E+00  0.1863680E+01
   04  0.5276135E+01  0.1773564E+00 -0.8957428E+00 -0.8956372E+00  0.1857282E+01
   04  0.5282490E+01  0.1712698E+00 -0.8696096E+00 -0.8693811E+00  0.1851195E+01
   04  0.5288846E+01  0.1658217E+00 -0.8447722E+00 -0.8443621E+00  0.1845747E+01
   04  0.5295201E+01  0.1590978E+00 -0.8128483E+00 -0.8118579E+00  0.1839023E+01
   04  0.5301556E+01  0.1499508E+00 -0.7691147E+00 -0.7680797E+00  0.1829876E+01
   04  0.5307912E+01  0.1390077E+00 -0.7162195E+00 -0.7150084E+00  0.1818933E+01
   04  0.5314267E+01  0.1256747E+00 -0.6492105E+00 -0.6481881E+00  0.1805600E+01
   04  0.5320623E+01  0.1098705E+00 -0.5670119E+00 -0.5663738E+00  0.1789796E+01
   04  0.5326978E+01  0.9229985E-01 -0.4726929E+00 -0.4724916E+00  0.1772225E+01
   04  0.5333333E+01  0.7390822E-01 -0.3722391E+00 -0.3723729E+00  0.1753834E+01
   04  0.5340474E+01  0.5433155E-01 -0.2647769E+00 -0.2651362E+00  0.1734257E+01
   04  0.5347615E+01  0.3752512E-01 -0.1722611E+00 -0.1726566E+00  0.1717451E+01
   04  0.5354756E+01  0.2554102E-01 -0.1065715E+00 -0.1068846E+00  0.1705466E+01
   04  0.5361897E+01  0.1926108E-01 -0.7169014E-01 -0.7191765E-01  0.1699187E+01
   04  0.5369038E+01  0.1669079E-01 -0.5705490E-01 -0.5720783E-01  0.1696616E+01
   04  0.5376179E+01  0.1533296E-01 -0.4923247E-01 -0.4933070E-01  0.1695258E+01
   04  0.5383320E+01  0.1433900E-01 -0.4355467E-01 -0.4362056E-01  0.1694264E+01
   04  0.5390460E+01  0.1343723E-01 -0.3860283E-01 -0.3865352E-01  0.1693363E+01
   04  0.5397601E+01  0.1263798E-01 -0.3437351E-01 -0.3441300E-01  0.1692563E+01
   04  0.5404742E+01  0.1193816E-01 -0.3078663E-01 -0.3081761E-01  0.1691864E+01
   04  0.5411883E+01  0.1132817E-01 -0.2775385E-01 -0.2777845E-01  0.1691254E+01
   04  0.5419024E+01  0.1079914E-01 -0.2519386E-01 -0.2521393E-01  0.1690725E+01
   04  0.5426165E+01  0.1034256E-01 -0.2303664E-01 -0.2305355E-01  0.1690268E+01
   04  0.5433306E+01  0.9950072E-02 -0.2122108E-01 -0.2123565E-01  0.1689876E+01
   04  0.5440447E+01  0.9613129E-02 -0.1969261E-01 -0.1970519E-01  0.1689539E+01
   04  0.5447588E+01  0.9323129E-02 -0.1840225E-01 -0.1841282E-01  0.1689249E+01
   04  0.5454728E+01  0.9071639E-02 -0.1730639E-01 -0.1731474E-01  0.1688997E+01
   04  0.5461869E+01  0.8850684E-02 -0.1636684E-01 -0.1637273E-01  0.1688776E+01
   04  0.5469010E+01  0.8652988E-02 -0.1555090E-01 -0.1555415E-01  0.1688578E+01
   04  0.5476151E+01  0.8472152E-02 -0.1483109E-01 -0.1483167E-01  0.1688398E+01
   04  0.5483291E+01  0.8302799E-02 -0.1418497E-01 -0.1418303E-01  0.1688228E+01
   04  0.5490432E+01  0.8140657E-02 -0.1359478E-01 -0.1359059E-01  0.1688066E+01
   04  0.5497573E+01  0.7982548E-02 -0.1304689E-01 -0.1304085E-01  0.1687908E+01
   04  0.5504713E+01  0.7826383E-02 -0.1253149E-01 -0.1252402E-01  0.1687752E+01
   04  0.5511854E+01  0.7670985E-02 -0.1204177E-01 -0.1203334E-01  0.1687596E+01
   04  0.5518995E+01  0.7516008E-02 -0.1157371E-01 -0.1156474E-01  0.1687441E+01
   04  0.5526135E+01  0.7361525E-02 -0.1112482E-01 -0.1111570E-01  0.1687287E+01
   04  0.5531491E+01  0.7246792E-02 -0.1080848E-01 -0.1079946E-01  0.1687172E+01
   04  0.5536846E+01  0.7132724E-02 -0.1050115E-01 -0.1049240E-01  0.1687058E+01
   04  0.5542202E+01  0.7019464E-02 -0.1020249E-01 -0.1019412E-01  0.1686945E+01
   04  0.5547557E+01  0.6907140E-02 -0.9912996E-02 -0.9905095E-02  0.1686833E+01
   04  0.5552913E+01  0.6795657E-02 -0.9631514E-02 -0.9624121E-02  0.1686721E+01
   04  0.5558268E+01  0.6685179E-02 -0.9357570E-02 -0.9350725E-02  0.1686611E+01
   04  0.5563624E+01  0.6576034E-02 -0.9091380E-02 -0.9085102E-02  0.1686501E+01
   04  0.5568979E+01  0.6468528E-02 -0.8832510E-02 -0.8826753E-02  0.1686394E+01
   04  0.5574334E+01  0.6362922E-02 -0.8578255E-02 -0.8573064E-02  0.1686288E+01
   04  0.5579690E+01  0.6259701E-02 -0.8331465E-02 -0.8326849E-02  0.1686185E+01
   04  0.5585045E+01  0.6159272E-02 -0.8094193E-02 -0.8090127E-02  0.1686085E+01
   04  0.5590401E+01  0.6061930E-02 -0.7866734E-02 -0.7863189E-02  0.1685987E+01
   04  0.5596756E+01  0.5950064E-02 -0.7605151E-02 -0.7602311E-02  0.1685876E+01
   04  0.5603112E+01  0.5843358E-02 -0.7359256E-02 -0.7357035E-02  0.1685769E+01
   04  0.5609467E+01  0.5742288E-02 -0.7128606E-02 -0.7126789E-02  0.1685668E+01
   04  0.5615823E+01  0.5646894E-02 -0.6912943E-02 -0.6911498E-02  0.1685572E+01
   04  0.5622178E+01  0.5557132E-02 -0.6712672E-02 -0.6711647E-02  0.1685483E+01
   04  0.5628534E+01  0.5472840E-02 -0.6528190E-02 -0.6527436E-02  0.1685398E+01
   04  0.5634889E+01  0.5393709E-02 -0.6356580E-02 -0.6356097E-02  0.1685319E+01
   04  0.5641245E+01  0.5319439E-02 -0.6196785E-02 -0.6196540E-02  0.1685245E+01
   04  0.5647600E+01  0.5249692E-02 -0.6048064E-02 -0.6048031E-02  0.1685175E+01
   04  0.5653956E+01  0.5184089E-02 -0.5909838E-02 -0.5909988E-02  0.1685110E+01
   04  0.5660311E+01  0.5122195E-02 -0.5780644E-02 -0.5780945E-02  0.1685048E+01
   04  0.5666667E+01  0.5063685E-02 -0.5659626E-02 -0.5660062E-02  0.1684989E+01
   04  0.5673807E+01  0.5001208E-02 -0.5528529E-02 -0.5529097E-02  0.1684927E+01
   04  0.5680947E+01  0.4942252E-02 -0.5406494E-02 -0.5407178E-02  0.1684868E+01
   04  0.5688088E+01  0.4886413E-02 -0.5292499E-02 -0.5293287E-02  0.1684812E+01
   04  0.5695228E+01  0.4833356E-02 -0.5185678E-02 -0.5186559E-02  0.1684759E+01
   04  0.5702368E+01  0.4782783E-02 -0.5085258E-02 -0.5086222E-02  0.1684708E+01
   04  0.5709508E+01  0.4734428E-02 -0.4990552E-02 -0.4991592E-02  0.1684660E+01
   04  0.5716649E+01  0.4688059E-02 -0.4900957E-02 -0.4902064E-02  0.1684613E+01
   04  0.5723789E+01  0.4643477E-02 -0.4815944E-02 -0.4817113E-02  0.1684569E+01
   04  0.5730929E+01  0.4600511E-02 -0.4735055E-02 -0.4736279E-02  0.1684526E+01
   04  0.5738070E+01  0.4559014E-02 -0.4657894E-02 -0.4659166E-02  0.1684484E+01
   04  0.5745210E+01  0.4518865E-02 -0.4584121E-02 -0.4585433E-02  0.1684444E+01
   04  0.5752350E+01  0.4479961E-02 -0.4513444E-02 -0.4514789E-02  0.1684405E+01
   04  0.5759491E+01  0.4442217E-02 -0.4445611E-02 -0.4446981E-02  0.1684368E+01
   04  0.5766631E+01  0.4405561E-02 -0.4380408E-02 -0.4381796E-02  0.1684331E+01
   04  0.5773771E+01  0.4369934E-02 -0.4317650E-02 -0.4319047E-02  0.1684295E+01
   04  0.5780911E+01  0.4335284E-02 -0.4257176E-02 -0.4258574E-02  0.1684261E+01
   04  0.5788052E+01  0.4301566E-02 -0.4198844E-02 -0.4200233E-02  0.1684227E+01
   04  0.5795192E+01  0.4268741E-02 -0.4142527E-02 -0.4143900E-02  0.1684194E+01
   04  0.5799476E+01  0.4249780E-02 -0.4117298E-02 -0.4118657E-02  0.1684175E+01
   04  0.5803761E+01  0.4231104E-02 -0.4091948E-02 -0.4093288E-02  0.1684157E+01
   04  0.5808045E+01  0.4212706E-02 -0.4066527E-02 -0.4067847E-02  0.1684138E+01
   04  0.5812329E+01  0.4194576E-02 -0.4041083E-02 -0.4042379E-02  0.1684120E+01
   04  0.5816613E+01  0.4176705E-02 -0.4015655E-02 -0.4016923E-02  0.1684102E+01
   04  0.5820183E+01  0.4162067E-02 -0.3996097E-02 -0.3997341E-02  0.1684088E+01
   04  0.5823753E+01  0.4147595E-02 -0.3976454E-02 -0.3977671E-02  0.1684073E+01
   04  0.5827324E+01  0.4133286E-02 -0.3956751E-02 -0.3957940E-02  0.1684059E+01
   04  0.5832679E+01  0.4111897E-02 -0.3921299E-02 -0.3922443E-02  0.1684037E+01
   04  0.5838034E+01  0.4090856E-02 -0.3886586E-02 -0.3887683E-02  0.1684016E+01
   04  0.5842318E+01  0.4074359E-02 -0.3862145E-02 -0.3863203E-02  0.1684000E+01
   04  0.5846603E+01  0.4058059E-02 -0.3837835E-02 -0.3838852E-02  0.1683983E+01
   04  0.5850887E+01  0.4041945E-02 -0.3813663E-02 -0.3814640E-02  0.1683967E+01
   04  0.5855171E+01  0.4026006E-02 -0.3789638E-02 -0.3790575E-02  0.1683951E+01
   04  0.5859455E+01  0.4010232E-02 -0.3765763E-02 -0.3766662E-02  0.1683936E+01
   04  0.5863025E+01  0.3997256E-02 -0.3747553E-02 -0.3748420E-02  0.1683923E+01
   04  0.5866596E+01  0.3984379E-02 -0.3729307E-02 -0.3730145E-02  0.1683910E+01
   04  0.5870166E+01  0.3971596E-02 -0.3711037E-02 -0.3711848E-02  0.1683897E+01
   04  0.5873736E+01  0.3958900E-02 -0.3692753E-02 -0.3693538E-02  0.1683884E+01
   04  0.5877306E+01  0.3946286E-02 -0.3674462E-02 -0.3675226E-02  0.1683872E+01
   04  0.5880876E+01  0.3933748E-02 -0.3656171E-02 -0.3656917E-02  0.1683859E+01
   04  0.5886231E+01  0.3914904E-02 -0.3623051E-02 -0.3623776E-02  0.1683840E+01
   04  0.5891587E+01  0.3896216E-02 -0.3590737E-02 -0.3591452E-02  0.1683822E+01
   04  0.5896942E+01  0.3877670E-02 -0.3559145E-02 -0.3559860E-02  0.1683803E+01
   04  0.5902297E+01  0.3859254E-02 -0.3528200E-02 -0.3528929E-02  0.1683785E+01
   04  0.5907653E+01  0.3840959E-02 -0.3497836E-02 -0.3498593E-02  0.1683766E+01
   04  0.5913008E+01  0.3822777E-02 -0.3467998E-02 -0.3468799E-02  0.1683748E+01
   04  0.5918363E+01  0.3804703E-02 -0.3438640E-02 -0.3439500E-02  0.1683730E+01
   04  0.5923718E+01  0.3786734E-02 -0.3409725E-02 -0.3410660E-02  0.1683712E+01
   04  0.5930075E+01  0.3765455E-02 -0.3372298E-02 -0.3373337E-02  0.1683691E+01
   04  0.5936432E+01  0.3744345E-02 -0.3336028E-02 -0.3337188E-02  0.1683670E+01
   04  0.5942789E+01  0.3723421E-02 -0.3300807E-02 -0.3302099E-02  0.1683649E+01
   04  0.5949146E+01  0.3702707E-02 -0.3266555E-02 -0.3267988E-02  0.1683628E+01
   04  0.5955502E+01  0.3682234E-02 -0.3233221E-02 -0.3234797E-02  0.1683608E+01
   04  0.5961859E+01  0.3662040E-02 -0.3200787E-02 -0.3202491E-02  0.1683587E+01
   04  0.5968216E+01  0.3642171E-02 -0.3169257E-02 -0.3171060E-02  0.1683568E+01
   04  0.5974573E+01  0.3622683E-02 -0.3138652E-02 -0.3140517E-02  0.1683548E+01
   04  0.5980930E+01  0.3603640E-02 -0.3109013E-02 -0.3110895E-02  0.1683529E+01
   04  0.5987286E+01  0.3585120E-02 -0.3080399E-02 -0.3082255E-02  0.1683511E+01
   04  0.5993643E+01  0.3567193E-02 -0.3052910E-02 -0.3054664E-02  0.1683493E+01
   04  0.6000000E+01  0.3549937E-02 -0.3026664E-02 -0.3028200E-02  0.1683475E+01
   04  0.6007140E+01  0.3531424E-02 -0.2995729E-02 -0.2996906E-02  0.1683457E+01
   04  0.6014281E+01  0.3514060E-02 -0.2967213E-02 -0.2967928E-02  0.1683440E+01
   04  0.6021421E+01  0.3498005E-02 -0.2941187E-02 -0.2941404E-02  0.1683423E+01
   04  0.6028561E+01  0.3483450E-02 -0.2917770E-02 -0.2917471E-02  0.1683409E+01
   04  0.6035701E+01  0.3470667E-02 -0.2897045E-02 -0.2896345E-02  0.1683396E+01
   04  0.6042842E+01  0.3459860E-02 -0.2879224E-02 -0.2878207E-02  0.1683385E+01
   04  0.6049982E+01  0.3451267E-02 -0.2864554E-02 -0.2863194E-02  0.1683377E+01
   04  0.6057122E+01  0.3445096E-02 -0.2853259E-02 -0.2851471E-02  0.1683371E+01
   04  0.6064263E+01  0.3441491E-02 -0.2845508E-02 -0.2843223E-02  0.1683367E+01
   04  0.6071403E+01  0.3440547E-02 -0.2841414E-02 -0.2838595E-02  0.1683366E+01
   04  0.6078543E+01  0.3442327E-02 -0.2841011E-02 -0.2837681E-02  0.1683368E+01
   04  0.6085683E+01  0.3446805E-02 -0.2844318E-02 -0.2840472E-02  0.1683372E+01
   04  0.6092824E+01  0.3453891E-02 -0.2851256E-02 -0.2846921E-02  0.1683379E+01
   04  0.6099964E+01  0.3463450E-02 -0.2861676E-02 -0.2856840E-02  0.1683389E+01
   04  0.6107104E+01  0.3475247E-02 -0.2875312E-02 -0.2869980E-02  0.1683401E+01
   04  0.6114244E+01  0.3488974E-02 -0.2891803E-02 -0.2885995E-02  0.1683414E+01
   04  0.6121385E+01  0.3504258E-02 -0.2910703E-02 -0.2904453E-02  0.1683430E+01
   04  0.6128525E+01  0.3520627E-02 -0.2931469E-02 -0.2924886E-02  0.1683446E+01
   04  0.6135665E+01  0.3537530E-02 -0.2953568E-02 -0.2946656E-02  0.1683463E+01
   04  0.6142805E+01  0.3554461E-02 -0.2976321E-02 -0.2969107E-02  0.1683480E+01
   04  0.6149946E+01  0.3570936E-02 -0.2999032E-02 -0.2991563E-02  0.1683496E+01
   04  0.6157086E+01  0.3586488E-02 -0.3021019E-02 -0.3013357E-02  0.1683512E+01
   04  0.6164226E+01  0.3600674E-02 -0.3041623E-02 -0.3033851E-02  0.1683526E+01
   04  0.6171366E+01  0.3613066E-02 -0.3060236E-02 -0.3052434E-02  0.1683539E+01
   04  0.6178506E+01  0.3623316E-02 -0.3076349E-02 -0.3068487E-02  0.1683549E+01
   04  0.6185646E+01  0.3631180E-02 -0.3089431E-02 -0.3081509E-02  0.1683557E+01
   04  0.6192787E+01  0.3636447E-02 -0.3098988E-02 -0.3091153E-02  0.1683562E+01
   04  0.6199927E+01  0.3638909E-02 -0.3104703E-02 -0.3097110E-02  0.1683564E+01
   04  0.6207067E+01  0.3638411E-02 -0.3106352E-02 -0.3099132E-02  0.1683564E+01
   04  0.6214207E+01  0.3634858E-02 -0.3103784E-02 -0.3097047E-02  0.1683560E+01
   04  0.6221347E+01  0.3628216E-02 -0.3096928E-02 -0.3090756E-02  0.1683554E+01
   04  0.6228487E+01  0.3618542E-02 -0.3085773E-02 -0.3080261E-02  0.1683544E+01
   04  0.6235627E+01  0.3605917E-02 -0.3070394E-02 -0.3065628E-02  0.1683531E+01
   04  0.6242768E+01  0.3590451E-02 -0.3050972E-02 -0.3046989E-02  0.1683516E+01
   04  0.6249908E+01  0.3572299E-02 -0.3027727E-02 -0.3024538E-02  0.1683498E+01
   04  0.6257048E+01  0.3551645E-02 -0.3000919E-02 -0.2998517E-02  0.1683477E+01
   04  0.6263405E+01  0.3531314E-02 -0.2976919E-02 -0.2975236E-02  0.1683457E+01
   04  0.6269762E+01  0.3509321E-02 -0.2950094E-02 -0.2949135E-02  0.1683435E+01
   04  0.6276119E+01  0.3485834E-02 -0.2920761E-02 -0.2920516E-02  0.1683411E+01
   04  0.6282476E+01  0.3461015E-02 -0.2889256E-02 -0.2889667E-02  0.1683386E+01
   04  0.6288834E+01  0.3435046E-02 -0.2855890E-02 -0.2856888E-02  0.1683360E+01
   04  0.6295191E+01  0.3408107E-02 -0.2820958E-02 -0.2822475E-02  0.1683334E+01
   04  0.6301548E+01  0.3380378E-02 -0.2784750E-02 -0.2786717E-02  0.1683306E+01
   04  0.6307905E+01  0.3352025E-02 -0.2747538E-02 -0.2749898E-02  0.1683277E+01
   04  0.6314262E+01  0.3323213E-02 -0.2709584E-02 -0.2712281E-02  0.1683249E+01
   04  0.6320619E+01  0.3294094E-02 -0.2671136E-02 -0.2674109E-02  0.1683220E+01
   04  0.6326976E+01  0.3264812E-02 -0.2632425E-02 -0.2635609E-02  0.1683190E+01
   04  0.6333333E+01  0.3235501E-02 -0.2593655E-02 -0.2596990E-02  0.1683161E+01
   04  0.6340473E+01  0.3202606E-02 -0.2547357E-02 -0.2550794E-02  0.1683128E+01
   04  0.6347613E+01  0.3169985E-02 -0.2502039E-02 -0.2505520E-02  0.1683095E+01
   04  0.6354753E+01  0.3137776E-02 -0.2457795E-02 -0.2461268E-02  0.1683063E+01
   04  0.6361893E+01  0.3106098E-02 -0.2414705E-02 -0.2418127E-02  0.1683032E+01
   04  0.6369033E+01  0.3075048E-02 -0.2372837E-02 -0.2376171E-02  0.1683000E+01
   04  0.6376173E+01  0.3044705E-02 -0.2332244E-02 -0.2335462E-02  0.1682970E+01
   04  0.6383313E+01  0.3015131E-02 -0.2292967E-02 -0.2296045E-02  0.1682941E+01
   04  0.6390453E+01  0.2986374E-02 -0.2255029E-02 -0.2257951E-02  0.1682912E+01
   04  0.6397593E+01  0.2958464E-02 -0.2218444E-02 -0.2221197E-02  0.1682884E+01
   04  0.6404733E+01  0.2931422E-02 -0.2183210E-02 -0.2185788E-02  0.1682857E+01
   04  0.6411873E+01  0.2905257E-02 -0.2149318E-02 -0.2151717E-02  0.1682831E+01
   04  0.6419013E+01  0.2879969E-02 -0.2116746E-02 -0.2118967E-02  0.1682805E+01
   04  0.6426153E+01  0.2855549E-02 -0.2085465E-02 -0.2087513E-02  0.1682781E+01
   04  0.6433293E+01  0.2831982E-02 -0.2055441E-02 -0.2057320E-02  0.1682757E+01
   04  0.6440432E+01  0.2809249E-02 -0.2026634E-02 -0.2028352E-02  0.1682735E+01
   04  0.6447572E+01  0.2787326E-02 -0.1999000E-02 -0.2000564E-02  0.1682713E+01
   04  0.6454712E+01  0.2766185E-02 -0.1972491E-02 -0.1973911E-02  0.1682692E+01
   04  0.6461852E+01  0.2745798E-02 -0.1947059E-02 -0.1948345E-02  0.1682671E+01
   04  0.6468992E+01  0.2726134E-02 -0.1922655E-02 -0.1923817E-02  0.1682652E+01
   04  0.6476132E+01  0.2707161E-02 -0.1899229E-02 -0.1900277E-02  0.1682633E+01
   04  0.6483272E+01  0.2688847E-02 -0.1876731E-02 -0.1877674E-02  0.1682614E+01
   04  0.6490411E+01  0.2671161E-02 -0.1855114E-02 -0.1855961E-02  0.1682597E+01
   04  0.6497551E+01  0.2654073E-02 -0.1834330E-02 -0.1835091E-02  0.1682580E+01
   04  0.6504691E+01  0.2637551E-02 -0.1814335E-02 -0.1815016E-02  0.1682563E+01
   04  0.6511831E+01  0.2621568E-02 -0.1795085E-02 -0.1795695E-02  0.1682547E+01
   04  0.6518971E+01  0.2606095E-02 -0.1776539E-02 -0.1777085E-02  0.1682532E+01
   04  0.6526110E+01  0.2591106E-02 -0.1758659E-02 -0.1759146E-02  0.1682517E+01
   04  0.6533250E+01  0.2576576E-02 -0.1741407E-02 -0.1741841E-02  0.1682502E+01
   04  0.6540390E+01  0.2562481E-02 -0.1724750E-02 -0.1725136E-02  0.1682488E+01
   04  0.6547530E+01  0.2548799E-02 -0.1708654E-02 -0.1708996E-02  0.1682474E+01
   04  0.6554669E+01  0.2535511E-02 -0.1693090E-02 -0.1693392E-02  0.1682461E+01
   04  0.6561809E+01  0.2522595E-02 -0.1678030E-02 -0.1678295E-02  0.1682448E+01
   04  0.6568949E+01  0.2510035E-02 -0.1663447E-02 -0.1663678E-02  0.1682435E+01
   04  0.6576089E+01  0.2497813E-02 -0.1649317E-02 -0.1649517E-02  0.1682423E+01
   04  0.6583229E+01  0.2485914E-02 -0.1635617E-02 -0.1635788E-02  0.1682411E+01
   04  0.6590368E+01  0.2474323E-02 -0.1622326E-02 -0.1622470E-02  0.1682400E+01
   04  0.6596727E+01  0.2464283E-02 -0.1613139E-02 -0.1613260E-02  0.1682390E+01
   04  0.6603085E+01  0.2454465E-02 -0.1603766E-02 -0.1603866E-02  0.1682380E+01
   04  0.6609443E+01  0.2444859E-02 -0.1594291E-02 -0.1594370E-02  0.1682370E+01
   04  0.6615801E+01  0.2435456E-02 -0.1584781E-02 -0.1584841E-02  0.1682361E+01
   04  0.6622159E+01  0.2426249E-02 -0.1575286E-02 -0.1575328E-02  0.1682352E+01
   04  0.6628517E+01  0.2417230E-02 -0.1565846E-02 -0.1565871E-02  0.1682343E+01
   04  0.6634876E+01  0.2408391E-02 -0.1556489E-02 -0.1556498E-02  0.1682334E+01
   04  0.6641234E+01  0.2399725E-02 -0.1547237E-02 -0.1547231E-02  0.1682325E+01
   04  0.6647592E+01  0.2391222E-02 -0.1538103E-02 -0.1538083E-02  0.1682317E+01
   04  0.6653950E+01  0.2382875E-02 -0.1529097E-02 -0.1529064E-02  0.1682308E+01
   04  0.6660308E+01  0.2374675E-02 -0.1520224E-02 -0.1520178E-02  0.1682300E+01
   04  0.6666667E+01  0.2366611E-02 -0.1511483E-02 -0.1511426E-02  0.1682292E+01
   04  0.6673806E+01  0.2357676E-02 -0.1499297E-02 -0.1499228E-02  0.1682283E+01
   04  0.6680945E+01  0.2348889E-02 -0.1487867E-02 -0.1487787E-02  0.1682274E+01
   04  0.6688085E+01  0.2340231E-02 -0.1477043E-02 -0.1476953E-02  0.1682266E+01
   04  0.6695224E+01  0.2331684E-02 -0.1466703E-02 -0.1466604E-02  0.1682257E+01
   04  0.6702364E+01  0.2323229E-02 -0.1456748E-02 -0.1456638E-02  0.1682249E+01
   04  0.6709503E+01  0.2314842E-02 -0.1447094E-02 -0.1446974E-02  0.1682240E+01
   04  0.6716642E+01  0.2306501E-02 -0.1437670E-02 -0.1437540E-02  0.1682232E+01
   04  0.6723782E+01  0.2298180E-02 -0.1428414E-02 -0.1428273E-02  0.1682224E+01
   04  0.6730921E+01  0.2289853E-02 -0.1419271E-02 -0.1419119E-02  0.1682215E+01
   04  0.6738060E+01  0.2281493E-02 -0.1410192E-02 -0.1410027E-02  0.1682207E+01
   04  0.6745200E+01  0.2273074E-02 -0.1401135E-02 -0.1400955E-02  0.1682199E+01
   04  0.6752339E+01  0.2264570E-02 -0.1392059E-02 -0.1391865E-02  0.1682190E+01
   04  0.6759479E+01  0.2255956E-02 -0.1382929E-02 -0.1382717E-02  0.1682181E+01
   04  0.6766618E+01  0.2247206E-02 -0.1373709E-02 -0.1373479E-02  0.1682173E+01
   04  0.6773757E+01  0.2238298E-02 -0.1364371E-02 -0.1364123E-02  0.1682164E+01
   04  0.6780897E+01  0.2229214E-02 -0.1354891E-02 -0.1354622E-02  0.1682155E+01
   04  0.6788036E+01  0.2219937E-02 -0.1345248E-02 -0.1344957E-02  0.1682145E+01
   04  0.6795176E+01  0.2210464E-02 -0.1335429E-02 -0.1335125E-02  0.1682136E+01
   04  0.6802315E+01  0.2200798E-02 -0.1325441E-02 -0.1325125E-02  0.1682126E+01
   04  0.6809454E+01  0.2190954E-02 -0.1315298E-02 -0.1314969E-02  0.1682116E+01
   04  0.6816593E+01  0.2180953E-02 -0.1305020E-02 -0.1304677E-02  0.1682106E+01
   04  0.6823733E+01  0.2170810E-02 -0.1294618E-02 -0.1294261E-02  0.1682096E+01
   04  0.6830872E+01  0.2160556E-02 -0.1284115E-02 -0.1283751E-02  0.1682086E+01
   04  0.6838011E+01  0.2150254E-02 -0.1273568E-02 -0.1273210E-02  0.1682076E+01
   04  0.6845151E+01  0.2140005E-02 -0.1263076E-02 -0.1262749E-02  0.1682065E+01
   04  0.6852290E+01  0.2129872E-02 -0.1252766E-02 -0.1252449E-02  0.1682055E+01
   04  0.6859429E+01  0.2119933E-02 -0.1242698E-02 -0.1242384E-02  0.1682045E+01
   04  0.6866569E+01  0.2110231E-02 -0.1232895E-02 -0.1232596E-02  0.1682036E+01
   04  0.6873708E+01  0.2100931E-02 -0.1223503E-02 -0.1223239E-02  0.1682026E+01
   04  0.6880847E+01  0.2092273E-02 -0.1214741E-02 -0.1214551E-02  0.1682018E+01
   04  0.6887986E+01  0.2084529E-02 -0.1206872E-02 -0.1206778E-02  0.1682010E+01
   04  0.6895126E+01  0.2077953E-02 -0.1200105E-02 -0.1200111E-02  0.1682003E+01
   04  0.6902265E+01  0.2072508E-02 -0.1194479E-02 -0.1194403E-02  0.1681998E+01
   04  0.6909404E+01  0.2068043E-02 -0.1189641E-02 -0.1189722E-02  0.1681993E+01
   04  0.6916544E+01  0.2064990E-02 -0.1186139E-02 -0.1186369E-02  0.1681990E+01
   04  0.6923683E+01  0.2063721E-02 -0.1184355E-02 -0.1184716E-02  0.1681989E+01
   04  0.6930043E+01  0.2064290E-02 -0.1186546E-02 -0.1187111E-02  0.1681990E+01
   04  0.6936402E+01  0.2066197E-02 -0.1189684E-02 -0.1190435E-02  0.1681992E+01
   04  0.6942762E+01  0.2069201E-02 -0.1193695E-02 -0.1194510E-02  0.1681995E+01
   04  0.6949122E+01  0.2072702E-02 -0.1198137E-02 -0.1198511E-02  0.1681998E+01
   04  0.6955482E+01  0.2076934E-02 -0.1202589E-02 -0.1203351E-02  0.1682002E+01
   04  0.6961841E+01  0.2083289E-02 -0.1209077E-02 -0.1210139E-02  0.1682009E+01
   04  0.6968201E+01  0.2090603E-02 -0.1216598E-02 -0.1217875E-02  0.1682016E+01
   04  0.6974561E+01  0.2097890E-02 -0.1224236E-02 -0.1225646E-02  0.1682023E+01
   04  0.6980921E+01  0.2104322E-02 -0.1231183E-02 -0.1232639E-02  0.1682030E+01
   04  0.6987280E+01  0.2108902E-02 -0.1236562E-02 -0.1237550E-02  0.1682034E+01
   04  0.6993640E+01  0.2110834E-02 -0.1239152E-02 -0.1239786E-02  0.1682036E+01
   04  0.7000000E+01  0.2110050E-02 -0.1239030E-02 -0.1239257E-02  0.1682035E+01
   04  0.7007139E+01  0.2130939E-02 -0.1252742E-02 -0.1252837E-02  0.1682056E+01
   04  0.7014278E+01  0.2134059E-02 -0.1256726E-02 -0.1256711E-02  0.1682059E+01
   04  0.7021416E+01  0.2123880E-02 -0.1251287E-02 -0.1251129E-02  0.1682049E+01
   04  0.7028555E+01  0.2104642E-02 -0.1237977E-02 -0.1237676E-02  0.1682030E+01
   04  0.7035694E+01  0.2078481E-02 -0.1217550E-02 -0.1217124E-02  0.1682004E+01
   04  0.7042833E+01  0.2044248E-02 -0.1186707E-02 -0.1186000E-02  0.1681970E+01
   04  0.7049971E+01  0.2008395E-02 -0.1154242E-02 -0.1153361E-02  0.1681934E+01
   04  0.7057110E+01  0.1975096E-02 -0.1145680E-02 -0.1146633E-02  0.1681901E+01
   04  0.7064249E+01  0.1917910E-02 -0.1112078E-02 -0.1111328E-02  0.1681843E+01
   04  0.7071388E+01  0.1867247E-02 -0.1073798E-02 -0.1073363E-02  0.1681793E+01
   04  0.7078527E+01  0.1816791E-02 -0.1029768E-02 -0.1029471E-02  0.1681742E+01
   04  0.7085665E+01  0.1765049E-02 -0.9820710E-03 -0.9802483E-03  0.1681690E+01
   04  0.7092804E+01  0.1712893E-02 -0.9345054E-03 -0.9316772E-03  0.1681638E+01
   04  0.7099943E+01  0.1661652E-02 -0.8953886E-03 -0.8932128E-03  0.1681587E+01
   04  0.7107082E+01  0.1592723E-02 -0.8009464E-03 -0.7991361E-03  0.1681518E+01
   04  0.7114220E+01  0.1515059E-02 -0.7115763E-03 -0.7113965E-03  0.1681440E+01
   04  0.7121359E+01  0.1447599E-02 -0.6368999E-03 -0.6367084E-03  0.1681373E+01
   04  0.7128498E+01  0.1387673E-02 -0.5732022E-03 -0.5730519E-03  0.1681313E+01
   04  0.7135637E+01  0.1333472E-02 -0.5181008E-03 -0.5180014E-03  0.1681259E+01
   04  0.7142775E+01  0.1284147E-02 -0.4715606E-03 -0.4712870E-03  0.1681210E+01
   04  0.7149914E+01  0.1240361E-02 -0.4390336E-03 -0.4387563E-03  0.1681166E+01
   04  0.7157052E+01  0.1199154E-02 -0.3345580E-03 -0.3340550E-03  0.1681125E+01
   04  0.7164191E+01  0.1164964E-02 -0.2730001E-03 -0.2725784E-03  0.1681090E+01
   04  0.7171329E+01  0.1134246E-02 -0.2266202E-03 -0.2264978E-03  0.1681060E+01
   04  0.7178468E+01  0.1105490E-02 -0.1890884E-03 -0.1889946E-03  0.1681031E+01
   04  0.7185606E+01  0.1079999E-02 -0.1597789E-03 -0.1597061E-03  0.1681005E+01
   04  0.7192745E+01  0.1057458E-02 -0.1364650E-03 -0.1364083E-03  0.1680983E+01
   04  0.7199883E+01  0.1037774E-02 -0.1180178E-03 -0.1179648E-03  0.1680963E+01
   04  0.7207022E+01  0.1020860E-02 -0.7620449E-04 -0.7576555E-04  0.1680946E+01
   04  0.7214160E+01  0.1010761E-02 -0.4500135E-04 -0.3572107E-04  0.1680936E+01
   04  0.7221299E+01  0.1006078E-02 -0.3501161E-04 -0.2796555E-04  0.1680932E+01
   04  0.7228438E+01  0.1001942E-02 -0.2786034E-04 -0.2228441E-04  0.1680927E+01
   04  0.7235576E+01  0.9981355E-03 -0.2246770E-04 -0.1762635E-04  0.1680924E+01
   04  0.7242715E+01  0.9947179E-03 -0.1832867E-04 -0.1409697E-04  0.1680920E+01
   04  0.7249853E+01  0.9917237E-03 -0.1520326E-04 -0.1139113E-04  0.1680917E+01
   04  0.7256992E+01  0.9891798E-03 -0.1276974E-04 -0.9321883E-05  0.1680915E+01
   04  0.7263354E+01  0.9872334E-03  0.0000000E+00  0.0000000E+00  0.1680913E+01
   04  0.7269715E+01  0.9872334E-03  0.0000000E+00  0.0000000E+00  0.1680913E+01
   04  0.7276077E+01  0.9872334E-03  0.0000000E+00  0.0000000E+00  0.1680913E+01
   04  0.7282439E+01  0.9872334E-03  0.0000000E+00  0.0000000E+00  0.1680913E+01
   04  0.7288801E+01  0.9872334E-03  0.0000000E+00  0.0000000E+00  0.1680913E+01
   04  0.7295163E+01  0.9872334E-03  0.0000000E+00  0.0000000E+00  0.1680913E+01
   04  0.7301524E+01  0.9872334E-03  0.0000000E+00  0.0000000E+00  0.1680913E+01
   04  0.7307886E+01  0.9872334E-03  0.0000000E+00  0.0000000E+00  0.1680913E+01
   04  0.7314248E+01  0.9872334E-03  0.0000000E+00  0.0000000E+00  0.1680913E+01
   04  0.7320610E+01  0.9872334E-03  0.0000000E+00  0.0000000E+00  0.1680913E+01
   04  0.7326972E+01  0.9872334E-03  0.0000000E+00  0.0000000E+00  0.1680913E+01
   04  0.7333333E+01  0.9872334E-03  0.0000000E+00  0.0000000E+00  0.1680913E+01
   04  0.7340470E+01  0.9872334E-03  0.0000000E+00  0.0000000E+00  0.1680913E+01
   04  0.7347607E+01  0.9872334E-03  0.0000000E+00  0.0000000E+00  0.1680913E+01
   04  0.7354744E+01  0.9872334E-03  0.0000000E+00  0.0000000E+00  0.1680913E+01
   04  0.7361881E+01  0.9872334E-03  0.0000000E+00  0.0000000E+00  0.1680913E+01
   04  0.7369018E+01  0.9872334E-03  0.0000000E+00  0.0000000E+00  0.1680913E+01
   04  0.7376155E+01  0.9872334E-03  0.0000000E+00  0.0000000E+00  0.1680913E+01
   04  0.7383292E+01  0.9872334E-03  0.0000000E+00  0.0000000E+00  0.1680913E+01
   04  0.7390429E+01  0.9872334E-03  0.0000000E+00  0.0000000E+00  0.1680913E+01
   04  0.7397566E+01  0.9872334E-03  0.0000000E+00  0.0000000E+00  0.1680913E+01
   04  0.7404702E+01  0.9872334E-03  0.0000000E+00  0.0000000E+00  0.1680913E+01
   04  0.7411839E+01  0.9872334E-03  0.0000000E+00  0.0000000E+00  0.1680913E+01
   04  0.7418976E+01  0.9872334E-03  0.0000000E+00  0.0000000E+00  0.1680913E+01
   04  0.7426113E+01  0.9872334E-03  0.0000000E+00  0.0000000E+00  0.1680913E+01
   04  0.7433250E+01  0.9872334E-03  0.0000000E+00  0.0000000E+00  0.1680913E+01
   04  0.7440387E+01  0.9872334E-03  0.0000000E+00  0.0000000E+00  0.1680913E+01
   04  0.7447524E+01  0.9872334E-03  0.0000000E+00  0.0000000E+00  0.1680913E+01
   04  0.7454661E+01  0.9872334E-03  0.0000000E+00  0.0000000E+00  0.1680913E+01
   04  0.7461798E+01  0.9872334E-03  0.0000000E+00  0.0000000E+00  0.1680913E+01
   04  0.7468934E+01  0.9872334E-03  0.0000000E+00  0.0000000E+00  0.1680913E+01
   04  0.7476070E+01  0.9872334E-03  0.0000000E+00  0.0000000E+00  0.1680913E+01
   04  0.7483206E+01  0.9872334E-03  0.0000000E+00  0.0000000E+00  0.1680913E+01
   04  0.7490341E+01  0.9872334E-03  0.0000000E+00  0.0000000E+00  0.1680913E+01
   04  0.7497477E+01  0.9872334E-03  0.0000000E+00  0.0000000E+00  0.1680913E+01
   04  0.7504613E+01  0.9872334E-03  0.0000000E+00  0.0000000E+00  0.1680913E+01
   04  0.7511749E+01  0.9872334E-03  0.0000000E+00  0.0000000E+00  0.1680913E+01
   04  0.7518885E+01  0.9872334E-03  0.0000000E+00  0.0000000E+00  0.1680913E+01
   04  0.7526021E+01  0.9872334E-03  0.0000000E+00  0.0000000E+00  0.1680913E+01
   04  0.7533157E+01  0.9872334E-03  0.0000000E+00  0.0000000E+00  0.1680913E+01
   04  0.7540293E+01  0.9872334E-03  0.0000000E+00  0.0000000E+00  0.1680913E+01
   04  0.7547429E+01  0.9872334E-03  0.0000000E+00  0.0000000E+00  0.1680913E+01
   04  0.7554565E+01  0.9872334E-03  0.0000000E+00  0.0000000E+00  0.1680913E+01
   04  0.7561701E+01  0.9872334E-03  0.0000000E+00  0.0000000E+00  0.1680913E+01
   04  0.7568837E+01  0.9872334E-03  0.0000000E+00  0.0000000E+00  0.1680913E+01
   04  0.7575973E+01  0.9872334E-03  0.0000000E+00  0.0000000E+00  0.1680913E+01
   04  0.7583108E+01  0.9872334E-03  0.0000000E+00  0.0000000E+00  0.1680913E+01
   04  0.7590244E+01  0.9872334E-03  0.0000000E+00  0.0000000E+00  0.1680913E+01
   04  0.7596613E+01  0.9872334E-03  0.0000000E+00  0.0000000E+00  0.1680913E+01
   04  0.7602981E+01  0.9872334E-03  0.0000000E+00  0.0000000E+00  0.1680913E+01
   04  0.7609350E+01  0.9872334E-03  0.0000000E+00  0.0000000E+00  0.1680913E+01
   04  0.7615718E+01  0.9872334E-03  0.0000000E+00  0.0000000E+00  0.1680913E+01
   04  0.7622087E+01  0.9872334E-03  0.0000000E+00  0.0000000E+00  0.1680913E+01
   04  0.7628456E+01  0.9872334E-03  0.0000000E+00  0.0000000E+00  0.1680913E+01
   04  0.7634824E+01  0.9872334E-03  0.0000000E+00  0.0000000E+00  0.1680913E+01
   04  0.7641193E+01  0.9872334E-03  0.0000000E+00  0.0000000E+00  0.1680913E+01
   04  0.7647561E+01  0.9872334E-03  0.0000000E+00  0.0000000E+00  0.1680913E+01
   04  0.7653930E+01  0.9872334E-03  0.0000000E+00  0.0000000E+00  0.1680913E+01
   04  0.7660298E+01  0.9872334E-03  0.0000000E+00  0.0000000E+00  0.1680913E+01
   04  0.7666667E+01  0.9872334E-03  0.0000000E+00  0.0000000E+00  0.1680913E+01
   04  0.7673798E+01  0.9872334E-03  0.0000000E+00  0.0000000E+00  0.1680913E+01
   04  0.7680929E+01  0.9872334E-03  0.0000000E+00  0.0000000E+00  0.1680913E+01
   04  0.7688060E+01  0.9872334E-03  0.0000000E+00  0.0000000E+00  0.1680913E+01
   04  0.7695191E+01  0.9872334E-03  0.0000000E+00  0.0000000E+00  0.1680913E+01
   04  0.7702322E+01  0.9872334E-03  0.0000000E+00  0.0000000E+00  0.1680913E+01
   04  0.7709453E+01  0.9872334E-03  0.0000000E+00  0.0000000E+00  0.1680913E+01
   04  0.7716583E+01  0.9872334E-03  0.0000000E+00  0.0000000E+00  0.1680913E+01
   04  0.7723714E+01  0.9872334E-03  0.0000000E+00  0.0000000E+00  0.1680913E+01
   04  0.7730845E+01  0.9872334E-03  0.0000000E+00  0.0000000E+00  0.1680913E+01
   04  0.7737976E+01  0.9872334E-03  0.0000000E+00  0.0000000E+00  0.1680913E+01
   04  0.7745107E+01  0.9872334E-03  0.0000000E+00  0.0000000E+00  0.1680913E+01
   04  0.7752238E+01  0.9872334E-03  0.0000000E+00  0.0000000E+00  0.1680913E+01
   04  0.7759369E+01  0.9872334E-03  0.0000000E+00  0.0000000E+00  0.1680913E+01
   04  0.7766500E+01  0.9872334E-03  0.0000000E+00  0.0000000E+00  0.1680913E+01
   04  0.7773631E+01  0.9872334E-03  0.0000000E+00  0.0000000E+00  0.1680913E+01
   04  0.7780762E+01  0.9872334E-03  0.0000000E+00  0.0000000E+00  0.1680913E+01
   04  0.7787893E+01  0.9872334E-03  0.0000000E+00  0.0000000E+00  0.1680913E+01
   04  0.7795024E+01  0.9872334E-03  0.0000000E+00  0.0000000E+00  0.1680913E+01
   04  0.7802153E+01  0.9872334E-03  0.0000000E+00  0.0000000E+00  0.1680913E+01
   04  0.7809283E+01  0.9872334E-03  0.0000000E+00  0.0000000E+00  0.1680913E+01
   04  0.7816412E+01  0.9872334E-03  0.0000000E+00  0.0000000E+00  0.1680913E+01
   04  0.7823541E+01  0.9872334E-03  0.0000000E+00  0.0000000E+00  0.1680913E+01
   04  0.7830670E+01  0.9872334E-03  0.0000000E+00  0.0000000E+00  0.1680913E+01
   04  0.7837799E+01  0.9872334E-03  0.0000000E+00  0.0000000E+00  0.1680913E+01
   04  0.7844928E+01  0.9872334E-03  0.0000000E+00  0.0000000E+00  0.1680913E+01
   04  0.7852058E+01  0.9872334E-03  0.0000000E+00  0.0000000E+00  0.1680913E+01
   04  0.7859187E+01  0.9872334E-03  0.0000000E+00  0.0000000E+00  0.1680913E+01
   04  0.7866316E+01  0.9872334E-03  0.0000000E+00  0.0000000E+00  0.1680913E+01
   04  0.7873445E+01  0.9872334E-03  0.0000000E+00  0.0000000E+00  0.1680913E+01
   04  0.7880574E+01  0.9872334E-03  0.0000000E+00  0.0000000E+00  0.1680913E+01
   04  0.7887703E+01  0.9872334E-03  0.0000000E+00  0.0000000E+00  0.1680913E+01
   04  0.7894833E+01  0.9872334E-03  0.0000000E+00  0.0000000E+00  0.1680913E+01
   04  0.7901962E+01  0.9872334E-03  0.0000000E+00  0.0000000E+00  0.1680913E+01
   04  0.7909091E+01  0.9872334E-03  0.0000000E+00  0.0000000E+00  0.1680913E+01
   04  0.7916220E+01  0.9872334E-03  0.0000000E+00  0.0000000E+00  0.1680913E+01
   04  0.7923349E+01  0.9872334E-03  0.0000000E+00  0.0000000E+00  0.1680913E+01
   04  0.7929737E+01  0.9872334E-03  0.0000000E+00  0.0000000E+00  0.1680913E+01
   04  0.7936124E+01  0.9872334E-03  0.0000000E+00  0.0000000E+00  0.1680913E+01
   04  0.7942512E+01  0.9872334E-03  0.0000000E+00  0.0000000E+00  0.1680913E+01
   04  0.7948900E+01  0.9872334E-03  0.0000000E+00  0.0000000E+00  0.1680913E+01
   04  0.7955287E+01  0.9872334E-03  0.0000000E+00  0.0000000E+00  0.1680913E+01
   04  0.7961675E+01  0.9872334E-03  0.0000000E+00  0.0000000E+00  0.1680913E+01
   04  0.7968062E+01  0.9872334E-03  0.0000000E+00  0.0000000E+00  0.1680913E+01
   04  0.7974450E+01  0.9872334E-03  0.0000000E+00  0.0000000E+00  0.1680913E+01
   04  0.7980837E+01  0.9872334E-03  0.0000000E+00  0.0000000E+00  0.1680913E+01
   04  0.7987225E+01  0.9872334E-03  0.0000000E+00  0.0000000E+00  0.1680913E+01
   04  0.7993612E+01  0.9872334E-03  0.0000000E+00  0.0000000E+00  0.1680913E+01
