# gauge_id=     5 location=(  0.8950100000E+02  0.1000000000E-02 ) num_var=  4
# level, time, q[  1  2  3], eta, aux[]
   01  0.0000000E+00  0.0000000E+00  0.0000000E+00  0.0000000E+00  0.1070000E+01
   01  0.1600000E-01  0.0000000E+00  0.0000000E+00  0.0000000E+00  0.1070000E+01
   01  0.1329653E+00  0.0000000E+00  0.0000000E+00  0.0000000E+00  0.1070000E+01
   01  0.2476540E+00  0.0000000E+00  0.0000000E+00  0.0000000E+00  0.1070000E+01
   01  0.3333333E+00  0.0000000E+00  0.0000000E+00  0.0000000E+00  0.1070000E+01
   01  0.4522257E+00  0.0000000E+00  0.0000000E+00  0.0000000E+00  0.1070000E+01
   01  0.5724150E+00  0.0000000E+00  0.0000000E+00  0.0000000E+00  0.1070000E+01
   01  0.6666667E+00  0.0000000E+00  0.0000000E+00  0.0000000E+00  0.1070000E+01
   01  0.7903854E+00  0.0000000E+00  0.0000000E+00  0.0000000E+00  0.1070000E+01
   01  0.9158532E+00  0.0000000E+00  0.0000000E+00  0.0000000E+00  0.1070000E+01
   01  0.1000000E+01  0.0000000E+00  0.0000000E+00  0.0000000E+00  0.1070000E+01
   01  0.1128722E+01  0.0000000E+00  0.0000000E+00  0.0000000E+00  0.1070000E+01
   01  0.1257366E+01  0.0000000E+00  0.0000000E+00  0.0000000E+00  0.1070000E+01
   01  0.1333333E+01  0.0000000E+00  0.0000000E+00  0.0000000E+00  0.1070000E+01
   01  0.1461954E+01  0.0000000E+00  0.0000000E+00  0.0000000E+00  0.1070000E+01
   01  0.1590570E+01  0.0000000E+00  0.0000000E+00  0.0000000E+00  0.1070000E+01
   01  0.1666667E+01  0.0000000E+00  0.0000000E+00  0.0000000E+00  0.1070000E+01
   01  0.1795194E+01  0.0000000E+00  0.0000000E+00  0.0000000E+00  0.1070000E+01
   01  0.1923729E+01  0.0000000E+00  0.0000000E+00  0.0000000E+00  0.1070000E+01
   01  0.2000000E+01  0.0000000E+00  0.0000000E+00  0.0000000E+00  0.1070000E+01
   01  0.2128607E+01  0.0000000E+00  0.0000000E+00  0.0000000E+00  0.1070000E+01
   01  0.2257190E+01  0.0000000E+00  0.0000000E+00  0.0000000E+00  0.1070000E+01
   01  0.2333333E+01  0.0000000E+00  0.0000000E+00  0.0000000E+00  0.1070000E+01
   01  0.2461836E+01  0.0000000E+00  0.0000000E+00  0.0000000E+00  0.1070000E+01
   01  0.2590356E+01  0.0000000E+00  0.0000000E+00  0.0000000E+00  0.1070000E+01
   01  0.2666667E+01  0.0000000E+00  0.0000000E+00  0.0000000E+00  0.1070000E+01
   01  0.2795247E+01  0.0000000E+00  0.0000000E+00  0.0000000E+00  0.1070000E+01
   01  0.2923808E+01  0.0000000E+00  0.0000000E+00  0.0000000E+00  0.1070000E+01
   01  0.3000000E+01  0.0000000E+00  0.0000000E+00  0.0000000E+00  0.1070000E+01
   01  0.3128516E+01  0.0000000E+00  0.0000000E+00  0.0000000E+00  0.1070000E+01
   03  0.3257048E+01  0.0000000E+00  0.0000000E+00  0.0000000E+00  0.5550000E+00
   03  0.3276119E+01  0.0000000E+00  0.0000000E+00  0.0000000E+00  0.5550000E+00
   03  0.3295190E+01  0.0000000E+00  0.0000000E+00  0.0000000E+00  0.5550000E+00
   03  0.3314262E+01  0.0000000E+00  0.0000000E+00  0.0000000E+00  0.5550000E+00
   03  0.3333333E+01  0.0000000E+00  0.0000000E+00  0.0000000E+00  0.5550000E+00
   03  0.3354761E+01  0.0000000E+00  0.0000000E+00  0.0000000E+00  0.5550000E+00
   03  0.3376188E+01  0.0000000E+00  0.0000000E+00  0.0000000E+00  0.5550000E+00
   03  0.3397615E+01  0.0000000E+00  0.0000000E+00  0.0000000E+00  0.5550000E+00
   03  0.3419043E+01  0.0000000E+00  0.0000000E+00  0.0000000E+00  0.5550000E+00
   03  0.3440470E+01  0.0000000E+00  0.0000000E+00  0.0000000E+00  0.5550000E+00
   03  0.3461897E+01  0.0000000E+00  0.0000000E+00  0.0000000E+00  0.5550000E+00
   03  0.3483322E+01  0.0000000E+00  0.0000000E+00  0.0000000E+00  0.5550000E+00
   03  0.3504748E+01  0.0000000E+00  0.0000000E+00  0.0000000E+00  0.5550000E+00
   03  0.3526173E+01  0.0000000E+00  0.0000000E+00  0.0000000E+00  0.5550000E+00
   03  0.3547598E+01  0.0000000E+00  0.0000000E+00  0.0000000E+00  0.5550000E+00
   03  0.3569023E+01  0.0000000E+00  0.0000000E+00  0.0000000E+00  0.5550000E+00
   03  0.3590448E+01  0.0000000E+00  0.0000000E+00  0.0000000E+00  0.5550000E+00
   03  0.3609503E+01  0.0000000E+00  0.0000000E+00  0.0000000E+00  0.5550000E+00
   03  0.3628557E+01  0.0000000E+00  0.0000000E+00  0.0000000E+00  0.5550000E+00
   03  0.3647612E+01  0.0000000E+00  0.0000000E+00  0.0000000E+00  0.5550000E+00
   03  0.3666667E+01  0.0000000E+00  0.0000000E+00  0.0000000E+00  0.5550000E+00
   03  0.3688088E+01  0.0000000E+00  0.0000000E+00  0.0000000E+00  0.5550000E+00
   03  0.3709508E+01  0.0000000E+00  0.0000000E+00  0.0000000E+00  0.5550000E+00
   03  0.3730929E+01  0.0000000E+00  0.0000000E+00  0.0000000E+00  0.5550000E+00
   03  0.3752350E+01  0.0000000E+00  0.0000000E+00  0.0000000E+00  0.5550000E+00
   03  0.3773771E+01  0.0000000E+00  0.0000000E+00  0.0000000E+00  0.5550000E+00
   03  0.3795192E+01  0.0000000E+00  0.0000000E+00  0.0000000E+00  0.5550000E+00
   03  0.3816614E+01  0.0000000E+00  0.0000000E+00  0.0000000E+00  0.5550000E+00
   03  0.3838037E+01  0.0000000E+00  0.0000000E+00  0.0000000E+00  0.5550000E+00
   03  0.3852318E+01  0.0000000E+00  0.0000000E+00  0.0000000E+00  0.5550000E+00
   03  0.3866600E+01  0.0000000E+00  0.0000000E+00  0.0000000E+00  0.5550000E+00
   04  0.3880882E+01  0.0000000E+00  0.0000000E+00  0.0000000E+00  0.2175000E+00
   04  0.3886237E+01  0.0000000E+00  0.0000000E+00  0.0000000E+00  0.2175000E+00
   04  0.3891593E+01  0.0000000E+00  0.0000000E+00  0.0000000E+00  0.2175000E+00
   04  0.3896948E+01  0.0000000E+00  0.0000000E+00  0.0000000E+00  0.2175000E+00
   04  0.3902304E+01  0.0000000E+00  0.0000000E+00  0.0000000E+00  0.2175000E+00
   04  0.3907659E+01  0.0000000E+00  0.0000000E+00  0.0000000E+00  0.2175000E+00
   04  0.3913015E+01  0.0000000E+00  0.0000000E+00  0.0000000E+00  0.2175000E+00
   04  0.3918371E+01  0.0000000E+00  0.0000000E+00  0.0000000E+00  0.2175000E+00
   04  0.3923726E+01  0.0000000E+00  0.0000000E+00  0.0000000E+00  0.2175000E+00
   04  0.3930082E+01  0.0000000E+00  0.0000000E+00  0.0000000E+00  0.2175000E+00
   04  0.3936438E+01  0.0000000E+00  0.0000000E+00  0.0000000E+00  0.2175000E+00
   04  0.3942795E+01  0.0000000E+00  0.0000000E+00  0.0000000E+00  0.2175000E+00
   04  0.3949151E+01  0.0000000E+00  0.0000000E+00  0.0000000E+00  0.2175000E+00
   04  0.3955507E+01  0.0000000E+00  0.0000000E+00  0.0000000E+00  0.2175000E+00
   04  0.3961863E+01  0.0000000E+00  0.0000000E+00  0.0000000E+00  0.2175000E+00
   04  0.3968219E+01  0.0000000E+00  0.0000000E+00  0.0000000E+00  0.2175000E+00
   04  0.3974575E+01  0.0000000E+00  0.0000000E+00  0.0000000E+00  0.2175000E+00
   04  0.3980932E+01  0.0000000E+00  0.0000000E+00  0.0000000E+00  0.2175000E+00
   04  0.3987288E+01  0.0000000E+00  0.0000000E+00  0.0000000E+00  0.2175000E+00
   04  0.3993644E+01  0.0000000E+00  0.0000000E+00  0.0000000E+00  0.2175000E+00
   04  0.4000000E+01  0.0000000E+00  0.0000000E+00  0.0000000E+00  0.2175000E+00
   04  0.4007142E+01  0.0000000E+00  0.0000000E+00  0.0000000E+00  0.2175000E+00
   04  0.4014284E+01  0.0000000E+00  0.0000000E+00  0.0000000E+00  0.2175000E+00
   04  0.4021426E+01  0.0000000E+00  0.0000000E+00  0.0000000E+00  0.2175000E+00
   04  0.4028568E+01  0.0000000E+00  0.0000000E+00  0.0000000E+00  0.2175000E+00
   04  0.4035710E+01  0.0000000E+00  0.0000000E+00  0.0000000E+00  0.2175000E+00
   04  0.4042852E+01  0.0000000E+00  0.0000000E+00  0.0000000E+00  0.2175000E+00
   04  0.4049994E+01  0.0000000E+00  0.0000000E+00  0.0000000E+00  0.2175000E+00
   04  0.4057136E+01  0.0000000E+00  0.0000000E+00  0.0000000E+00  0.2175000E+00
   04  0.4064278E+01  0.0000000E+00  0.0000000E+00  0.0000000E+00  0.2175000E+00
   04  0.4071420E+01  0.0000000E+00  0.0000000E+00  0.0000000E+00  0.2175000E+00
   04  0.4078562E+01  0.0000000E+00  0.0000000E+00  0.0000000E+00  0.2175000E+00
   04  0.4085704E+01  0.0000000E+00  0.0000000E+00  0.0000000E+00  0.2175000E+00
   04  0.4092846E+01  0.0000000E+00  0.0000000E+00  0.0000000E+00  0.2175000E+00
   04  0.4099988E+01  0.0000000E+00  0.0000000E+00  0.0000000E+00  0.2175000E+00
   04  0.4107130E+01  0.0000000E+00  0.0000000E+00  0.0000000E+00  0.2175000E+00
   04  0.4114272E+01  0.0000000E+00  0.0000000E+00  0.0000000E+00  0.2175000E+00
   04  0.4121414E+01  0.0000000E+00  0.0000000E+00  0.0000000E+00  0.2175000E+00
   04  0.4128556E+01  0.0000000E+00  0.0000000E+00  0.0000000E+00  0.2175000E+00
   04  0.4135697E+01  0.2044516E+00  0.9144772E+00  0.1171649E-01  0.3118666E+00
   04  0.4142839E+01  0.3318907E+00  0.1574299E+01  0.1917071E-01  0.4393057E+00
   04  0.4149980E+01  0.4824727E+00  0.2368359E+01  0.2751511E-01  0.5898877E+00
   04  0.4157121E+01  0.6216010E+00  0.3109741E+01  0.3476259E-01  0.7290160E+00
   04  0.4164263E+01  0.7435987E+00  0.3724452E+01  0.4055894E-01  0.8510137E+00
   04  0.4171404E+01  0.8394469E+00  0.4167505E+01  0.4425791E-01  0.9468619E+00
   04  0.4178546E+01  0.9121813E+00  0.4446440E+01  0.4635916E-01  0.1019596E+01
   04  0.4185687E+01  0.9664494E+00  0.4597082E+01  0.4691072E-01  0.1073864E+01
   04  0.4192828E+01  0.1011474E+01  0.4649975E+01  0.4636165E-01  0.1118889E+01
   04  0.4199970E+01  0.1049566E+01  0.4665308E+01  0.4541087E-01  0.1156981E+01
   04  0.4207111E+01  0.1085034E+01  0.4675522E+01  0.4410925E-01  0.1192449E+01
   04  0.4214252E+01  0.1118703E+01  0.4684066E+01  0.4244423E-01  0.1226118E+01
   04  0.4221394E+01  0.1151526E+01  0.4694954E+01  0.4032981E-01  0.1258941E+01
   04  0.4228535E+01  0.1180497E+01  0.4715809E+01  0.3835236E-01  0.1287912E+01
   04  0.4235677E+01  0.1209705E+01  0.4715080E+01  0.3533615E-01  0.1317120E+01
   04  0.4242818E+01  0.1234921E+01  0.4702779E+01  0.3264176E-01  0.1342336E+01
   04  0.4249959E+01  0.1259378E+01  0.4688747E+01  0.3026062E-01  0.1366793E+01
   04  0.4257101E+01  0.1283312E+01  0.4672115E+01  0.2808618E-01  0.1390727E+01
   04  0.4263453E+01  0.1294668E+01  0.4656031E+01  0.2587805E-01  0.1402083E+01
   04  0.4269806E+01  0.1306601E+01  0.4643314E+01  0.2388495E-01  0.1414016E+01
   04  0.4276159E+01  0.1318145E+01  0.4626677E+01  0.2229166E-01  0.1425560E+01
   04  0.4282512E+01  0.1328595E+01  0.4604315E+01  0.2107699E-01  0.1436010E+01
   04  0.4288864E+01  0.1337575E+01  0.4575858E+01  0.2013127E-01  0.1444990E+01
   04  0.4295217E+01  0.1345625E+01  0.4543462E+01  0.1922658E-01  0.1453040E+01
   04  0.4301570E+01  0.1354192E+01  0.4513082E+01  0.1867079E-01  0.1461607E+01
   04  0.4307922E+01  0.1362093E+01  0.4474671E+01  0.1787050E-01  0.1469508E+01
   04  0.4314275E+01  0.1369295E+01  0.4429452E+01  0.1674106E-01  0.1476710E+01
   04  0.4320628E+01  0.1376292E+01  0.4378050E+01  0.1536970E-01  0.1483707E+01
   04  0.4326981E+01  0.1382054E+01  0.4321103E+01  0.1436058E-01  0.1489469E+01
   04  0.4333333E+01  0.1385250E+01  0.4254672E+01  0.1566659E-01  0.1492665E+01
   04  0.4340474E+01  0.1396954E+01  0.4180233E+01  0.1547546E-01  0.1504369E+01
   04  0.4347614E+01  0.1410464E+01  0.4101797E+01  0.1536884E-01  0.1517879E+01
   04  0.4354755E+01  0.1423577E+01  0.4019664E+01  0.1482784E-01  0.1530992E+01
   04  0.4361895E+01  0.1435895E+01  0.3932244E+01  0.1424571E-01  0.1543310E+01
   04  0.4369036E+01  0.1442663E+01  0.3843583E+01  0.1385199E-01  0.1550078E+01
   04  0.4376176E+01  0.1447798E+01  0.3752829E+01  0.1373651E-01  0.1555213E+01
   04  0.4383317E+01  0.1451733E+01  0.3660614E+01  0.1384924E-01  0.1559148E+01
   04  0.4390457E+01  0.1454795E+01  0.3566899E+01  0.1446856E-01  0.1562210E+01
   04  0.4397598E+01  0.1459609E+01  0.3468945E+01  0.1454640E-01  0.1567024E+01
   04  0.4404738E+01  0.1461706E+01  0.3370946E+01  0.1547486E-01  0.1569121E+01
   04  0.4411879E+01  0.1463484E+01  0.3271202E+01  0.1657829E-01  0.1570899E+01
   04  0.4419019E+01  0.1464899E+01  0.3169498E+01  0.1766748E-01  0.1572314E+01
   04  0.4426160E+01  0.1465881E+01  0.3065701E+01  0.1864497E-01  0.1573296E+01
   04  0.4433300E+01  0.1466389E+01  0.2959761E+01  0.1947223E-01  0.1573804E+01
   04  0.4440441E+01  0.1466398E+01  0.2851682E+01  0.2016300E-01  0.1573813E+01
   04  0.4447581E+01  0.1465921E+01  0.2741612E+01  0.2064122E-01  0.1573336E+01
   04  0.4454722E+01  0.1464975E+01  0.2629754E+01  0.2085280E-01  0.1572390E+01
   04  0.4461862E+01  0.1463560E+01  0.2516293E+01  0.2077685E-01  0.1570975E+01
   04  0.4469003E+01  0.1461674E+01  0.2401451E+01  0.2034786E-01  0.1569089E+01
   04  0.4476144E+01  0.1459322E+01  0.2285473E+01  0.1957920E-01  0.1566737E+01
   04  0.4483285E+01  0.1456498E+01  0.2168585E+01  0.1846357E-01  0.1563913E+01
   04  0.4490426E+01  0.1453216E+01  0.2051039E+01  0.1701701E-01  0.1560631E+01
   04  0.4497567E+01  0.1449496E+01  0.1933105E+01  0.1528147E-01  0.1556911E+01
   04  0.4504708E+01  0.1445328E+01  0.1814997E+01  0.1321531E-01  0.1552743E+01
   04  0.4511849E+01  0.1440740E+01  0.1696978E+01  0.1092682E-01  0.1548155E+01
   04  0.4518990E+01  0.1435752E+01  0.1579285E+01  0.8482016E-02  0.1543167E+01
   04  0.4526131E+01  0.1430354E+01  0.1462084E+01  0.6075127E-02  0.1537769E+01
   04  0.4533272E+01  0.1424570E+01  0.1345541E+01  0.3809542E-02  0.1531985E+01
   04  0.4540413E+01  0.1418431E+01  0.1229761E+01  0.1687492E-02  0.1525846E+01
   04  0.4547554E+01  0.1411942E+01  0.1114788E+01 -0.2960732E-03  0.1519357E+01
   04  0.4554695E+01  0.1405152E+01  0.1000663E+01 -0.2031326E-02  0.1512567E+01
   04  0.4561836E+01  0.1398111E+01  0.8873755E+00 -0.3439739E-02  0.1505526E+01
   04  0.4568977E+01  0.1390869E+01  0.7748714E+00 -0.4521730E-02  0.1498284E+01
   04  0.4576118E+01  0.1383482E+01  0.6630760E+00 -0.5356870E-02  0.1490897E+01
   04  0.4583259E+01  0.1375992E+01  0.5518899E+00 -0.5997266E-02  0.1483407E+01
   04  0.4590400E+01  0.1368423E+01  0.4412060E+00 -0.6521142E-02  0.1475838E+01
   04  0.4596755E+01  0.1361630E+01  0.3430838E+00 -0.6910678E-02  0.1469045E+01
   04  0.4603111E+01  0.1354798E+01  0.2452539E+00 -0.7266265E-02  0.1462213E+01
   04  0.4609466E+01  0.1347929E+01  0.1477436E+00 -0.7673399E-02  0.1455344E+01
   04  0.4615822E+01  0.1341002E+01  0.5063310E-01 -0.8144858E-02  0.1448417E+01
   04  0.4622178E+01  0.1334010E+01 -0.4600204E-01 -0.8666499E-02  0.1441425E+01
   04  0.4628533E+01  0.1326914E+01 -0.1420336E+00 -0.9186912E-02  0.1434329E+01
   04  0.4634889E+01  0.1319667E+01 -0.2373036E+00 -0.9701299E-02  0.1427082E+01
   04  0.4641244E+01  0.1312233E+01 -0.3315760E+00 -0.1017851E-01  0.1419648E+01
   04  0.4647600E+01  0.1304560E+01 -0.4245947E+00 -0.1065316E-01  0.1411975E+01
   04  0.4653955E+01  0.1296610E+01 -0.5161060E+00 -0.1109918E-01  0.1404025E+01
   04  0.4660311E+01  0.1288359E+01 -0.6058774E+00 -0.1146430E-01  0.1395774E+01
   04  0.4666667E+01  0.1279775E+01 -0.6936957E+00 -0.1176015E-01  0.1387190E+01
   04  0.4673808E+01  0.1269719E+01 -0.7899238E+00 -0.1201433E-01  0.1377134E+01
   04  0.4680950E+01  0.1259226E+01 -0.8833398E+00 -0.1218285E-01  0.1366641E+01
   04  0.4688091E+01  0.1248318E+01 -0.9739030E+00 -0.1226985E-01  0.1355733E+01
   04  0.4695232E+01  0.1237040E+01 -0.1061692E+01 -0.1224325E-01  0.1344455E+01
   04  0.4702374E+01  0.1225460E+01 -0.1146908E+01 -0.1215969E-01  0.1332875E+01
   04  0.4709515E+01  0.1213677E+01 -0.1229860E+01 -0.1202048E-01  0.1321092E+01
   04  0.4716657E+01  0.1201791E+01 -0.1310916E+01 -0.1185001E-01  0.1309206E+01
   04  0.4723798E+01  0.1189901E+01 -0.1390485E+01 -0.1168734E-01  0.1297316E+01
   04  0.4730940E+01  0.1178109E+01 -0.1468981E+01 -0.1159354E-01  0.1285524E+01
   04  0.4738081E+01  0.1166488E+01 -0.1546764E+01 -0.1160383E-01  0.1273903E+01
   04  0.4745223E+01  0.1155074E+01 -0.1624087E+01 -0.1168975E-01  0.1262489E+01
   04  0.4752364E+01  0.1143883E+01 -0.1701086E+01 -0.1180305E-01  0.1251298E+01
   04  0.4759505E+01  0.1132910E+01 -0.1777752E+01 -0.1190655E-01  0.1240325E+01
   04  0.4766647E+01  0.1122112E+01 -0.1853913E+01 -0.1195331E-01  0.1229527E+01
   04  0.4773788E+01  0.1111416E+01 -0.1929256E+01 -0.1188040E-01  0.1218831E+01
   04  0.4780930E+01  0.1100739E+01 -0.2003372E+01 -0.1162899E-01  0.1208154E+01
   04  0.4788071E+01  0.1089995E+01 -0.2075803E+01 -0.1113643E-01  0.1197410E+01
   04  0.4795213E+01  0.1079102E+01 -0.2146089E+01 -0.1036503E-01  0.1186517E+01
   04  0.4802354E+01  0.1067988E+01 -0.2213817E+01 -0.9328285E-02  0.1175403E+01
   04  0.4809495E+01  0.1056608E+01 -0.2278689E+01 -0.8049659E-02  0.1164023E+01
   04  0.4816636E+01  0.1044943E+01 -0.2340532E+01 -0.6579370E-02  0.1152358E+01
   04  0.4823776E+01  0.1032999E+01 -0.2399311E+01 -0.5001916E-02  0.1140414E+01
   04  0.4830917E+01  0.1020802E+01 -0.2455116E+01 -0.3410115E-02  0.1128217E+01
   04  0.4838058E+01  0.1008396E+01 -0.2508139E+01 -0.1940288E-02  0.1115811E+01
   04  0.4845199E+01  0.9958358E+00 -0.2558641E+01 -0.6839601E-03  0.1103251E+01
   04  0.4852340E+01  0.9831766E+00 -0.2606899E+01  0.2578758E-03  0.1090592E+01
   04  0.4859481E+01  0.9704756E+00 -0.2653185E+01  0.8406806E-03  0.1077891E+01
   04  0.4866622E+01  0.9575131E+00 -0.2696944E+01  0.9951231E-03  0.1064928E+01
   04  0.4873763E+01  0.9445849E+00 -0.2738830E+01  0.6365161E-03  0.1052000E+01
   04  0.4880904E+01  0.9318634E+00 -0.2780121E+01 -0.4932975E-04  0.1039278E+01
   04  0.4888045E+01  0.9193487E+00 -0.2820147E+01 -0.1135532E-02  0.1026764E+01
   04  0.4895186E+01  0.9065876E+00 -0.2858797E+01 -0.2507351E-02  0.1014003E+01
   04  0.4902327E+01  0.8940463E+00 -0.2894640E+01 -0.4020902E-02  0.1001461E+01
   04  0.4909468E+01  0.8812680E+00 -0.2927427E+01 -0.5577381E-02  0.9886830E+00
   04  0.4916609E+01  0.8682114E+00 -0.2957052E+01 -0.7185084E-02  0.9756264E+00
   04  0.4923750E+01  0.8550219E+00 -0.2983947E+01 -0.8723752E-02  0.9624369E+00
   04  0.4930104E+01  0.8431988E+00 -0.3005623E+01 -0.9982234E-02  0.9506138E+00
   04  0.4936458E+01  0.8313157E+00 -0.3025369E+01 -0.1111844E-01  0.9387307E+00
   04  0.4942812E+01  0.8193903E+00 -0.3043275E+01 -0.1211202E-01  0.9268053E+00
   04  0.4949167E+01  0.8074329E+00 -0.3059393E+01 -0.1296341E-01  0.9148479E+00
   04  0.4955521E+01  0.7954523E+00 -0.3073764E+01 -0.1368273E-01  0.9028673E+00
   04  0.4961875E+01  0.7834552E+00 -0.3086412E+01 -0.1425870E-01  0.8908702E+00
   04  0.4968229E+01  0.7714497E+00 -0.3097371E+01 -0.1470370E-01  0.8788647E+00
   04  0.4974583E+01  0.7594468E+00 -0.3106689E+01 -0.1503470E-01  0.8668618E+00
   04  0.4980937E+01  0.7474559E+00 -0.3114417E+01 -0.1525684E-01  0.8548709E+00
   04  0.4984115E+01  0.7414703E+00 -0.3117541E+01 -0.1533181E-01  0.8488853E+00
   04  0.4987292E+01  0.7354925E+00 -0.3120297E+01 -0.1538276E-01  0.8429075E+00
   04  0.4990469E+01  0.7295238E+00 -0.3122692E+01 -0.1540911E-01  0.8369388E+00
   04  0.4993646E+01  0.7235649E+00 -0.3124731E+01 -0.1540989E-01  0.8309799E+00
   04  0.4996823E+01  0.7176166E+00 -0.3126420E+01 -0.1538424E-01  0.8250316E+00
   04  0.5000000E+01  0.7116795E+00 -0.3127760E+01 -0.1533138E-01  0.8190945E+00
   04  0.5005356E+01  0.7016907E+00 -0.3129391E+01 -0.1515481E-01  0.8091057E+00
   04  0.5010711E+01  0.6917284E+00 -0.3129989E+01 -0.1487800E-01  0.7991434E+00
   04  0.5016067E+01  0.6817863E+00 -0.3129503E+01 -0.1449234E-01  0.7892013E+00
   04  0.5021422E+01  0.6718554E+00 -0.3127863E+01 -0.1399000E-01  0.7792704E+00
   04  0.5026778E+01  0.6619238E+00 -0.3124978E+01 -0.1336511E-01  0.7693388E+00
   04  0.5032133E+01  0.6519779E+00 -0.3120746E+01 -0.1261530E-01  0.7593929E+00
   04  0.5037489E+01  0.6420071E+00 -0.3115080E+01 -0.1174680E-01  0.7494221E+00
   04  0.5042844E+01  0.6320046E+00 -0.3107920E+01 -0.1077404E-01  0.7394196E+00
   04  0.5049985E+01  0.6186210E+00 -0.3096236E+01 -0.9349654E-02  0.7260360E+00
   04  0.5057125E+01  0.6051877E+00 -0.3081885E+01 -0.7893268E-02  0.7126027E+00
   04  0.5064266E+01  0.5917270E+00 -0.3065016E+01 -0.6498229E-02  0.6991420E+00
   04  0.5071407E+01  0.5782726E+00 -0.3045896E+01 -0.5222198E-02  0.6856876E+00
   04  0.5078547E+01  0.5648689E+00 -0.3024909E+01 -0.4119815E-02  0.6722839E+00
   04  0.5085688E+01  0.5515801E+00 -0.3002605E+01 -0.3225806E-02  0.6589951E+00
   04  0.5092829E+01  0.5384802E+00 -0.2979628E+01 -0.2554478E-02  0.6458952E+00
   04  0.5099969E+01  0.5256355E+00 -0.2956594E+01 -0.2113301E-02  0.6330505E+00
   04  0.5107110E+01  0.5130896E+00 -0.2933958E+01 -0.1877562E-02  0.6205046E+00
   04  0.5109490E+01  0.5089879E+00 -0.2926477E+01 -0.1822733E-02  0.6164029E+00
   04  0.5111871E+01  0.5049231E+00 -0.2919085E+01 -0.1783879E-02  0.6123381E+00
   04  0.5114251E+01  0.5008952E+00 -0.2911786E+01 -0.1760194E-02  0.6083102E+00
   04  0.5116631E+01  0.4969012E+00 -0.2904561E+01 -0.1750973E-02  0.6043162E+00
   04  0.5119011E+01  0.4929357E+00 -0.2897366E+01 -0.1754986E-02  0.6003507E+00
   04  0.5121392E+01  0.4889927E+00 -0.2890155E+01 -0.1770890E-02  0.5964077E+00
   04  0.5123772E+01  0.4850654E+00 -0.2882872E+01 -0.1797136E-02  0.5924804E+00
   04  0.5126152E+01  0.4811426E+00 -0.2875427E+01 -0.1831968E-02  0.5885576E+00
   04  0.5128532E+01  0.4772092E+00 -0.2867692E+01 -0.1874061E-02  0.5846242E+00
   04  0.5135673E+01  0.4651545E+00 -0.2841604E+01 -0.2075290E-02  0.5725695E+00
   04  0.5142814E+01  0.4525960E+00 -0.2809381E+01 -0.2279279E-02  0.5600110E+00
   04  0.5149955E+01  0.4391134E+00 -0.2767281E+01 -0.2465170E-02  0.5465284E+00
   04  0.5157096E+01  0.4244772E+00 -0.2713089E+01 -0.2628368E-02  0.5318922E+00
   04  0.5164237E+01  0.4088168E+00 -0.2647573E+01 -0.2782540E-02  0.5162318E+00
   04  0.5171378E+01  0.3924274E+00 -0.2573004E+01 -0.2962374E-02  0.4998424E+00
   04  0.5174948E+01  0.3841372E+00 -0.2533596E+01 -0.3045618E-02  0.4915522E+00
   04  0.5178519E+01  0.3758101E+00 -0.2493162E+01 -0.3096433E-02  0.4832251E+00
   04  0.5182089E+01  0.3674251E+00 -0.2451526E+01 -0.3115580E-02  0.4748401E+00
   04  0.5185660E+01  0.3589622E+00 -0.2408514E+01 -0.3103292E-02  0.4663772E+00
   04  0.5189230E+01  0.3504050E+00 -0.2363973E+01 -0.3060058E-02  0.4578200E+00
   04  0.5192800E+01  0.3417252E+00 -0.2317639E+01 -0.2980213E-02  0.4491402E+00
   04  0.5196371E+01  0.3329143E+00 -0.2269411E+01 -0.2868885E-02  0.4403293E+00
   04  0.5199941E+01  0.3239701E+00 -0.2219235E+01 -0.2727200E-02  0.4313851E+00
   04  0.5203512E+01  0.3149196E+00 -0.2167322E+01 -0.2562261E-02  0.4223346E+00
   04  0.5207082E+01  0.3057930E+00 -0.2113894E+01 -0.2378708E-02  0.4132080E+00
   04  0.5210653E+01  0.2966077E+00 -0.2059065E+01 -0.2179999E-02  0.4040227E+00
   04  0.5214223E+01  0.2873817E+00 -0.2002963E+01 -0.1969339E-02  0.3947967E+00
   04  0.5219579E+01  0.2734887E+00 -0.1916819E+01 -0.1631612E-02  0.3809037E+00
   04  0.5224935E+01  0.2595641E+00 -0.1828303E+01 -0.1282858E-02  0.3669791E+00
   04  0.5230290E+01  0.2456183E+00 -0.1737587E+01 -0.9430826E-03  0.3530333E+00
   04  0.5235646E+01  0.2316296E+00 -0.1644663E+01 -0.6291249E-03  0.3390446E+00
   04  0.5241002E+01  0.2175374E+00 -0.1549299E+01 -0.3562109E-03  0.3249524E+00
   04  0.5246357E+01  0.2032539E+00 -0.1451101E+01 -0.1387217E-03  0.3106689E+00
   04  0.5247696E+01  0.1996284E+00 -0.1425851E+01 -0.9199854E-04  0.3070434E+00
   04  0.5249035E+01  0.1959769E+00 -0.1400348E+01 -0.4931297E-04  0.3033919E+00
   04  0.5250374E+01  0.1922975E+00 -0.1374582E+01 -0.1019223E-04  0.2997125E+00
   04  0.5251713E+01  0.1885890E+00 -0.1348549E+01  0.2532987E-04  0.2960040E+00
   04  0.5253052E+01  0.1848509E+00 -0.1322243E+01  0.5724155E-04  0.2922659E+00
   04  0.5254391E+01  0.1810826E+00 -0.1295663E+01  0.8554851E-04  0.2884976E+00
   04  0.5255730E+01  0.1772827E+00 -0.1268802E+01  0.1102774E-03  0.2846977E+00
   04  0.5257069E+01  0.1734510E+00 -0.1241658E+01  0.1314773E-03  0.2808660E+00
   04  0.5263424E+01  0.1551000E+00 -0.1111394E+01  0.1548952E-03  0.2625150E+00
   04  0.5269779E+01  0.1363204E+00 -0.9767287E+00  0.1152831E-03  0.2437354E+00
   04  0.5276135E+01  0.1174267E+00 -0.8398706E+00  0.3773155E-04  0.2248417E+00
   04  0.5282490E+01  0.9889325E-01 -0.7042960E+00 -0.5330990E-04  0.2063082E+00
   04  0.5288846E+01  0.8160931E-01 -0.5762510E+00 -0.1405098E-03  0.1890243E+00
   04  0.5295201E+01  0.6620562E-01 -0.4606002E+00 -0.2124261E-03  0.1736206E+00
   04  0.5301556E+01  0.5309578E-01 -0.3608489E+00 -0.2633452E-03  0.1605108E+00
   04  0.5307912E+01  0.4235665E-01 -0.2782986E+00 -0.2918094E-03  0.1497716E+00
   04  0.5314267E+01  0.3386269E-01 -0.2126486E+00 -0.3011363E-03  0.1412777E+00
   04  0.5320623E+01  0.2718831E-01 -0.1612538E+00 -0.2953253E-03  0.1346033E+00
   04  0.5326978E+01  0.2205812E-01 -0.1221653E+00 -0.2795618E-03  0.1294731E+00
   04  0.5333333E+01  0.1822314E-01 -0.9332003E-01 -0.2589983E-03  0.1256381E+00
   04  0.5340474E+01  0.1531525E-01 -0.7136696E-01 -0.2363450E-03  0.1227303E+00
   04  0.5347615E+01  0.1361438E-01 -0.5797465E-01 -0.2177287E-03  0.1210294E+00
   04  0.5354756E+01  0.1269574E-01 -0.5023161E-01 -0.2004835E-03  0.1201107E+00
   04  0.5361897E+01  0.1218917E-01 -0.4546739E-01 -0.1860101E-03  0.1196042E+00
   04  0.5369038E+01  0.1185510E-01 -0.4206779E-01 -0.1733935E-03  0.1192701E+00
   04  0.5376179E+01  0.1149315E-01 -0.3895138E-01 -0.1613994E-03  0.1189082E+00
   04  0.5383320E+01  0.1111853E-01 -0.3611602E-01 -0.1499423E-03  0.1185335E+00
   04  0.5390460E+01  0.1082031E-01 -0.3385372E-01 -0.1414321E-03  0.1182353E+00
   04  0.5397601E+01  0.1056866E-01 -0.3197376E-01 -0.1331589E-03  0.1179837E+00
   04  0.5404742E+01  0.1034906E-01 -0.3037077E-01 -0.1251016E-03  0.1177641E+00
   04  0.5411883E+01  0.1015336E-01 -0.2898069E-01 -0.1172113E-03  0.1175684E+00
   04  0.5419024E+01  0.9974847E-02 -0.2775452E-01 -0.1095636E-03  0.1173898E+00
   04  0.5426165E+01  0.9809404E-02 -0.2665900E-01 -0.1022074E-03  0.1172244E+00
   04  0.5433306E+01  0.9654091E-02 -0.2566956E-01 -0.9517618E-04  0.1170691E+00
   04  0.5440447E+01  0.9506957E-02 -0.2476817E-01 -0.8848881E-04  0.1169220E+00
   04  0.5447588E+01  0.9366680E-02 -0.2394129E-01 -0.8215529E-04  0.1167817E+00
   04  0.5454728E+01  0.9232391E-02 -0.2317864E-01 -0.7617995E-04  0.1166474E+00
   04  0.5461869E+01  0.9103534E-02 -0.2247229E-01 -0.7056276E-04  0.1165185E+00
   04  0.5469010E+01  0.8979767E-02 -0.2181609E-01 -0.6530037E-04  0.1163948E+00
   04  0.5476151E+01  0.8860883E-02 -0.2120507E-01 -0.6038614E-04  0.1162759E+00
   04  0.5483291E+01  0.8746766E-02 -0.2063524E-01 -0.5581118E-04  0.1161618E+00
   04  0.5490432E+01  0.8637350E-02 -0.2010329E-01 -0.5156450E-04  0.1160523E+00
   04  0.5497573E+01  0.8532593E-02 -0.1960640E-01 -0.4763333E-04  0.1159476E+00
   04  0.5504713E+01  0.8432460E-02 -0.1914214E-01 -0.4400361E-04  0.1158475E+00
   04  0.5511854E+01  0.8336906E-02 -0.1870833E-01 -0.4066025E-04  0.1157519E+00
   04  0.5518995E+01  0.8245871E-02 -0.1830298E-01 -0.3758749E-04  0.1156609E+00
   04  0.5526135E+01  0.8159275E-02 -0.1792428E-01 -0.3476911E-04  0.1155743E+00
   04  0.5531491E+01  0.8097496E-02 -0.1766820E-01 -0.3283256E-04  0.1155125E+00
   04  0.5536846E+01  0.8038086E-02 -0.1742437E-01 -0.3102014E-04  0.1154531E+00
   04  0.5542202E+01  0.7980987E-02 -0.1719222E-01 -0.2932520E-04  0.1153960E+00
   04  0.5547557E+01  0.7926133E-02 -0.1697120E-01 -0.2774115E-04  0.1153411E+00
   04  0.5552913E+01  0.7873454E-02 -0.1676074E-01 -0.2626155E-04  0.1152885E+00
   04  0.5558268E+01  0.7822872E-02 -0.1656031E-01 -0.2488001E-04  0.1152379E+00
   04  0.5563624E+01  0.7774305E-02 -0.1636938E-01 -0.2359022E-04  0.1151893E+00
   04  0.5568979E+01  0.7727665E-02 -0.1618742E-01 -0.2238604E-04  0.1151427E+00
   04  0.5574334E+01  0.7682860E-02 -0.1601391E-01 -0.2126145E-04  0.1150979E+00
   04  0.5579690E+01  0.7639797E-02 -0.1584834E-01 -0.2021065E-04  0.1150548E+00
   04  0.5585045E+01  0.7598376E-02 -0.1569021E-01 -0.1922802E-04  0.1150134E+00
   04  0.5590401E+01  0.7558489E-02 -0.1553902E-01 -0.1830998E-04  0.1149735E+00
   04  0.5596756E+01  0.7512857E-02 -0.1536078E-01 -0.1728833E-04  0.1149279E+00
   04  0.5603112E+01  0.7469083E-02 -0.1519162E-01 -0.1634186E-04  0.1148841E+00
   04  0.5609467E+01  0.7426981E-02 -0.1503070E-01 -0.1546486E-04  0.1148420E+00
   04  0.5615823E+01  0.7386380E-02 -0.1487718E-01 -0.1464880E-04  0.1148014E+00
   04  0.5622178E+01  0.7347111E-02 -0.1473030E-01 -0.1388470E-04  0.1147621E+00
   04  0.5628534E+01  0.7309007E-02 -0.1458931E-01 -0.1316427E-04  0.1147240E+00
   04  0.5634889E+01  0.7271902E-02 -0.1445349E-01 -0.1247997E-04  0.1146869E+00
   04  0.5641245E+01  0.7235631E-02 -0.1432215E-01 -0.1182508E-04  0.1146506E+00
   04  0.5647600E+01  0.7200021E-02 -0.1419463E-01 -0.1119575E-04  0.1146150E+00
   04  0.5653956E+01  0.7164915E-02 -0.1407028E-01 -0.1058671E-04  0.1145799E+00
   04  0.5660311E+01  0.7130158E-02 -0.1394850E-01 -0.9993339E-05  0.1145452E+00
   04  0.5666667E+01  0.7095604E-02 -0.1382872E-01 -0.9411983E-05  0.1145106E+00
   04  0.5673807E+01  0.7056746E-02 -0.1368991E-01 -0.8765508E-05  0.1144717E+00
   04  0.5680947E+01  0.7017788E-02 -0.1355302E-01 -0.8128095E-05  0.1144328E+00
   04  0.5688088E+01  0.6978560E-02 -0.1341731E-01 -0.7496835E-05  0.1143936E+00
   04  0.5695228E+01  0.6938902E-02 -0.1328213E-01 -0.6869073E-05  0.1143539E+00
   04  0.5702368E+01  0.6898528E-02 -0.1314666E-01 -0.6238062E-05  0.1143135E+00
   04  0.5709508E+01  0.6857289E-02 -0.1301029E-01 -0.5606450E-05  0.1142723E+00
   04  0.5716649E+01  0.6815104E-02 -0.1287262E-01 -0.4978597E-05  0.1142301E+00
   04  0.5723789E+01  0.6771671E-02 -0.1273289E-01 -0.4346066E-05  0.1141867E+00
   04  0.5730929E+01  0.6729077E-02 -0.1259408E-01 -0.3840474E-05  0.1141441E+00
   04  0.5738070E+01  0.6688977E-02 -0.1246029E-01 -0.3345070E-05  0.1141040E+00
   04  0.5745210E+01  0.6647532E-02 -0.1232850E-01 -0.2847006E-05  0.1140625E+00
   04  0.5752350E+01  0.6601225E-02 -0.1218361E-01 -0.2146808E-05  0.1140162E+00
   04  0.5759491E+01  0.6546239E-02 -0.1204596E-01 -0.1783543E-05  0.1139612E+00
   04  0.5766631E+01  0.6480474E-02 -0.1186246E-01 -0.1226758E-05  0.1138955E+00
   04  0.5773771E+01  0.6384672E-02 -0.1160177E-01  0.1188960E-05  0.1137997E+00
   04  0.5780911E+01  0.6327730E-02 -0.1128714E-01  0.1249847E-05  0.1137427E+00
   04  0.5788052E+01  0.6272756E-02 -0.1116843E-01  0.2214513E-05  0.1136878E+00
   04  0.5795192E+01  0.6248811E-02 -0.1105461E-01 -0.1876824E-05  0.1136638E+00
   04  0.5799476E+01  0.6464879E-02 -0.1111279E-01  0.2446988E-05  0.1138799E+00
   04  0.5803761E+01  0.6728664E-02 -0.1133930E-01  0.1094953E-04  0.1141437E+00
   04  0.5808045E+01  0.7000584E-02 -0.1168566E-01  0.2558653E-04  0.1144156E+00
   04  0.5812329E+01  0.7226371E-02 -0.1225819E-01  0.3811085E-04  0.1146414E+00
   04  0.5816613E+01  0.7414674E-02 -0.1300241E-01  0.4970351E-04  0.1148297E+00
   04  0.5820183E+01  0.7537956E-02 -0.1371921E-01  0.5984704E-04  0.1149530E+00
   04  0.5823753E+01  0.7633938E-02 -0.1445455E-01  0.6904510E-04  0.1150489E+00
   04  0.5827324E+01  0.7708315E-02 -0.1517796E-01  0.7708587E-04  0.1151233E+00
   04  0.5832679E+01  0.7834076E-02 -0.1569176E-01  0.9187279E-04  0.1152491E+00
   04  0.5838034E+01  0.8101570E-02 -0.1552369E-01  0.1090283E-03  0.1155166E+00
   04  0.5842318E+01  0.8243458E-02 -0.1469989E-01  0.1172459E-03  0.1156585E+00
   04  0.5846603E+01  0.9130260E-02 -0.1286822E-01  0.1735050E-03  0.1165453E+00
   04  0.5850887E+01  0.1086723E-01 -0.9766169E-02  0.2933410E-03  0.1182822E+00
   04  0.5855171E+01  0.1329242E-01 -0.5867176E-02  0.4753157E-03  0.1207074E+00
   04  0.5859455E+01  0.1628507E-01 -0.1321873E-02  0.6884800E-03  0.1237001E+00
   04  0.5863025E+01  0.1920118E-01  0.2952787E-02  0.8962556E-03  0.1266162E+00
   04  0.5866596E+01  0.2249602E-01  0.7690827E-02  0.1131412E-02  0.1299110E+00
   04  0.5870166E+01  0.2611844E-01  0.1281467E-01  0.1395582E-02  0.1335334E+00
   04  0.5873736E+01  0.3003160E-01  0.1825026E-01  0.1683757E-02  0.1374466E+00
   04  0.5877306E+01  0.3415291E-01  0.2394601E-01  0.1989656E-02  0.1415679E+00
   04  0.5880876E+01  0.3842948E-01  0.2988169E-01  0.2311269E-02  0.1458445E+00
   04  0.5886231E+01  0.4517637E-01  0.3932956E-01  0.2825935E-02  0.1525914E+00
   04  0.5891587E+01  0.5429518E-01  0.5096916E-01  0.3590689E-02  0.1617102E+00
   04  0.5896942E+01  0.6377215E-01  0.6284719E-01  0.4329496E-02  0.1711872E+00
   04  0.5902297E+01  0.7334680E-01  0.7423147E-01  0.5045799E-02  0.1807618E+00
   04  0.5907653E+01  0.8300508E-01  0.8504243E-01  0.5738945E-02  0.1904201E+00
   04  0.5913008E+01  0.9275021E-01  0.9527083E-01  0.6419159E-02  0.2001652E+00
   04  0.5918363E+01  0.1025540E+00  0.1049614E+00  0.7090876E-02  0.2099690E+00
   04  0.5923718E+01  0.1124172E+00  0.1138466E+00  0.7737790E-02  0.2198322E+00
   04  0.5930075E+01  0.1242528E+00  0.1236813E+00  0.8521137E-02  0.2316678E+00
   04  0.5936432E+01  0.1338931E+00  0.1331853E+00  0.9188210E-02  0.2413081E+00
   04  0.5942789E+01  0.1434516E+00  0.1419776E+00  0.9740624E-02  0.2508666E+00
   04  0.5949146E+01  0.1529589E+00  0.1498728E+00  0.1032087E-01  0.2603739E+00
   04  0.5955502E+01  0.1624084E+00  0.1567004E+00  0.1093866E-01  0.2698234E+00
   04  0.5961859E+01  0.1717951E+00  0.1624387E+00  0.1156860E-01  0.2792101E+00
   04  0.5968216E+01  0.1811586E+00  0.1671653E+00  0.1219262E-01  0.2885736E+00
   04  0.5974573E+01  0.1903761E+00  0.1706936E+00  0.1279860E-01  0.2977911E+00
   04  0.5980930E+01  0.1995412E+00  0.1733033E+00  0.1350053E-01  0.3069562E+00
   04  0.5987286E+01  0.2086858E+00  0.1750955E+00  0.1419889E-01  0.3161008E+00
   04  0.5993643E+01  0.2180578E+00  0.1760134E+00  0.1488360E-01  0.3254728E+00
   04  0.6000000E+01  0.2273341E+00  0.1760455E+00  0.1554482E-01  0.3347491E+00
   04  0.6007140E+01  0.2373673E+00  0.1747207E+00  0.1621884E-01  0.3447823E+00
   04  0.6014281E+01  0.2468255E+00  0.1716707E+00  0.1677989E-01  0.3542405E+00
   04  0.6021421E+01  0.2556400E+00  0.1669724E+00  0.1719735E-01  0.3630550E+00
   04  0.6028561E+01  0.2638245E+00  0.1606612E+00  0.1746374E-01  0.3712395E+00
   04  0.6035701E+01  0.2712411E+00  0.1527006E+00  0.1756404E-01  0.3786561E+00
   04  0.6042842E+01  0.2779599E+00  0.1435231E+00  0.1750398E-01  0.3853749E+00
   04  0.6049982E+01  0.2841895E+00  0.1335038E+00  0.1728755E-01  0.3916045E+00
   04  0.6057122E+01  0.2898952E+00  0.1227329E+00  0.1693119E-01  0.3973102E+00
   04  0.6064263E+01  0.2950257E+00  0.1113274E+00  0.1644277E-01  0.4024407E+00
   04  0.6071403E+01  0.2995537E+00  0.9932812E-01  0.1582921E-01  0.4069687E+00
   04  0.6078543E+01  0.3034845E+00  0.8689965E-01  0.1510735E-01  0.4108995E+00
   04  0.6085683E+01  0.3068178E+00  0.7417289E-01  0.1430136E-01  0.4142328E+00
   04  0.6092824E+01  0.3095795E+00  0.6129748E-01  0.1342672E-01  0.4169945E+00
   04  0.6099964E+01  0.3117979E+00  0.4844105E-01  0.1247466E-01  0.4192129E+00
   04  0.6107104E+01  0.3134707E+00  0.3572334E-01  0.1146196E-01  0.4208857E+00
   04  0.6114244E+01  0.3146245E+00  0.2313700E-01  0.1040390E-01  0.4220395E+00
   04  0.6121385E+01  0.3152889E+00  0.1073536E-01  0.9309284E-02  0.4227039E+00
   04  0.6128525E+01  0.3154683E+00 -0.1405680E-02  0.8154798E-02  0.4228833E+00
   04  0.6135665E+01  0.3151800E+00 -0.1328665E-01  0.6944729E-02  0.4225950E+00
   04  0.6142805E+01  0.3143861E+00 -0.2499116E-01  0.5679206E-02  0.4218011E+00
   04  0.6149946E+01  0.3130641E+00 -0.3657430E-01  0.4370407E-02  0.4204791E+00
   04  0.6157086E+01  0.3112354E+00 -0.4796043E-01  0.3042190E-02  0.4186504E+00
   04  0.6164226E+01  0.3089195E+00 -0.5906833E-01  0.1706871E-02  0.4163345E+00
   04  0.6171366E+01  0.3061218E+00 -0.6954513E-01  0.3785106E-03  0.4135368E+00
   04  0.6178506E+01  0.3028706E+00 -0.7963020E-01 -0.9299267E-03  0.4102856E+00
   04  0.6185646E+01  0.2991590E+00 -0.8892806E-01 -0.2211888E-02  0.4065740E+00
   04  0.6192787E+01  0.2950315E+00 -0.9771551E-01 -0.3471983E-02  0.4024465E+00
   04  0.6199927E+01  0.2905344E+00 -0.1060227E+00 -0.4667365E-02  0.3979494E+00
   04  0.6207067E+01  0.2857307E+00 -0.1138971E+00 -0.5803013E-02  0.3931457E+00
   04  0.6214207E+01  0.2806536E+00 -0.1213484E+00 -0.6873218E-02  0.3880686E+00
   04  0.6221347E+01  0.2753407E+00 -0.1284776E+00 -0.7868037E-02  0.3827557E+00
   04  0.6228487E+01  0.2698277E+00 -0.1353697E+00 -0.8789327E-02  0.3772427E+00
   04  0.6235627E+01  0.2641294E+00 -0.1420771E+00 -0.9636183E-02  0.3715444E+00
   04  0.6242768E+01  0.2582337E+00 -0.1485580E+00 -0.1041817E-01  0.3656487E+00
   04  0.6249908E+01  0.2521640E+00 -0.1550532E+00 -0.1115944E-01  0.3595790E+00
   04  0.6257048E+01  0.2457119E+00 -0.1606696E+00 -0.1184806E-01  0.3531269E+00
   04  0.6263405E+01  0.2396872E+00 -0.1650540E+00 -0.1243359E-01  0.3471022E+00
   04  0.6269762E+01  0.2334354E+00 -0.1691520E+00 -0.1297943E-01  0.3408504E+00
   04  0.6276119E+01  0.2269021E+00 -0.1721963E+00 -0.1346334E-01  0.3343171E+00
   04  0.6282476E+01  0.2200836E+00 -0.1747535E+00 -0.1387136E-01  0.3274986E+00
   04  0.6288834E+01  0.2129804E+00 -0.1765302E+00 -0.1423451E-01  0.3203954E+00
   04  0.6295191E+01  0.2056299E+00 -0.1775715E+00 -0.1452530E-01  0.3130449E+00
   04  0.6301548E+01  0.1980645E+00 -0.1779054E+00 -0.1473619E-01  0.3054795E+00
   04  0.6307905E+01  0.1903320E+00 -0.1774389E+00 -0.1489311E-01  0.2977470E+00
   04  0.6314262E+01  0.1824462E+00 -0.1761855E+00 -0.1501903E-01  0.2898612E+00
   04  0.6320619E+01  0.1743971E+00 -0.1742720E+00 -0.1507118E-01  0.2818121E+00
   04  0.6326976E+01  0.1662080E+00 -0.1716974E+00 -0.1505368E-01  0.2736230E+00
   04  0.6333333E+01  0.1579028E+00 -0.1684642E+00 -0.1496828E-01  0.2653178E+00
   04  0.6340473E+01  0.1484930E+00 -0.1641870E+00 -0.1478070E-01  0.2559080E+00
   04  0.6347613E+01  0.1390282E+00 -0.1591916E+00 -0.1449604E-01  0.2464432E+00
   04  0.6354753E+01  0.1295148E+00 -0.1534439E+00 -0.1412356E-01  0.2369298E+00
   04  0.6361893E+01  0.1199841E+00 -0.1469816E+00 -0.1366889E-01  0.2273991E+00
   04  0.6369033E+01  0.1104722E+00 -0.1398675E+00 -0.1313987E-01  0.2178872E+00
   04  0.6376173E+01  0.1009945E+00 -0.1321098E+00 -0.1255475E-01  0.2084095E+00
   04  0.6383313E+01  0.9156802E-01 -0.1237660E+00 -0.1193565E-01  0.1989830E+00
   04  0.6390453E+01  0.8318323E-01 -0.1161990E+00 -0.1123954E-01  0.1905982E+00
   04  0.6397593E+01  0.7591700E-01 -0.1095704E+00 -0.1046021E-01  0.1833320E+00
   04  0.6404733E+01  0.6891049E-01 -0.1028120E+00 -0.9680005E-02  0.1763255E+00
   04  0.6411873E+01  0.6217413E-01 -0.9598105E-01 -0.8897923E-02  0.1695891E+00
   04  0.6419013E+01  0.5571508E-01 -0.8911619E-01 -0.8124795E-02  0.1631301E+00
   04  0.6426153E+01  0.4955266E-01 -0.8221465E-01 -0.7367958E-02  0.1569677E+00
   04  0.6433293E+01  0.4370613E-01 -0.7520037E-01 -0.6636477E-02  0.1511211E+00
   04  0.6440432E+01  0.3819896E-01 -0.6807266E-01 -0.5939672E-02  0.1456140E+00
   04  0.6447572E+01  0.3305358E-01 -0.6088781E-01 -0.5285493E-02  0.1404686E+00
   04  0.6454712E+01  0.2831173E-01 -0.5377057E-01 -0.4679938E-02  0.1357267E+00
   04  0.6461852E+01  0.2404478E-01 -0.4696256E-01 -0.4119642E-02  0.1314598E+00
   04  0.6468992E+01  0.2010649E-01 -0.4026519E-01 -0.3614150E-02  0.1275215E+00
   04  0.6476132E+01  0.1657818E-01 -0.3391107E-01 -0.3157733E-02  0.1239932E+00
   04  0.6483272E+01  0.1352066E-01 -0.2809305E-01 -0.2740356E-02  0.1209357E+00
   04  0.6490411E+01  0.1094946E-01 -0.2291848E-01 -0.2353971E-02  0.1183645E+00
   04  0.6497551E+01  0.8844877E-02 -0.1843283E-01 -0.1995054E-02  0.1162599E+00
   04  0.6504691E+01  0.7167015E-02 -0.1463586E-01 -0.1665703E-02  0.1145820E+00
   04  0.6511831E+01  0.5868410E-02 -0.1151993E-01 -0.1365700E-02  0.1132834E+00
   04  0.6518971E+01  0.4893639E-02 -0.9046813E-02 -0.1102396E-02  0.1123086E+00
   04  0.6526110E+01  0.4181984E-02 -0.7147205E-02 -0.8797799E-03  0.1115970E+00
   04  0.6533250E+01  0.3673608E-02 -0.5732204E-02 -0.6987047E-03  0.1110886E+00
   04  0.6540390E+01  0.3314455E-02 -0.4707212E-02 -0.5542331E-03  0.1107295E+00
   04  0.6547530E+01  0.3060989E-02 -0.3978018E-02 -0.4410219E-03  0.1104760E+00
   04  0.6554669E+01  0.2880568E-02 -0.3463219E-02 -0.3535846E-03  0.1102956E+00
   04  0.6561809E+01  0.2749003E-02 -0.3097568E-02 -0.2856660E-03  0.1101640E+00
   04  0.6568949E+01  0.2650157E-02 -0.2834263E-02 -0.2325351E-03  0.1100652E+00
   04  0.6576089E+01  0.2573296E-02 -0.2640795E-02 -0.1905795E-03  0.1099883E+00
   04  0.6583229E+01  0.2510829E-02 -0.2494417E-02 -0.1570387E-03  0.1099258E+00
   04  0.6590368E+01  0.2453683E-02 -0.2375661E-02 -0.1299140E-03  0.1098687E+00
   04  0.6596727E+01  0.2400424E-02 -0.2284659E-02 -0.1099867E-03  0.1098154E+00
   04  0.6603085E+01  0.2343671E-02 -0.2198740E-02 -0.9299264E-04  0.1097587E+00
   04  0.6609443E+01  0.2287884E-02 -0.2119391E-02 -0.7846031E-04  0.1097029E+00
   04  0.6615801E+01  0.2235318E-02 -0.2047161E-02 -0.6606354E-04  0.1096503E+00
   04  0.6622159E+01  0.2185280E-02 -0.1980349E-02 -0.5551270E-04  0.1096003E+00
   04  0.6628517E+01  0.2136528E-02 -0.1917557E-02 -0.4665375E-04  0.1095515E+00
   04  0.6634876E+01  0.2088614E-02 -0.1857983E-02 -0.3919841E-04  0.1095036E+00
   04  0.6641234E+01  0.2041129E-02 -0.1800556E-02 -0.3287790E-04  0.1094561E+00
   04  0.6647592E+01  0.1993636E-02 -0.1744123E-02 -0.2750595E-04  0.1094086E+00
   04  0.6653950E+01  0.1946762E-02 -0.1689062E-02 -0.2291355E-04  0.1093618E+00
   04  0.6660308E+01  0.1901181E-02 -0.1635926E-02 -0.1896816E-04  0.1093162E+00
   04  0.6666667E+01  0.1857526E-02 -0.1585299E-02 -0.1557289E-04  0.1092725E+00
   04  0.6673806E+01  0.1811438E-02 -0.1528200E-02 -0.1231387E-04  0.1092264E+00
   04  0.6680945E+01  0.1768567E-02 -0.1476361E-02 -0.9603705E-05  0.1091836E+00
   04  0.6688085E+01  0.1729451E-02 -0.1430024E-02 -0.7384684E-05  0.1091445E+00
   04  0.6695224E+01  0.1694401E-02 -0.1389313E-02 -0.5612425E-05  0.1091094E+00
   04  0.6702364E+01  0.1663494E-02 -0.1354222E-02 -0.4250198E-05  0.1090785E+00
   04  0.6709503E+01  0.1635800E-02 -0.1323421E-02 -0.3147953E-05  0.1090508E+00
   04  0.6716642E+01  0.1610661E-02 -0.1295706E-02 -0.2796139E-05  0.1090257E+00
   04  0.6723782E+01  0.1587855E-02 -0.1270583E-02 -0.2625950E-05  0.1090029E+00
   04  0.6730921E+01  0.1567437E-02 -0.1248005E-02 -0.2500037E-05  0.1089824E+00
   04  0.6738060E+01  0.1562562E-02 -0.1243353E-02 -0.2591166E-05  0.1089776E+00
   04  0.6745200E+01  0.1563980E-02 -0.1247401E-02 -0.3398935E-05  0.1089790E+00
   04  0.6752339E+01  0.1570415E-02 -0.1258463E-02 -0.4508310E-05  0.1089854E+00
   04  0.6759479E+01  0.1581654E-02 -0.1275981E-02 -0.5855610E-05  0.1089967E+00
   04  0.6766618E+01  0.1597569E-02 -0.1300130E-02 -0.7765008E-05  0.1090126E+00
   04  0.6773757E+01  0.1615934E-02 -0.1308962E-02 -0.7860493E-05  0.1090309E+00
   04  0.6780897E+01  0.1640540E-02 -0.1314240E-02 -0.6428034E-05  0.1090555E+00
   04  0.6788036E+01  0.1703418E-02 -0.1146678E-02 -0.4203134E-05  0.1091184E+00
   04  0.6795176E+01  0.1839278E-02 -0.8555624E-03 -0.3124314E-05  0.1092543E+00
   04  0.6802315E+01  0.1974235E-02 -0.6700702E-03 -0.4962663E-05  0.1093892E+00
   04  0.6809454E+01  0.2152978E-02 -0.5753595E-03 -0.2357154E-04  0.1095680E+00
   04  0.6816593E+01  0.2405460E-02 -0.4940919E-03 -0.6771719E-04  0.1098205E+00
   04  0.6823733E+01  0.2974198E-02 -0.8258565E-04 -0.1877485E-03  0.1103892E+00
   04  0.6830872E+01  0.3998786E-02  0.6924432E-03 -0.4009520E-03  0.1114138E+00
   04  0.6838011E+01  0.5497920E-02  0.1802116E-02 -0.7200521E-03  0.1129129E+00
   04  0.6845151E+01  0.7471128E-02  0.3255519E-02 -0.1155655E-02  0.1148861E+00
   04  0.6852290E+01  0.9864148E-02  0.5114667E-02 -0.1695908E-02  0.1172791E+00
   04  0.6859429E+01  0.1263555E-01  0.7425105E-02 -0.2354882E-02  0.1200506E+00
   04  0.6866569E+01  0.1583413E-01  0.1016926E-01 -0.3145249E-02  0.1232491E+00
   04  0.6873708E+01  0.1955343E-01  0.1341191E-01 -0.4093030E-02  0.1269684E+00
   04  0.6880847E+01  0.2382485E-01  0.1716964E-01 -0.5180310E-02  0.1312399E+00
   04  0.6887986E+01  0.2857921E-01  0.2127572E-01 -0.6381979E-02  0.1359942E+00
   04  0.6895126E+01  0.3369084E-01  0.2555060E-01 -0.7661825E-02  0.1411058E+00
   04  0.6902265E+01  0.3905823E-01  0.2982564E-01 -0.8992271E-02  0.1464732E+00
   04  0.6909404E+01  0.4460438E-01  0.3397466E-01 -0.1034730E-01  0.1520194E+00
   04  0.6916544E+01  0.5026742E-01  0.3792191E-01 -0.1170222E-01  0.1576824E+00
   04  0.6923683E+01  0.5601139E-01  0.4159571E-01 -0.1303038E-01  0.1634264E+00
   04  0.6930043E+01  0.6115865E-01  0.4451297E-01 -0.1416931E-01  0.1685737E+00
   04  0.6936402E+01  0.6627235E-01  0.4703612E-01 -0.1523894E-01  0.1736874E+00
   04  0.6942762E+01  0.7097115E-01  0.4944776E-01 -0.1612081E-01  0.1783862E+00
   04  0.6949122E+01  0.7525343E-01  0.5178352E-01 -0.1687499E-01  0.1826684E+00
   04  0.6955482E+01  0.7957655E-01  0.5376622E-01 -0.1756639E-01  0.1869916E+00
   04  0.6961841E+01  0.8392545E-01  0.5544740E-01 -0.1820348E-01  0.1913404E+00
   04  0.6968201E+01  0.8823475E-01  0.5672876E-01 -0.1881739E-01  0.1956498E+00
   04  0.6974561E+01  0.9253928E-01  0.5765799E-01 -0.1940038E-01  0.1999543E+00
   04  0.6980921E+01  0.9680574E-01  0.5823555E-01 -0.1995070E-01  0.2042207E+00
   04  0.6987280E+01  0.1010286E+00  0.5845212E-01 -0.2054699E-01  0.2084436E+00
   04  0.6993640E+01  0.1052408E+00  0.5840798E-01 -0.2118223E-01  0.2126558E+00
   04  0.7000000E+01  0.1094541E+00  0.5810624E-01 -0.2184291E-01  0.2168691E+00
   04  0.7007139E+01  0.1141794E+00  0.5749802E-01 -0.2261725E-01  0.2215944E+00
   04  0.7014278E+01  0.1188896E+00  0.5657914E-01 -0.2342893E-01  0.2263046E+00
   04  0.7021416E+01  0.1235746E+00  0.5569409E-01 -0.2427666E-01  0.2309896E+00
   04  0.7028555E+01  0.1282589E+00  0.5408197E-01 -0.2514150E-01  0.2356739E+00
   04  0.7035694E+01  0.1327000E+00  0.5184673E-01 -0.2596359E-01  0.2401150E+00
   04  0.7042833E+01  0.1368755E+00  0.4885632E-01 -0.2671528E-01  0.2442905E+00
   04  0.7049971E+01  0.1407172E+00  0.4530454E-01 -0.2742325E-01  0.2481322E+00
   04  0.7057110E+01  0.1442028E+00  0.4114956E-01 -0.2803712E-01  0.2516178E+00
   04  0.7064249E+01  0.1472453E+00  0.3651647E-01 -0.2845382E-01  0.2546603E+00
   04  0.7071388E+01  0.1498261E+00  0.3145466E-01 -0.2866582E-01  0.2572411E+00
   04  0.7078527E+01  0.1519337E+00  0.2598323E-01 -0.2867266E-01  0.2593487E+00
   04  0.7085665E+01  0.1535603E+00  0.2015506E-01 -0.2847478E-01  0.2609753E+00
   04  0.7092804E+01  0.1547033E+00  0.1409126E-01 -0.2807614E-01  0.2621183E+00
   04  0.7099943E+01  0.1553785E+00  0.7871124E-02 -0.2748494E-01  0.2627935E+00
   04  0.7107082E+01  0.1555717E+00  0.1606312E-02 -0.2670729E-01  0.2629867E+00
   04  0.7114220E+01  0.1553101E+00 -0.4735052E-02 -0.2580270E-01  0.2627251E+00
   04  0.7121359E+01  0.1546008E+00 -0.1112625E-01 -0.2479173E-01  0.2620158E+00
   04  0.7128498E+01  0.1534583E+00 -0.1747976E-01 -0.2370280E-01  0.2608733E+00
   04  0.7135637E+01  0.1519019E+00 -0.2373446E-01 -0.2255608E-01  0.2593169E+00
   04  0.7142775E+01  0.1499526E+00 -0.2984779E-01 -0.2137089E-01  0.2573676E+00
   04  0.7149914E+01  0.1476152E+00 -0.3578007E-01 -0.2013251E-01  0.2550302E+00
   04  0.7157052E+01  0.1448987E+00 -0.4148997E-01 -0.1883005E-01  0.2523137E+00
   04  0.7164191E+01  0.1418093E+00 -0.4694622E-01 -0.1747359E-01  0.2492243E+00
   04  0.7171329E+01  0.1383401E+00 -0.5204331E-01 -0.1609497E-01  0.2457551E+00
   04  0.7178468E+01  0.1345867E+00 -0.5662832E-01 -0.1470685E-01  0.2420017E+00
   04  0.7185606E+01  0.1306117E+00 -0.6101104E-01 -0.1326638E-01  0.2380267E+00
   04  0.7192745E+01  0.1264397E+00 -0.6498131E-01 -0.1174610E-01  0.2338547E+00
   04  0.7199883E+01  0.1220180E+00 -0.6848922E-01 -0.1019268E-01  0.2294330E+00
   04  0.7207022E+01  0.1173623E+00 -0.7147994E-01 -0.8644428E-02  0.2247773E+00
   04  0.7214160E+01  0.1124858E+00 -0.7390812E-01 -0.7118354E-02  0.2199008E+00
   04  0.7221299E+01  0.1074037E+00 -0.7573259E-01 -0.5629427E-02  0.2148187E+00
   04  0.7228438E+01  0.1021351E+00 -0.7692898E-01 -0.4181333E-02  0.2095501E+00
   04  0.7235576E+01  0.9671142E-01 -0.7749804E-01 -0.2789718E-02  0.2041264E+00
   04  0.7242715E+01  0.9113764E-01 -0.7743483E-01 -0.1454102E-02  0.1985526E+00
   04  0.7249853E+01  0.8535775E-01 -0.7582208E-01 -0.1759961E-03  0.1927727E+00
   04  0.7256992E+01  0.7948211E-01 -0.7459473E-01  0.1080962E-02  0.1868971E+00
   04  0.7263354E+01  0.7420152E-01 -0.7275918E-01  0.2135499E-02  0.1816165E+00
   04  0.7269715E+01  0.6888639E-01 -0.7056954E-01  0.3137123E-02  0.1763014E+00
   04  0.7276077E+01  0.6354792E-01 -0.6803365E-01  0.4087669E-02  0.1709629E+00
   04  0.7282439E+01  0.5825346E-01 -0.6528889E-01  0.4887182E-02  0.1656685E+00
   04  0.7288801E+01  0.5398256E-01 -0.6269100E-01  0.5187530E-02  0.1613976E+00
   04  0.7295163E+01  0.4980150E-01 -0.6017394E-01  0.5401428E-02  0.1572165E+00
   04  0.7301524E+01  0.4574947E-01 -0.5753766E-01  0.5529650E-02  0.1531645E+00
   04  0.7307886E+01  0.4182659E-01 -0.5483356E-01  0.5582490E-02  0.1492416E+00
   04  0.7314248E+01  0.3803916E-01 -0.5205778E-01  0.5560546E-02  0.1454542E+00
   04  0.7320610E+01  0.3439323E-01 -0.4920214E-01  0.5470706E-02  0.1418082E+00
   04  0.7326972E+01  0.3089387E-01 -0.4617347E-01  0.5321223E-02  0.1383089E+00
   04  0.7333333E+01  0.2754996E-01 -0.4286856E-01  0.5123319E-02  0.1349650E+00
   04  0.7340470E+01  0.2400533E-01 -0.3892587E-01  0.4847123E-02  0.1314203E+00
   04  0.7347607E+01  0.2066792E-01 -0.3478894E-01  0.4529117E-02  0.1280829E+00
   04  0.7354744E+01  0.1758676E-01 -0.3060698E-01  0.4172807E-02  0.1250018E+00
   04  0.7361881E+01  0.1481476E-01 -0.2652716E-01  0.3784213E-02  0.1222298E+00
   04  0.7369018E+01  0.1237839E-01 -0.2265724E-01  0.3369420E-02  0.1197934E+00
   04  0.7376155E+01  0.1028381E-01 -0.1908223E-01  0.2939660E-02  0.1176988E+00
   04  0.7383292E+01  0.8518769E-02 -0.1585972E-01  0.2512385E-02  0.1159338E+00
   04  0.7390429E+01  0.7063893E-02 -0.1302250E-01  0.2101818E-02  0.1144789E+00
   04  0.7397566E+01  0.5893192E-02 -0.1059252E-01  0.1727200E-02  0.1133082E+00
   04  0.7404702E+01  0.4974696E-02 -0.8572343E-02  0.1399059E-02  0.1123897E+00
   04  0.7411839E+01  0.4270266E-02 -0.6943012E-02  0.1119110E-02  0.1116853E+00
   04  0.7418976E+01  0.3738162E-02 -0.5659964E-02  0.8867408E-03  0.1111532E+00
   04  0.7426113E+01  0.3342521E-02 -0.4675734E-02  0.6987109E-03  0.1107575E+00
   04  0.7433250E+01  0.3033684E-02 -0.3925243E-02  0.5486510E-03  0.1104487E+00
   04  0.7440387E+01  0.2783485E-02 -0.3345674E-02  0.4270819E-03  0.1101985E+00
   04  0.7447524E+01  0.2592077E-02 -0.2903288E-02  0.3311890E-03  0.1100071E+00
   04  0.7454661E+01  0.2444674E-02 -0.2567863E-02  0.2568843E-03  0.1098597E+00
   04  0.7461798E+01  0.2327564E-02 -0.2311842E-02  0.1991630E-03  0.1097426E+00
   04  0.7468934E+01  0.2232768E-02 -0.2114275E-02  0.1546716E-03  0.1096478E+00
   04  0.7476070E+01  0.2154656E-02 -0.1959432E-02  0.1205090E-03  0.1095697E+00
   04  0.7483206E+01  0.2085181E-02 -0.1828495E-02  0.9377889E-04  0.1095002E+00
   04  0.7490341E+01  0.2022515E-02 -0.1715925E-02  0.7263099E-04  0.1094375E+00
   04  0.7497477E+01  0.1963496E-02 -0.1618592E-02  0.5578138E-04  0.1093785E+00
   04  0.7504613E+01  0.1907162E-02 -0.1532427E-02  0.4235198E-04  0.1093222E+00
   04  0.7511749E+01  0.1852027E-02 -0.1454008E-02  0.3175237E-04  0.1092670E+00
   04  0.7518885E+01  0.1797744E-02 -0.1382191E-02  0.2342974E-04  0.1092127E+00
   04  0.7526021E+01  0.1743235E-02 -0.1313486E-02  0.1696484E-04  0.1091582E+00
   04  0.7533157E+01  0.1693478E-02 -0.1251238E-02  0.1214232E-04  0.1091085E+00
   04  0.7540293E+01  0.1651634E-02 -0.1198467E-02  0.8647299E-05  0.1090666E+00
   04  0.7547429E+01  0.1616199E-02 -0.1154294E-02  0.6127004E-05  0.1090312E+00
   04  0.7554565E+01  0.1584895E-02 -0.1116483E-02  0.4314119E-05  0.1089999E+00
   04  0.7561701E+01  0.1555966E-02 -0.1082516E-02  0.3010741E-05  0.1089710E+00
   04  0.7568837E+01  0.1530289E-02 -0.1048070E-02  0.2079886E-05  0.1089453E+00
   04  0.7575973E+01  0.1507330E-02 -0.1015026E-02  0.1420123E-05  0.1089223E+00
   04  0.7583108E+01  0.1486443E-02 -0.9853538E-03  0.9624538E-06  0.1089014E+00
   04  0.7590244E+01  0.1468881E-02 -0.9607415E-03  0.6432019E-06  0.1088839E+00
   04  0.7596613E+01  0.1455772E-02 -0.9455827E-03  0.4443547E-06  0.1088708E+00
   04  0.7602981E+01  0.1444414E-02 -0.9329485E-03  0.3014468E-06  0.1088594E+00
   04  0.7609350E+01  0.1434477E-02 -0.9225986E-03  0.1959699E-06  0.1088495E+00
   04  0.7615718E+01  0.1426168E-02 -0.9145015E-03  0.1581112E-06  0.1088412E+00
   04  0.7622087E+01  0.1418687E-02 -0.9079770E-03  0.1069802E-06  0.1088337E+00
   04  0.7628456E+01  0.1412330E-02 -0.9030147E-03  0.7295780E-07  0.1088273E+00
   04  0.7634824E+01  0.1407106E-02 -0.8995036E-03  0.5181581E-07  0.1088221E+00
   04  0.7641193E+01  0.1403034E-02 -0.8973518E-03  0.3985421E-07  0.1088180E+00
   04  0.7647561E+01  0.1400160E-02 -0.8962887E-03  0.3157806E-08  0.1088152E+00
   04  0.7653930E+01  0.1399069E-02 -0.8966199E-03  0.8278658E-08  0.1088141E+00
   04  0.7660298E+01  0.1399275E-02 -0.8983304E-03  0.1935217E-07  0.1088143E+00
   04  0.7666667E+01  0.1400206E-02 -0.9010459E-03  0.6603695E-07  0.1088152E+00
   04  0.7673798E+01  0.1402920E-02 -0.9026737E-03  0.7204174E-07  0.1088179E+00
   04  0.7680929E+01  0.1406858E-02 -0.9066631E-03  0.7680807E-07  0.1088219E+00
   04  0.7688060E+01  0.1411687E-02 -0.9123358E-03  0.7757364E-07  0.1088267E+00
   04  0.7695191E+01  0.1417216E-02 -0.7874253E-03  0.2178972E-06  0.1088322E+00
   04  0.7702322E+01  0.1440890E-02 -0.6841186E-03  0.1674591E-07  0.1088559E+00
   04  0.7709453E+01  0.1475860E-02 -0.7568507E-03 -0.2064892E-06  0.1088909E+00
   04  0.7716583E+01  0.1506049E-02 -0.8372405E-03 -0.1101376E-06  0.1089210E+00
   04  0.7723714E+01  0.1533403E-02 -0.8959555E-03 -0.8770079E-07  0.1089484E+00
   04  0.7730845E+01  0.1554279E-02 -0.9494761E-03 -0.6856002E-07  0.1089693E+00
   04  0.7737976E+01  0.1571126E-02 -0.9957370E-03 -0.4679599E-07  0.1089861E+00
   04  0.7745107E+01  0.1587632E-02 -0.1035833E-02  0.7251588E-08  0.1090026E+00
   04  0.7752238E+01  0.1604279E-02 -0.1070529E-02  0.3420560E-07  0.1090193E+00
   04  0.7759369E+01  0.1621190E-02 -0.1100932E-02  0.4144938E-07  0.1090362E+00
   04  0.7766500E+01  0.1641134E-02 -0.1129825E-02  0.3194423E-07  0.1090561E+00
   04  0.7773631E+01  0.1665564E-02 -0.1158859E-02  0.1310910E-07  0.1090806E+00
   04  0.7780762E+01  0.1689542E-02 -0.1185838E-02 -0.1573340E-07  0.1091045E+00
   04  0.7787893E+01  0.1712589E-02 -0.1211294E-02 -0.5334216E-07  0.1091276E+00
   04  0.7795024E+01  0.1734591E-02 -0.1235389E-02 -0.9615362E-07  0.1091496E+00
   04  0.7802153E+01  0.1755454E-02 -0.1258153E-02 -0.1422702E-06  0.1091705E+00
   04  0.7809283E+01  0.1775166E-02 -0.1279632E-02 -0.1878030E-06  0.1091902E+00
   04  0.7816412E+01  0.1793724E-02 -0.1299880E-02 -0.2307265E-06  0.1092087E+00
   04  0.7823541E+01  0.1811137E-02 -0.1318929E-02 -0.2705442E-06  0.1092261E+00
   04  0.7830670E+01  0.1827383E-02 -0.1336779E-02 -0.3077704E-06  0.1092424E+00
   04  0.7837799E+01  0.1842448E-02 -0.1353415E-02 -0.3519907E-06  0.1092574E+00
   04  0.7844928E+01  0.1856248E-02 -0.1368778E-02 -0.4063924E-06  0.1092712E+00
   04  0.7852058E+01  0.1868789E-02 -0.1382886E-02 -0.4611276E-06  0.1092838E+00
   04  0.7859187E+01  0.1880038E-02 -0.1395747E-02 -0.5154993E-06  0.1092950E+00
   04  0.7866316E+01  0.1889936E-02 -0.1407373E-02 -0.5668550E-06  0.1093049E+00
   04  0.7873445E+01  0.1898461E-02 -0.1417769E-02 -0.6109803E-06  0.1093135E+00
   04  0.7880574E+01  0.1905621E-02 -0.1426875E-02 -0.6458845E-06  0.1093206E+00
   04  0.7887703E+01  0.1910642E-02 -0.1433964E-02 -0.7878642E-06  0.1093256E+00
   04  0.7894833E+01  0.1914295E-02 -0.1439449E-02 -0.9148241E-06  0.1093293E+00
   04  0.7901962E+01  0.1916466E-02 -0.1443493E-02 -0.1046749E-05  0.1093315E+00
   04  0.7909091E+01  0.1917703E-02 -0.1446916E-02 -0.1251081E-05  0.1093327E+00
   04  0.7916220E+01  0.1917279E-02 -0.1448313E-02 -0.1506630E-05  0.1093323E+00
   04  0.7923349E+01  0.1917132E-02 -0.1448419E-02 -0.1448295E-05  0.1093321E+00
   04  0.7929737E+01  0.1917623E-02 -0.1450100E-02 -0.1058575E-05  0.1093326E+00
   04  0.7936124E+01  0.1915592E-02 -0.1443649E-02 -0.7640965E-06  0.1093306E+00
   04  0.7942512E+01  0.1911515E-02 -0.1432011E-02 -0.7717269E-06  0.1093265E+00
   04  0.7948900E+01  0.1907677E-02 -0.1422221E-02 -0.7750004E-06  0.1093227E+00
   04  0.7955287E+01  0.1904233E-02 -0.1422394E-02 -0.7431124E-06  0.1093192E+00
   04  0.7961675E+01  0.1898881E-02 -0.1422727E-02 -0.1254509E-05  0.1093139E+00
   04  0.7968062E+01  0.1879952E-02 -0.1408370E-02 -0.4400377E-05  0.1092950E+00
   04  0.7974450E+01  0.1847158E-02 -0.1374885E-02 -0.3682179E-05  0.1092622E+00
   04  0.7980837E+01  0.1815592E-02 -0.1344166E-02 -0.3076072E-05  0.1092306E+00
   04  0.7987225E+01  0.1787293E-02 -0.1331362E-02 -0.7563618E-05  0.1092023E+00
   04  0.7993612E+01  0.1781153E-02 -0.1341314E-02 -0.1134730E-04  0.1091962E+00
