# gauge_id=     1 location=(  0.8600100000E+02  0.1000000000E-02 ) num_var=  4
# level, time, q[  1  2  3], eta, aux[]
   01  0.0000000E+00  0.5970000E+01  0.0000000E+00  0.0000000E+00  0.0000000E+00
   01  0.1600000E-01  0.5970000E+01 -0.4111984E-19 -0.8477044E-16  0.0000000E+00
   01  0.1329653E+00  0.5970000E+01 -0.1653199E-16 -0.6783235E-15  0.0000000E+00
   01  0.2476540E+00  0.5970000E+01 -0.1400772E-15 -0.1011965E-14  0.0000000E+00
   01  0.3333333E+00  0.5970000E+01 -0.2308758E-15 -0.1170242E-14  0.0000000E+00
   01  0.4522257E+00  0.5970000E+01 -0.5084445E-15 -0.1300795E-14  0.0000000E+00
   01  0.5724150E+00  0.5970000E+01 -0.7783097E-15 -0.1361944E-14  0.0000000E+00
   01  0.6666667E+00  0.5970000E+01 -0.8941411E-15 -0.1405116E-14  0.0000000E+00
   01  0.7903854E+00  0.5970000E+01 -0.1125680E-14 -0.1391004E-14  0.0000000E+00
   01  0.9158532E+00  0.5970000E+01 -0.1263055E-14 -0.1435988E-15  0.0000000E+00
   01  0.1000000E+01  0.5970000E+01 -0.1220811E-14  0.2999561E-15  0.0000000E+00
   01  0.1128722E+01  0.5970000E+01 -0.1385423E-14  0.6730401E-15  0.0000000E+00
   01  0.1257366E+01  0.5970000E+01 -0.1456025E-14  0.9700007E-15  0.0000000E+00
   01  0.1333333E+01  0.5970000E+01 -0.1394055E-14  0.1142565E-14  0.0000000E+00
   01  0.1461954E+01  0.5970000E+01 -0.1540421E-14  0.1250502E-14  0.0000000E+00
   01  0.1590570E+01  0.5970000E+01 -0.1610737E-14  0.1308523E-14  0.0000000E+00
   01  0.1666667E+01  0.5970000E+01 -0.1275593E-14  0.1332185E-14  0.0000000E+00
   01  0.1795194E+01  0.5970000E+01 -0.8201255E-15  0.9534352E-15  0.0000000E+00
   01  0.1923729E+01  0.5970000E+01 -0.1015468E-14  0.7301566E-15  0.0000000E+00
   01  0.2000000E+01  0.5970000E+01  0.5764640E-13 -0.3588391E-14  0.6217249E-14
   01  0.2128607E+01  0.5970000E+01  0.7747225E-10 -0.2237906E-11  0.8229861E-11
   01  0.2257190E+01  0.5970000E+01  0.4459630E-08 -0.1794912E-09  0.4810730E-09
   01  0.2333333E+01  0.5970000E+01  0.3584723E-07 -0.2602980E-08  0.4096211E-08
   01  0.2461836E+01  0.5970000E+01  0.3377426E-06 -0.1761197E-07  0.3910453E-07
   01  0.2590356E+01  0.5970000E+01  0.2813747E-05 -0.1866560E-06  0.3253845E-06
   01  0.2666667E+01  0.5970001E+01  0.8986038E-05 -0.5205283E-06  0.1060183E-05
   01  0.2795247E+01  0.5970003E+01  0.2581958E-04 -0.4169791E-05  0.3453923E-05
   02  0.2923808E+01  0.6008292E+01  0.1120406E-03 -0.4483840E-04  0.1206857E-04
   02  0.2961904E+01  0.6008298E+01  0.1650931E-03 -0.4758228E-04  0.1760009E-04
   02  0.3000000E+01  0.6008310E+01  0.2721860E-03 -0.5057297E-04  0.2955120E-04
   02  0.3042839E+01  0.6008341E+01  0.5580434E-03 -0.5751515E-04  0.6120512E-04
   02  0.3085678E+01  0.6008536E+01  0.2358734E-02 -0.4647599E-04  0.2556598E-03
   02  0.3128516E+01  0.6008803E+01  0.4731374E-02 -0.5557460E-05  0.5225967E-03
   02  0.3171360E+01  0.6009141E+01  0.7652631E-02  0.6864724E-04  0.8613032E-03
   02  0.3214204E+01  0.6010063E+01  0.1594576E-01  0.1960661E-03  0.1783203E-02
   03  0.3257048E+01  0.6034012E+01  0.5607998E-02 -0.2668432E-04  0.7322479E-03
   03  0.3276119E+01  0.6034246E+01  0.7388379E-02 -0.1421028E-05  0.9664224E-03
   03  0.3295190E+01  0.6034541E+01  0.9635044E-02  0.3198068E-04  0.1261324E-02
   03  0.3314262E+01  0.6034938E+01  0.1265557E-01  0.7563235E-04  0.1657657E-02
   03  0.3333333E+01  0.6035552E+01  0.1738481E-01  0.1324919E-03  0.2272061E-02
   03  0.3354761E+01  0.6036868E+01  0.2769439E-01  0.2312207E-03  0.3587635E-02
   03  0.3376188E+01  0.6039123E+01  0.4534902E-01  0.3909748E-03  0.5843072E-02
   03  0.3397615E+01  0.6042130E+01  0.6858519E-01  0.6182934E-03  0.8849879E-02
   03  0.3419043E+01  0.6045745E+01  0.9613569E-01  0.9287469E-03  0.1246476E-01
   04  0.3440470E+01  0.6052274E+01  0.1156433E+00  0.1031291E-02  0.1524449E-01
   04  0.3447612E+01  0.6055101E+01  0.1365838E+00  0.1179413E-02  0.1807056E-01
   04  0.3454755E+01  0.6057801E+01  0.1567964E+00  0.1417703E-02  0.2077090E-01
   04  0.3461897E+01  0.6059995E+01  0.1732062E+00  0.1751520E-02  0.2296460E-01
   04  0.3469039E+01  0.6061872E+01  0.1872277E+00  0.2151512E-02  0.2484221E-01
   04  0.3476181E+01  0.6064079E+01  0.2038324E+00  0.2580743E-02  0.2704881E-01
   04  0.3483322E+01  0.6067321E+01  0.2284502E+00  0.3035425E-02  0.3029136E-01
   04  0.3490464E+01  0.6071952E+01  0.2637376E+00  0.3562877E-02  0.3492190E-01
   04  0.3497606E+01  0.6077735E+01  0.3077830E+00  0.4234326E-02  0.4070465E-01
   04  0.3504748E+01  0.6084013E+01  0.3554357E+00  0.5102151E-02  0.4698267E-01
   04  0.3511889E+01  0.6090231E+01  0.4024119E+00  0.6179547E-02  0.5320079E-01
   04  0.3519031E+01  0.6096444E+01  0.4492485E+00  0.7455489E-02  0.5941358E-01
   04  0.3526173E+01  0.6103433E+01  0.5021838E+00  0.8927433E-02  0.6640300E-01
   04  0.3533314E+01  0.6112346E+01  0.5702844E+00  0.1062246E-01  0.7531577E-01
   04  0.3540456E+01  0.6124106E+01  0.6608318E+00  0.1259344E-01  0.8707564E-01
   04  0.3547598E+01  0.6139004E+01  0.7761285E+00  0.1489901E-01  0.1019742E+00
   04  0.3554740E+01  0.6156726E+01  0.9137265E+00  0.1758704E-01  0.1196960E+00
   04  0.3561881E+01  0.6176747E+01  0.1069600E+01  0.2069303E-01  0.1397174E+00
   04  0.3569023E+01  0.6198806E+01  0.1241882E+01  0.2424814E-01  0.1617764E+00
   04  0.3576165E+01  0.6223139E+01  0.1432751E+01  0.2828491E-01  0.1861095E+00
   04  0.3583307E+01  0.6250383E+01  0.1647674E+01  0.3283457E-01  0.2133534E+00
   04  0.3590448E+01  0.6281274E+01  0.1893011E+01  0.3792085E-01  0.2442441E+00
   04  0.3596800E+01  0.6312277E+01  0.2140753E+01  0.4290432E-01  0.2752472E+00
   04  0.3603151E+01  0.6346753E+01  0.2418145E+01  0.4832848E-01  0.3097232E+00
   04  0.3609503E+01  0.6384613E+01  0.2724918E+01  0.5419506E-01  0.3475834E+00
   04  0.3615854E+01  0.6425568E+01  0.3059149E+01  0.6049865E-01  0.3885376E+00
   04  0.3622206E+01  0.6469177E+01  0.3417638E+01  0.6721936E-01  0.4321474E+00
   04  0.3628557E+01  0.6514932E+01  0.3796497E+01  0.7431599E-01  0.4779023E+00
   04  0.3634909E+01  0.6562331E+01  0.4191815E+01  0.8172431E-01  0.5253015E+00
   04  0.3641261E+01  0.6610936E+01  0.4600088E+01  0.8936221E-01  0.5739057E+00
   04  0.3647612E+01  0.6660356E+01  0.5018115E+01  0.9713913E-01  0.6233260E+00
   04  0.3653964E+01  0.6710187E+01  0.5442399E+01  0.1049656E+00  0.6731566E+00
   04  0.3660315E+01  0.6759925E+01  0.5868426E+01  0.1127586E+00  0.7228951E+00
   04  0.3666667E+01  0.6808944E+01  0.6290377E+01  0.1204415E+00  0.7719135E+00
   04  0.3673807E+01  0.6862313E+01  0.6751900E+01  0.1288512E+00  0.8252835E+00
   04  0.3680947E+01  0.6912953E+01  0.7190716E+01  0.1369165E+00  0.8759231E+00
   04  0.3688088E+01  0.6960142E+01  0.7599468E+01  0.1445192E+00  0.9231125E+00
   04  0.3695228E+01  0.7003469E+01  0.7973554E+01  0.1515380E+00  0.9664390E+00
   04  0.3702368E+01  0.7042757E+01  0.8310575E+01  0.1578579E+00  0.1005727E+01
   04  0.3709508E+01  0.7077916E+01  0.8608976E+01  0.1633781E+00  0.1040886E+01
   04  0.3716649E+01  0.7108832E+01  0.8867059E+01  0.1680170E+00  0.1071802E+01
   04  0.3723789E+01  0.7135402E+01  0.9083326E+01  0.1717557E+00  0.1098372E+01
   04  0.3730929E+01  0.7157669E+01  0.9257787E+01  0.1746923E+00  0.1120639E+01
   04  0.3738070E+01  0.7175861E+01  0.9392405E+01  0.1770027E+00  0.1138831E+01
   04  0.3745210E+01  0.7190186E+01  0.9489070E+01  0.1787482E+00  0.1153156E+01
   04  0.3752350E+01  0.7200475E+01  0.9546025E+01  0.1795803E+00  0.1163445E+01
   04  0.3759491E+01  0.7207206E+01  0.9568038E+01  0.1791986E+00  0.1170176E+01
   04  0.3766631E+01  0.7211253E+01  0.9563746E+01  0.1775646E+00  0.1174223E+01
   04  0.3773771E+01  0.7214034E+01  0.9547009E+01  0.1753513E+00  0.1177004E+01
   04  0.3780912E+01  0.7216421E+01  0.9526420E+01  0.1727680E+00  0.1179391E+01
   04  0.3788052E+01  0.7218612E+01  0.9503915E+01  0.1697500E+00  0.1181582E+01
   04  0.3795192E+01  0.7220592E+01  0.9479397E+01  0.1660629E+00  0.1183562E+01
   04  0.3802333E+01  0.7222309E+01  0.9452356E+01  0.1614185E+00  0.1185279E+01
   04  0.3809474E+01  0.7223756E+01  0.9422756E+01  0.1558522E+00  0.1186726E+01
   04  0.3816614E+01  0.7224930E+01  0.9390657E+01  0.1493889E+00  0.1187900E+01
   04  0.3823755E+01  0.7225799E+01  0.9355719E+01  0.1420416E+00  0.1188769E+01
   04  0.3830896E+01  0.7226299E+01  0.9317380E+01  0.1338937E+00  0.1189269E+01
   04  0.3838037E+01  0.7226362E+01  0.9274990E+01  0.1250075E+00  0.1189332E+01
   04  0.3842797E+01  0.7226128E+01  0.9244185E+01  0.1187053E+00  0.1189098E+01
   04  0.3847558E+01  0.7225651E+01  0.9211097E+01  0.1120973E+00  0.1188621E+01
   04  0.3852318E+01  0.7224909E+01  0.9175534E+01  0.1051995E+00  0.1187879E+01
   04  0.3857079E+01  0.7223883E+01  0.9137290E+01  0.9803607E-01  0.1186853E+01
   04  0.3861839E+01  0.7222551E+01  0.9096146E+01  0.9061666E-01  0.1185521E+01
   04  0.3866600E+01  0.7220887E+01  0.9051863E+01  0.8297722E-01  0.1183857E+01
   04  0.3871360E+01  0.7218864E+01  0.9004179E+01  0.7513124E-01  0.1181834E+01
   04  0.3876121E+01  0.7216454E+01  0.8952813E+01  0.6710771E-01  0.1179424E+01
   04  0.3880882E+01  0.7213624E+01  0.8897469E+01  0.5894505E-01  0.1176594E+01
   04  0.3886237E+01  0.7209899E+01  0.8830053E+01  0.4964786E-01  0.1172869E+01
   04  0.3891593E+01  0.7205559E+01  0.8756833E+01  0.4028965E-01  0.1168529E+01
   04  0.3896948E+01  0.7200566E+01  0.8677466E+01  0.3093723E-01  0.1163536E+01
   04  0.3902304E+01  0.7194889E+01  0.8591688E+01  0.2165578E-01  0.1157859E+01
   04  0.3907659E+01  0.7188506E+01  0.8499327E+01  0.1250666E-01  0.1151476E+01
   04  0.3913015E+01  0.7181405E+01  0.8400317E+01  0.3545857E-02  0.1144375E+01
   04  0.3918371E+01  0.7173584E+01  0.8294690E+01 -0.5178488E-02  0.1136554E+01
   04  0.3923726E+01  0.7165052E+01  0.8182570E+01 -0.1362832E-01  0.1128022E+01
   04  0.3930082E+01  0.7154026E+01  0.8041270E+01 -0.2325873E-01  0.1116996E+01
   04  0.3936438E+01  0.7142053E+01  0.7891523E+01 -0.3244357E-01  0.1105023E+01
   04  0.3942795E+01  0.7129175E+01  0.7733814E+01 -0.4118247E-01  0.1092145E+01
   04  0.3949151E+01  0.7115434E+01  0.7568657E+01 -0.4949198E-01  0.1078404E+01
   04  0.3955507E+01  0.7100872E+01  0.7396557E+01 -0.5739828E-01  0.1063842E+01
   04  0.3961863E+01  0.7085529E+01  0.7217994E+01 -0.6494447E-01  0.1048499E+01
   04  0.3968219E+01  0.7069440E+01  0.7033414E+01 -0.7213382E-01  0.1032410E+01
   04  0.3974575E+01  0.7052640E+01  0.6843238E+01 -0.7897697E-01  0.1015610E+01
   04  0.3980932E+01  0.7035163E+01  0.6647870E+01 -0.8546429E-01  0.9981328E+00
   04  0.3987288E+01  0.7017044E+01  0.6447699E+01 -0.9156659E-01  0.9800135E+00
   04  0.3993644E+01  0.6998320E+01  0.6243118E+01 -0.9723026E-01  0.9612900E+00
   04  0.4000000E+01  0.6979034E+01  0.6034523E+01 -0.1023753E+00  0.9420036E+00
   04  0.4007142E+01  0.6956749E+01  0.5795706E+01 -0.1074003E+00  0.9197191E+00
   04  0.4014284E+01  0.6933880E+01  0.5552919E+01 -0.1114678E+00  0.8968499E+00
   04  0.4021426E+01  0.6910493E+01  0.5306752E+01 -0.1144480E+00  0.8734633E+00
   04  0.4028568E+01  0.6886644E+01  0.5057679E+01 -0.1162484E+00  0.8496139E+00
   04  0.4035710E+01  0.6862353E+01  0.4805914E+01 -0.1169401E+00  0.8253234E+00
   04  0.4042852E+01  0.6837606E+01  0.4551441E+01 -0.1167639E+00  0.8005762E+00
   04  0.4049994E+01  0.6812377E+01  0.4294228E+01 -0.1160733E+00  0.7753468E+00
   04  0.4057136E+01  0.6786653E+01  0.4034368E+01 -0.1151478E+00  0.7496234E+00
   04  0.4064278E+01  0.6760431E+01  0.3772049E+01 -0.1142208E+00  0.7234015E+00
   04  0.4071420E+01  0.6733709E+01  0.3507419E+01 -0.1134613E+00  0.6966790E+00
   04  0.4078562E+01  0.6706473E+01  0.3240595E+01 -0.1130471E+00  0.6694433E+00
   04  0.4085704E+01  0.6678714E+01  0.2971698E+01 -0.1131348E+00  0.6416844E+00
   04  0.4092846E+01  0.6650424E+01  0.2700880E+01 -0.1137101E+00  0.6133939E+00
   04  0.4099988E+01  0.6621601E+01  0.2428305E+01 -0.1146730E+00  0.5845713E+00
   04  0.4107130E+01  0.6592246E+01  0.2154115E+01 -0.1159882E+00  0.5552159E+00
   04  0.4114272E+01  0.6562356E+01  0.1878427E+01 -0.1176566E+00  0.5253260E+00
   04  0.4121414E+01  0.6531937E+01  0.1601421E+01 -0.1197043E+00  0.4949072E+00
   04  0.4128556E+01  0.6501017E+01  0.1323404E+01 -0.1220707E+00  0.4639866E+00
   04  0.4135697E+01  0.6469645E+01  0.1044832E+01 -0.1246425E+00  0.4326146E+00
   04  0.4142839E+01  0.6437882E+01  0.7662184E+00 -0.1273104E+00  0.4008523E+00
   04  0.4149980E+01  0.6405807E+01  0.4881850E+00 -0.1299772E+00  0.3687774E+00
   04  0.4157121E+01  0.6373507E+01  0.2114283E+00 -0.1325537E+00  0.3364766E+00
   04  0.4164263E+01  0.6341074E+01 -0.6332536E-01 -0.1349558E+00  0.3040435E+00
   04  0.4171404E+01  0.6308604E+01 -0.3353466E+00 -0.1371056E+00  0.2715741E+00
   04  0.4178546E+01  0.6276196E+01 -0.6039419E+00 -0.1389296E+00  0.2391661E+00
   04  0.4185687E+01  0.6243938E+01 -0.8684347E+00 -0.1403991E+00  0.2069079E+00
   04  0.4192828E+01  0.6211919E+01 -0.1128255E+01 -0.1414370E+00  0.1748887E+00
   04  0.4199970E+01  0.6180210E+01 -0.1382898E+01 -0.1420638E+00  0.1431802E+00
   04  0.4207111E+01  0.6148883E+01 -0.1631953E+01 -0.1422398E+00  0.1118526E+00
   04  0.4214252E+01  0.6117986E+01 -0.1875115E+01 -0.1420124E+00  0.8095629E-01
   04  0.4221394E+01  0.6087576E+01 -0.2112142E+01 -0.1413216E+00  0.5054631E-01
   04  0.4228535E+01  0.6057685E+01 -0.2342854E+01 -0.1402114E+00  0.2065515E-01
   04  0.4235677E+01  0.6028351E+01 -0.2567139E+01 -0.1385940E+00 -0.8678726E-02
   04  0.4242818E+01  0.5999607E+01 -0.2784878E+01 -0.1364718E+00 -0.3742302E-01
   04  0.4249959E+01  0.5971485E+01 -0.2995938E+01 -0.1337959E+00 -0.6554487E-01
   04  0.4257101E+01  0.5944022E+01 -0.3200154E+01 -0.1304899E+00 -0.9300847E-01
   04  0.4263453E+01  0.5920182E+01 -0.3375752E+01 -0.1270188E+00 -0.1168479E+00
   04  0.4269806E+01  0.5896937E+01 -0.3545548E+01 -0.1229792E+00 -0.1400935E+00
   04  0.4276159E+01  0.5874332E+01 -0.3709325E+01 -0.1182921E+00 -0.1626985E+00
   04  0.4282512E+01  0.5852428E+01 -0.3866927E+01 -0.1129279E+00 -0.1846015E+00
   04  0.4288864E+01  0.5831276E+01 -0.4018033E+01 -0.1069518E+00 -0.2057541E+00
   04  0.4295217E+01  0.5810924E+01 -0.4162279E+01 -0.1004227E+00 -0.2261058E+00
   04  0.4301570E+01  0.5791441E+01 -0.4299462E+01 -0.9333932E-01 -0.2455888E+00
   04  0.4307922E+01  0.5772891E+01 -0.4429396E+01 -0.8577828E-01 -0.2641389E+00
   04  0.4314275E+01  0.5755319E+01 -0.4551830E+01 -0.7791564E-01 -0.2817112E+00
   04  0.4320628E+01  0.5738754E+01 -0.4666539E+01 -0.6984340E-01 -0.2982763E+00
   04  0.4326981E+01  0.5723232E+01 -0.4773573E+01 -0.6164401E-01 -0.3137979E+00
   04  0.4333333E+01  0.5708762E+01 -0.4873024E+01 -0.5350668E-01 -0.3282683E+00
   04  0.4340474E+01  0.5693719E+01 -0.4976043E+01 -0.4469398E-01 -0.3433114E+00
   04  0.4347614E+01  0.5679914E+01 -0.5070052E+01 -0.3648806E-01 -0.3571161E+00
   04  0.4354755E+01  0.5667261E+01 -0.5155679E+01 -0.2912303E-01 -0.3697690E+00
   04  0.4361895E+01  0.5655640E+01 -0.5233696E+01 -0.2280978E-01 -0.3813896E+00
   04  0.4369036E+01  0.5644903E+01 -0.5304965E+01 -0.1769820E-01 -0.3921267E+00
   04  0.4376176E+01  0.5634902E+01 -0.5370419E+01 -0.1391981E-01 -0.4021281E+00
   04  0.4383317E+01  0.5625501E+01 -0.5430950E+01 -0.1147722E-01 -0.4115292E+00
   04  0.4390457E+01  0.5616588E+01 -0.5487317E+01 -0.1039965E-01 -0.4204424E+00
   04  0.4397598E+01  0.5608074E+01 -0.5540100E+01 -0.1053509E-01 -0.4289561E+00
   04  0.4404738E+01  0.5599922E+01 -0.5589702E+01 -0.1151427E-01 -0.4371081E+00
   04  0.4411879E+01  0.5592125E+01 -0.5636301E+01 -0.1334473E-01 -0.4449053E+00
   04  0.4419019E+01  0.5584705E+01 -0.5679879E+01 -0.1590685E-01 -0.4523245E+00
   04  0.4426160E+01  0.5577739E+01 -0.5720277E+01 -0.1891885E-01 -0.4592908E+00
   04  0.4433300E+01  0.5571283E+01 -0.5757102E+01 -0.2240539E-01 -0.4657474E+00
   04  0.4440441E+01  0.5565418E+01 -0.5789909E+01 -0.2626387E-01 -0.4716120E+00
   04  0.4447581E+01  0.5560231E+01 -0.5818231E+01 -0.3044330E-01 -0.4767995E+00
   04  0.4454722E+01  0.5555780E+01 -0.5841722E+01 -0.3484260E-01 -0.4812504E+00
   04  0.4461862E+01  0.5552136E+01 -0.5859849E+01 -0.3931027E-01 -0.4848940E+00
   04  0.4469003E+01  0.5549284E+01 -0.5872656E+01 -0.4375581E-01 -0.4877457E+00
   04  0.4476144E+01  0.5547141E+01 -0.5880612E+01 -0.4812156E-01 -0.4898893E+00
   04  0.4483285E+01  0.5545577E+01 -0.5884497E+01 -0.5235767E-01 -0.4914533E+00
   04  0.4490426E+01  0.5544467E+01 -0.5884995E+01 -0.5640947E-01 -0.4925632E+00
   04  0.4497567E+01  0.5543620E+01 -0.5883308E+01 -0.6038057E-01 -0.4934101E+00
   04  0.4504708E+01  0.5542886E+01 -0.5880420E+01 -0.6427314E-01 -0.4941439E+00
   04  0.4511849E+01  0.5542191E+01 -0.5876931E+01 -0.6795642E-01 -0.4948387E+00
   04  0.4518990E+01  0.5541525E+01 -0.5873001E+01 -0.7124629E-01 -0.4955046E+00
   04  0.4526131E+01  0.5540948E+01 -0.5868487E+01 -0.7402201E-01 -0.4960822E+00
   04  0.4533272E+01  0.5540612E+01 -0.5862826E+01 -0.7573560E-01 -0.4964181E+00
   04  0.4540413E+01  0.5540732E+01 -0.5854681E+01 -0.7624302E-01 -0.4962985E+00
   04  0.4547554E+01  0.5541521E+01 -0.5843034E+01 -0.7537686E-01 -0.4955095E+00
   04  0.4554695E+01  0.5543113E+01 -0.5827015E+01 -0.7332768E-01 -0.4939166E+00
   04  0.4561836E+01  0.5545667E+01 -0.5805952E+01 -0.7003799E-01 -0.4913627E+00
   04  0.4568977E+01  0.5549236E+01 -0.5779277E+01 -0.6600674E-01 -0.4877938E+00
   04  0.4576118E+01  0.5553826E+01 -0.5747077E+01 -0.6154292E-01 -0.4832038E+00
   04  0.4583259E+01  0.5559375E+01 -0.5709916E+01 -0.5703501E-01 -0.4776554E+00
   04  0.4590400E+01  0.5565888E+01 -0.5667747E+01 -0.5260142E-01 -0.4711420E+00
   04  0.4596755E+01  0.5572501E+01 -0.5625899E+01 -0.4873759E-01 -0.4645291E+00
   04  0.4603111E+01  0.5579890E+01 -0.5579733E+01 -0.4496705E-01 -0.4571398E+00
   04  0.4609466E+01  0.5588075E+01 -0.5529037E+01 -0.4124584E-01 -0.4489550E+00
   04  0.4615822E+01  0.5597089E+01 -0.5473682E+01 -0.3754482E-01 -0.4399411E+00
   04  0.4622178E+01  0.5606978E+01 -0.5413607E+01 -0.3376000E-01 -0.4300521E+00
   04  0.4628533E+01  0.5617782E+01 -0.5348684E+01 -0.2974045E-01 -0.4192479E+00
   04  0.4634889E+01  0.5629535E+01 -0.5278707E+01 -0.2531551E-01 -0.4074953E+00
   04  0.4641244E+01  0.5642258E+01 -0.5203380E+01 -0.2030653E-01 -0.3947715E+00
   04  0.4647600E+01  0.5655968E+01 -0.5122373E+01 -0.1455846E-01 -0.3810625E+00
   04  0.4653955E+01  0.5670665E+01 -0.5035375E+01 -0.7961757E-02 -0.3663646E+00
   04  0.4660311E+01  0.5686336E+01 -0.4942105E+01 -0.4585627E-03 -0.3506939E+00
   04  0.4666667E+01  0.5702937E+01 -0.4842365E+01  0.7959924E-02 -0.3340935E+00
   04  0.4673808E+01  0.5722609E+01 -0.4722579E+01  0.1845021E-01 -0.3144211E+00
   04  0.4680950E+01  0.5743244E+01 -0.4595245E+01  0.2986583E-01 -0.2937862E+00
   04  0.4688091E+01  0.5764665E+01 -0.4461422E+01  0.4194793E-01 -0.2723653E+00
   04  0.4695232E+01  0.5786638E+01 -0.4322636E+01  0.5436046E-01 -0.2503922E+00
   04  0.4702374E+01  0.5808872E+01 -0.4180759E+01  0.6675839E-01 -0.2281581E+00
   04  0.4709515E+01  0.5831035E+01 -0.4037907E+01  0.7883045E-01 -0.2059954E+00
   04  0.4716657E+01  0.5852775E+01 -0.3896333E+01  0.9021203E-01 -0.1842548E+00
   04  0.4723798E+01  0.5873736E+01 -0.3758047E+01  0.1004490E+00 -0.1632937E+00
   04  0.4730940E+01  0.5893604E+01 -0.3624903E+01  0.1092765E+00 -0.1434255E+00
   04  0.4738081E+01  0.5912141E+01 -0.3498596E+01  0.1165842E+00 -0.1248891E+00
   04  0.4745223E+01  0.5929213E+01 -0.3380572E+01  0.1222535E+00 -0.1078173E+00
   04  0.4752364E+01  0.5944731E+01 -0.3271648E+01  0.1263505E+00 -0.9229933E-01
   04  0.4759505E+01  0.5958694E+01 -0.3172268E+01  0.1289185E+00 -0.7833590E-01
   04  0.4766647E+01  0.5971165E+01 -0.3082578E+01  0.1301477E+00 -0.6586460E-01
   04  0.4773788E+01  0.5982237E+01 -0.3002226E+01  0.1302526E+00 -0.5479252E-01
   04  0.4780930E+01  0.5992032E+01 -0.2930718E+01  0.1293926E+00 -0.4499756E-01
   04  0.4788071E+01  0.6000704E+01 -0.2867475E+01  0.1278154E+00 -0.3632617E-01
   04  0.4795213E+01  0.6008377E+01 -0.2811635E+01  0.1256706E+00 -0.2865272E-01
   04  0.4802354E+01  0.6015186E+01 -0.2762313E+01  0.1231530E+00 -0.2184387E-01
   04  0.4809495E+01  0.6021252E+01 -0.2718627E+01  0.1204395E+00 -0.1577769E-01
   04  0.4816636E+01  0.6026680E+01 -0.2679767E+01  0.1176560E+00 -0.1035021E-01
   04  0.4823776E+01  0.6031558E+01 -0.2645020E+01  0.1149629E+00 -0.5472181E-02
   04  0.4830917E+01  0.6035960E+01 -0.2613786E+01  0.1125176E+00 -0.1069526E-02
   04  0.4838058E+01  0.6039937E+01 -0.2585423E+01  0.1105218E+00  0.2906762E-02
   04  0.4845199E+01  0.6043581E+01 -0.2559789E+01  0.1090990E+00  0.6551082E-02
   04  0.4852340E+01  0.6046976E+01 -0.2536785E+01  0.1083431E+00  0.9945620E-02
   04  0.4859481E+01  0.6050152E+01 -0.2516086E+01  0.1084388E+00  0.1312154E-01
   04  0.4866622E+01  0.6053142E+01 -0.2497423E+01  0.1095700E+00  0.1611192E-01
   04  0.4873763E+01  0.6055969E+01 -0.2480460E+01  0.1118416E+00  0.1893871E-01
   04  0.4880904E+01  0.6058700E+01 -0.2465150E+01  0.1150876E+00  0.2166969E-01
   04  0.4888045E+01  0.6061391E+01 -0.2451657E+01  0.1192495E+00  0.2436088E-01
   04  0.4895186E+01  0.6064124E+01 -0.2440359E+01  0.1241873E+00  0.2709396E-01
   04  0.4902327E+01  0.6066986E+01 -0.2431798E+01  0.1297990E+00  0.2995559E-01
   04  0.4909468E+01  0.6070081E+01 -0.2426644E+01  0.1359106E+00  0.3305055E-01
   04  0.4916609E+01  0.6073515E+01 -0.2425651E+01  0.1423316E+00  0.3648539E-01
   04  0.4923750E+01  0.6077395E+01 -0.2429704E+01  0.1488387E+00  0.4036458E-01
   04  0.4930104E+01  0.6081294E+01 -0.2438246E+01  0.1544515E+00  0.4426423E-01
   04  0.4936458E+01  0.6085655E+01 -0.2451949E+01  0.1596358E+00  0.4862458E-01
   04  0.4942812E+01  0.6090463E+01 -0.2471165E+01  0.1642713E+00  0.5343299E-01
   04  0.4949167E+01  0.6095683E+01 -0.2495999E+01  0.1682370E+00  0.5865315E-01
   04  0.4955521E+01  0.6101259E+01 -0.2526374E+01  0.1713766E+00  0.6422931E-01
   04  0.4961875E+01  0.6107117E+01 -0.2561929E+01  0.1735698E+00  0.7008706E-01
   04  0.4968229E+01  0.6113195E+01 -0.2602035E+01  0.1747962E+00  0.7616458E-01
   04  0.4974583E+01  0.6119406E+01 -0.2645950E+01  0.1751270E+00  0.8237624E-01
   04  0.4980937E+01  0.6125683E+01 -0.2692664E+01  0.1747417E+00  0.8865270E-01
   04  0.4984115E+01  0.6128817E+01 -0.2716894E+01  0.1742818E+00  0.9178742E-01
   04  0.4987292E+01  0.6131932E+01 -0.2741463E+01  0.1736697E+00  0.9490156E-01
   04  0.4990469E+01  0.6135014E+01 -0.2766261E+01  0.1729096E+00  0.9798369E-01
   04  0.4993646E+01  0.6138054E+01 -0.2791222E+01  0.1720435E+00  0.1010243E+00
   04  0.4996823E+01  0.6141040E+01 -0.2816274E+01  0.1710697E+00  0.1040101E+00
   04  0.5000000E+01  0.6143956E+01 -0.2841355E+01  0.1699765E+00  0.1069261E+00
   04  0.5005356E+01  0.6148689E+01 -0.2883453E+01  0.1678815E+00  0.1116589E+00
   04  0.5010711E+01  0.6153167E+01 -0.2925314E+01  0.1654802E+00  0.1161370E+00
   04  0.5016067E+01  0.6157367E+01 -0.2966784E+01  0.1627376E+00  0.1203368E+00
   04  0.5021422E+01  0.6161291E+01 -0.3007702E+01  0.1596688E+00  0.1242607E+00
   04  0.5026778E+01  0.6164959E+01 -0.3047989E+01  0.1563270E+00  0.1279286E+00
   04  0.5032133E+01  0.6168402E+01 -0.3087623E+01  0.1527864E+00  0.1313724E+00
   04  0.5037489E+01  0.6171663E+01 -0.3126628E+01  0.1491255E+00  0.1346330E+00
   04  0.5042844E+01  0.6174780E+01 -0.3165082E+01  0.1455024E+00  0.1377497E+00
   04  0.5049985E+01  0.6178822E+01 -0.3215682E+01  0.1407776E+00  0.1417924E+00
   04  0.5057125E+01  0.6182847E+01 -0.3265949E+01  0.1362848E+00  0.1458174E+00
   04  0.5064266E+01  0.6186973E+01 -0.3316327E+01  0.1322242E+00  0.1499431E+00
   04  0.5071407E+01  0.6191322E+01 -0.3367202E+01  0.1286595E+00  0.1542920E+00
   04  0.5078547E+01  0.6195999E+01 -0.3419053E+01  0.1255148E+00  0.1589694E+00
   04  0.5085688E+01  0.6201065E+01 -0.3472385E+01  0.1227283E+00  0.1640352E+00
   04  0.5092829E+01  0.6206565E+01 -0.3527656E+01  0.1201891E+00  0.1695355E+00
   04  0.5099969E+01  0.6212583E+01 -0.3585071E+01  0.1180676E+00  0.1755534E+00
   04  0.5107110E+01  0.6219186E+01 -0.3644368E+01  0.1168862E+00  0.1821564E+00
   04  0.5109490E+01  0.6221525E+01 -0.3664610E+01  0.1167784E+00  0.1844955E+00
   04  0.5111871E+01  0.6223923E+01 -0.3684969E+01  0.1168147E+00  0.1868932E+00
   04  0.5114251E+01  0.6226375E+01 -0.3705406E+01  0.1169930E+00  0.1893446E+00
   04  0.5116631E+01  0.6228874E+01 -0.3725878E+01  0.1173128E+00  0.1918443E+00
   04  0.5119011E+01  0.6231415E+01 -0.3746343E+01  0.1177570E+00  0.1943846E+00
   04  0.5121392E+01  0.6233989E+01 -0.3766755E+01  0.1183219E+00  0.1969595E+00
   04  0.5123772E+01  0.6236592E+01 -0.3787070E+01  0.1189966E+00  0.1995617E+00
   04  0.5126152E+01  0.6239214E+01 -0.3807242E+01  0.1197589E+00  0.2021836E+00
   04  0.5128532E+01  0.6241848E+01 -0.3827229E+01  0.1205924E+00  0.2048179E+00
   04  0.5135673E+01  0.6249798E+01 -0.3885389E+01  0.1235747E+00  0.2127677E+00
   04  0.5142814E+01  0.6257776E+01 -0.3940899E+01  0.1272759E+00  0.2207460E+00
   04  0.5149955E+01  0.6265751E+01 -0.3993507E+01  0.1318452E+00  0.2287207E+00
   04  0.5157096E+01  0.6273730E+01 -0.4043197E+01  0.1371401E+00  0.2366996E+00
   04  0.5164237E+01  0.6281760E+01 -0.4090377E+01  0.1429359E+00  0.2447303E+00
   04  0.5171378E+01  0.6289934E+01 -0.4135860E+01  0.1487296E+00  0.2529037E+00
   04  0.5174948E+01  0.6294110E+01 -0.4158382E+01  0.1514360E+00  0.2570799E+00
   04  0.5178519E+01  0.6298363E+01 -0.4180867E+01  0.1538925E+00  0.2613330E+00
   04  0.5182089E+01  0.6302702E+01 -0.4203414E+01  0.1560131E+00  0.2656718E+00
   04  0.5185660E+01  0.6307132E+01 -0.4226094E+01  0.1577112E+00  0.2701018E+00
   04  0.5189230E+01  0.6311652E+01 -0.4248928E+01  0.1589182E+00  0.2746216E+00
   04  0.5192800E+01  0.6316251E+01 -0.4271885E+01  0.1595994E+00  0.2792212E+00
   04  0.5196371E+01  0.6320908E+01 -0.4294875E+01  0.1598016E+00  0.2838781E+00
   04  0.5199941E+01  0.6325595E+01 -0.4317777E+01  0.1596033E+00  0.2885647E+00
   04  0.5203512E+01  0.6330283E+01 -0.4340459E+01  0.1590753E+00  0.2932532E+00
   04  0.5207082E+01  0.6334948E+01 -0.4362782E+01  0.1582764E+00  0.2979184E+00
   04  0.5210653E+01  0.6339567E+01 -0.4384614E+01  0.1572715E+00  0.3025371E+00
   04  0.5214223E+01  0.6344120E+01 -0.4405849E+01  0.1561293E+00  0.3070901E+00
   04  0.5219579E+01  0.6350808E+01 -0.4436398E+01  0.1543271E+00  0.3137776E+00
   04  0.5224935E+01  0.6357313E+01 -0.4465465E+01  0.1526214E+00  0.3202834E+00
   04  0.5230290E+01  0.6363661E+01 -0.4493275E+01  0.1512610E+00  0.3266313E+00
   04  0.5235646E+01  0.6369911E+01 -0.4520317E+01  0.1504755E+00  0.3328815E+00
   04  0.5241002E+01  0.6376150E+01 -0.4547277E+01  0.1504569E+00  0.3391204E+00
   04  0.5246357E+01  0.6382473E+01 -0.4574901E+01  0.1513336E+00  0.3454431E+00
   04  0.5247696E+01  0.6384084E+01 -0.4582102E+01  0.1516960E+00  0.3470535E+00
   04  0.5249035E+01  0.6385708E+01 -0.4589415E+01  0.1521196E+00  0.3486781E+00
   04  0.5250374E+01  0.6387348E+01 -0.4596849E+01  0.1526036E+00  0.3503182E+00
   04  0.5251713E+01  0.6389005E+01 -0.4604413E+01  0.1531471E+00  0.3519747E+00
   04  0.5253052E+01  0.6390678E+01 -0.4612112E+01  0.1537485E+00  0.3536482E+00
   04  0.5254391E+01  0.6392369E+01 -0.4619946E+01  0.1544055E+00  0.3553389E+00
   04  0.5255730E+01  0.6394077E+01 -0.4627914E+01  0.1551155E+00  0.3570465E+00
   04  0.5257069E+01  0.6395800E+01 -0.4636010E+01  0.1558752E+00  0.3587704E+00
   04  0.5263424E+01  0.6404070E+01 -0.4674802E+01  0.1600616E+00  0.3670398E+00
   04  0.5269779E+01  0.6412480E+01 -0.4714733E+01  0.1648165E+00  0.3754501E+00
   04  0.5276135E+01  0.6420783E+01 -0.4753933E+01  0.1696285E+00  0.3837526E+00
   04  0.5282490E+01  0.6428674E+01 -0.4790148E+01  0.1740303E+00  0.3916438E+00
   04  0.5288846E+01  0.6435687E+01 -0.4819860E+01  0.1774724E+00  0.3986573E+00
   04  0.5295201E+01  0.6441425E+01 -0.4840193E+01  0.1798750E+00  0.4043948E+00
   04  0.5301556E+01  0.6445751E+01 -0.4850442E+01  0.1815796E+00  0.4087205E+00
   04  0.5307912E+01  0.6448785E+01 -0.4851863E+01  0.1828906E+00  0.4117550E+00
   04  0.5314267E+01  0.6450743E+01 -0.4846377E+01  0.1843235E+00  0.4137130E+00
   04  0.5320623E+01  0.6451850E+01 -0.4836153E+01  0.1856180E+00  0.4148199E+00
   04  0.5326978E+01  0.6451936E+01 -0.4819836E+01  0.1867044E+00  0.4149063E+00
   04  0.5333333E+01  0.6450913E+01 -0.4796435E+01  0.1875901E+00  0.4138830E+00
   04  0.5340474E+01  0.6448423E+01 -0.4761370E+01  0.1888070E+00  0.4113927E+00
   04  0.5347615E+01  0.6444773E+01 -0.4719236E+01  0.1914577E+00  0.4077430E+00
   04  0.5354756E+01  0.6440619E+01 -0.4675676E+01  0.1963396E+00  0.4035893E+00
   04  0.5361897E+01  0.6436492E+01 -0.4635228E+01  0.2036737E+00  0.3994625E+00
   04  0.5369038E+01  0.6432874E+01 -0.4601572E+01  0.2128637E+00  0.3958437E+00
   04  0.5376179E+01  0.6430072E+01 -0.4576525E+01  0.2229074E+00  0.3930420E+00
   04  0.5383320E+01  0.6428138E+01 -0.4559757E+01  0.2328646E+00  0.3911082E+00
   04  0.5390460E+01  0.6426979E+01 -0.4549728E+01  0.2421344E+00  0.3899491E+00
   04  0.5397601E+01  0.6426432E+01 -0.4544494E+01  0.2506728E+00  0.3894021E+00
   04  0.5404742E+01  0.6426237E+01 -0.4541520E+01  0.2588042E+00  0.3892068E+00
   04  0.5411883E+01  0.6426268E+01 -0.4539807E+01  0.2669173E+00  0.3892377E+00
   04  0.5419024E+01  0.6426524E+01 -0.4538998E+01  0.2750649E+00  0.3894939E+00
   04  0.5426165E+01  0.6427022E+01 -0.4538895E+01  0.2833204E+00  0.3899925E+00
   04  0.5433306E+01  0.6427747E+01 -0.4539182E+01  0.2919360E+00  0.3907174E+00
   04  0.5440447E+01  0.6428627E+01 -0.4539480E+01  0.3011726E+00  0.3915974E+00
   04  0.5447588E+01  0.6429521E+01 -0.4538898E+01  0.3112378E+00  0.3924911E+00
   04  0.5454728E+01  0.6430219E+01 -0.4535241E+01  0.3218016E+00  0.3931889E+00
   04  0.5461869E+01  0.6430495E+01 -0.4525315E+01  0.3315393E+00  0.3934654E+00
   04  0.5469010E+01  0.6430174E+01 -0.4506604E+01  0.3392922E+00  0.3931439E+00
   04  0.5476151E+01  0.6429129E+01 -0.4476971E+01  0.3438325E+00  0.3920990E+00
   04  0.5483291E+01  0.6427290E+01 -0.4435466E+01  0.3441268E+00  0.3902601E+00
   04  0.5490432E+01  0.6424681E+01 -0.4382665E+01  0.3398434E+00  0.3876514E+00
   04  0.5497573E+01  0.6421261E+01 -0.4318820E+01  0.3307596E+00  0.3842312E+00
   04  0.5504713E+01  0.6417006E+01 -0.4244528E+01  0.3168773E+00  0.3799758E+00
   04  0.5511854E+01  0.6411886E+01 -0.4160615E+01  0.2986939E+00  0.3748555E+00
   04  0.5518995E+01  0.6405874E+01 -0.4068192E+01  0.2772978E+00  0.3688443E+00
   04  0.5526135E+01  0.6398948E+01 -0.3968612E+01  0.2544009E+00  0.3619182E+00
   04  0.5531491E+01  0.6393141E+01 -0.3890045E+01  0.2375106E+00  0.3561112E+00
   04  0.5536846E+01  0.6386803E+01 -0.3808992E+01  0.2220273E+00  0.3497734E+00
   04  0.5542202E+01  0.6379949E+01 -0.3726142E+01  0.2088291E+00  0.3429192E+00
   04  0.5547557E+01  0.6372611E+01 -0.3642145E+01  0.1985546E+00  0.3355815E+00
   04  0.5552913E+01  0.6364840E+01 -0.3557548E+01  0.1915420E+00  0.3278101E+00
   04  0.5558268E+01  0.6356690E+01 -0.3472731E+01  0.1878638E+00  0.3196602E+00
   04  0.5563624E+01  0.6348212E+01 -0.3387872E+01  0.1873724E+00  0.3111824E+00
   04  0.5568979E+01  0.6339446E+01 -0.3302942E+01  0.1897554E+00  0.3024160E+00
   04  0.5574334E+01  0.6330415E+01 -0.3217732E+01  0.1945912E+00  0.2933847E+00
   04  0.5579690E+01  0.6321126E+01 -0.3131887E+01  0.2013986E+00  0.2840958E+00
   04  0.5585045E+01  0.6311571E+01 -0.3044961E+01  0.2096862E+00  0.2745410E+00
   04  0.5590401E+01  0.6301730E+01 -0.2956469E+01  0.2189948E+00  0.2647002E+00
   04  0.5596756E+01  0.6289652E+01 -0.2848879E+01  0.2306865E+00  0.2526221E+00
   04  0.5603112E+01  0.6277108E+01 -0.2737796E+01  0.2424237E+00  0.2400780E+00
   04  0.5609467E+01  0.6264052E+01 -0.2622667E+01  0.2536520E+00  0.2270224E+00
   04  0.5615823E+01  0.6250439E+01 -0.2503083E+01  0.2639294E+00  0.2134087E+00
   04  0.5622178E+01  0.6236230E+01 -0.2378785E+01  0.2728768E+00  0.1992003E+00
   04  0.5628534E+01  0.6221400E+01 -0.2249739E+01  0.2802208E+00  0.1843702E+00
   04  0.5634889E+01  0.6205934E+01 -0.2116148E+01  0.2858468E+00  0.1689036E+00
   04  0.5641245E+01  0.6189849E+01 -0.1978220E+01  0.2898355E+00  0.1528188E+00
   04  0.5647600E+01  0.6173128E+01 -0.1836416E+01  0.2920557E+00  0.1360978E+00
   04  0.5653956E+01  0.6155784E+01 -0.1691231E+01  0.2925361E+00  0.1187544E+00
   04  0.5660311E+01  0.6137851E+01 -0.1543343E+01  0.2916329E+00  0.1008206E+00
   04  0.5666667E+01  0.6119393E+01 -0.1393429E+01  0.2898392E+00  0.8236256E-01
   04  0.5673807E+01  0.6098171E+01 -0.1223523E+01  0.2874586E+00  0.6114068E-01
   04  0.5680947E+01  0.6076567E+01 -0.1052485E+01  0.2848938E+00  0.3953739E-01
   04  0.5688088E+01  0.6054638E+01 -0.8807504E+00  0.2817050E+00  0.1760837E-01
   04  0.5695228E+01  0.6032403E+01 -0.7087131E+00  0.2773726E+00 -0.4627001E-02
   04  0.5702368E+01  0.6009876E+01 -0.5367199E+00  0.2716114E+00 -0.2715371E-01
   04  0.5709508E+01  0.5987114E+01 -0.3651174E+00  0.2643547E+00 -0.4991574E-01
   04  0.5716649E+01  0.5964242E+01 -0.1940554E+00  0.2559715E+00 -0.7278785E-01
   04  0.5723789E+01  0.5941373E+01 -0.2371248E-01  0.2465756E+00 -0.9565680E-01
   04  0.5730929E+01  0.5918593E+01  0.1458888E+00  0.2364256E+00 -0.1184372E+00
   04  0.5738070E+01  0.5895977E+01  0.3146694E+00  0.2256535E+00 -0.1410526E+00
   04  0.5745210E+01  0.5873584E+01  0.4825197E+00  0.2143677E+00 -0.1634465E+00
   04  0.5752350E+01  0.5851451E+01  0.6492775E+00  0.2026643E+00 -0.1855789E+00
   04  0.5759491E+01  0.5829608E+01  0.8147234E+00  0.1906247E+00 -0.2074216E+00
   04  0.5766631E+01  0.5808079E+01  0.9785964E+00  0.1783188E+00 -0.2289510E+00
   04  0.5773771E+01  0.5786885E+01  0.1140591E+01  0.1658130E+00 -0.2501453E+00
   04  0.5780911E+01  0.5766047E+01  0.1300383E+01  0.1531780E+00 -0.2709832E+00
   04  0.5788052E+01  0.5745588E+01  0.1457643E+01  0.1404807E+00 -0.2914416E+00
   04  0.5795192E+01  0.5725535E+01  0.1612036E+01  0.1277769E+00 -0.3114949E+00
   04  0.5799476E+01  0.5713707E+01  0.1703487E+01  0.1201756E+00 -0.3233228E+00
   04  0.5803761E+01  0.5702041E+01  0.1793714E+01  0.1125915E+00 -0.3349891E+00
   04  0.5808045E+01  0.5690542E+01  0.1882652E+01  0.1050243E+00 -0.3464879E+00
   04  0.5812329E+01  0.5679214E+01  0.1970239E+01  0.9748857E-01 -0.3578161E+00
   04  0.5816613E+01  0.5668061E+01  0.2056418E+01  0.8998446E-01 -0.3689688E+00
   04  0.5820183E+01  0.5658904E+01  0.2127179E+01  0.8375633E-01 -0.3781259E+00
   04  0.5823753E+01  0.5649875E+01  0.2196886E+01  0.7754724E-01 -0.3871554E+00
   04  0.5827324E+01  0.5640976E+01  0.2265505E+01  0.7134799E-01 -0.3960539E+00
   04  0.5832679E+01  0.5627887E+01  0.2366089E+01  0.6202548E-01 -0.4091431E+00
   04  0.5838034E+01  0.5615113E+01  0.2464034E+01  0.5266453E-01 -0.4219171E+00
   04  0.5842318E+01  0.5605125E+01  0.2540523E+01  0.4513181E-01 -0.4319051E+00
   04  0.5846603E+01  0.5595351E+01  0.2615217E+01  0.3753284E-01 -0.4416793E+00
   04  0.5850887E+01  0.5585793E+01  0.2688087E+01  0.2987351E-01 -0.4512373E+00
   04  0.5855171E+01  0.5576450E+01  0.2759119E+01  0.2218559E-01 -0.4605799E+00
   04  0.5859455E+01  0.5567329E+01  0.2828306E+01  0.1444882E-01 -0.4697013E+00
   04  0.5863025E+01  0.5559896E+01  0.2884604E+01  0.7977580E-02 -0.4771336E+00
   04  0.5866596E+01  0.5552617E+01  0.2939623E+01  0.1515220E-02 -0.4844128E+00
   04  0.5870166E+01  0.5545493E+01  0.2993371E+01 -0.4928796E-02 -0.4915375E+00
   04  0.5873736E+01  0.5538525E+01  0.3045858E+01 -0.1135002E-01 -0.4985047E+00
   04  0.5877306E+01  0.5531717E+01  0.3097096E+01 -0.1773433E-01 -0.5053129E+00
   04  0.5880876E+01  0.5525070E+01  0.3147093E+01 -0.2407193E-01 -0.5119598E+00
   04  0.5886231E+01  0.5515416E+01  0.3219619E+01 -0.3350576E-01 -0.5216141E+00
   04  0.5891587E+01  0.5506144E+01  0.3289395E+01 -0.4284763E-01 -0.5308856E+00
   04  0.5896942E+01  0.5497267E+01  0.3356450E+01 -0.5210179E-01 -0.5397627E+00
   04  0.5902297E+01  0.5488797E+01  0.3420819E+01 -0.6129101E-01 -0.5482335E+00
   04  0.5907653E+01  0.5480738E+01  0.3482539E+01 -0.7040608E-01 -0.5562921E+00
   04  0.5913008E+01  0.5473096E+01  0.3541660E+01 -0.7943279E-01 -0.5639339E+00
   04  0.5918363E+01  0.5465873E+01  0.3598230E+01 -0.8835437E-01 -0.5711570E+00
   04  0.5923718E+01  0.5459068E+01  0.3652301E+01 -0.9715551E-01 -0.5779621E+00
   04  0.5930075E+01  0.5451532E+01  0.3713227E+01 -0.1074248E+00 -0.5854979E+00
   04  0.5936432E+01  0.5444577E+01  0.3770774E+01 -0.1174883E+00 -0.5924530E+00
   04  0.5942789E+01  0.5438194E+01  0.3825013E+01 -0.1273401E+00 -0.5988356E+00
   04  0.5949146E+01  0.5432377E+01  0.3875983E+01 -0.1369858E+00 -0.6046526E+00
   04  0.5955502E+01  0.5427114E+01  0.3923739E+01 -0.1464410E+00 -0.6099164E+00
   04  0.5961859E+01  0.5422396E+01  0.3968290E+01 -0.1557266E+00 -0.6146342E+00
   04  0.5968216E+01  0.5418209E+01  0.4009674E+01 -0.1648680E+00 -0.6188209E+00
   04  0.5974573E+01  0.5414557E+01  0.4047805E+01 -0.1738940E+00 -0.6224735E+00
   04  0.5980930E+01  0.5411413E+01  0.4082766E+01 -0.1828435E+00 -0.6256169E+00
   04  0.5987286E+01  0.5408806E+01  0.4114309E+01 -0.1917537E+00 -0.6282242E+00
   04  0.5993643E+01  0.5406749E+01  0.4142275E+01 -0.2006766E+00 -0.6302812E+00
   04  0.6000000E+01  0.5405221E+01  0.4166742E+01 -0.2096702E+00 -0.6318086E+00
   04  0.6007140E+01  0.5404073E+01  0.4190395E+01 -0.2199157E+00 -0.6329572E+00
   04  0.6014281E+01  0.5403419E+01  0.4210626E+01 -0.2303622E+00 -0.6336106E+00
   04  0.6021421E+01  0.5403166E+01  0.4227996E+01 -0.2410358E+00 -0.6338637E+00
   04  0.6028561E+01  0.5403125E+01  0.4243757E+01 -0.2519584E+00 -0.6339050E+00
   04  0.6035701E+01  0.5403186E+01  0.4258656E+01 -0.2631151E+00 -0.6338436E+00
   04  0.6042842E+01  0.5403306E+01  0.4273040E+01 -0.2744632E+00 -0.6337236E+00
   04  0.6049982E+01  0.5403491E+01  0.4286948E+01 -0.2859180E+00 -0.6335393E+00
   04  0.6057122E+01  0.5403775E+01  0.4300191E+01 -0.2973911E+00 -0.6332551E+00
   04  0.6064263E+01  0.5404194E+01  0.4312498E+01 -0.3087807E+00 -0.6328358E+00
   04  0.6071403E+01  0.5404767E+01  0.4323608E+01 -0.3199652E+00 -0.6322626E+00
   04  0.6078543E+01  0.5405499E+01  0.4333261E+01 -0.3307991E+00 -0.6315307E+00
   04  0.6085683E+01  0.5406377E+01  0.4341266E+01 -0.3411213E+00 -0.6306530E+00
   04  0.6092824E+01  0.5407396E+01  0.4347389E+01 -0.3507667E+00 -0.6296340E+00
   04  0.6099964E+01  0.5408559E+01  0.4351486E+01 -0.3595807E+00 -0.6284713E+00
   04  0.6107104E+01  0.5409882E+01  0.4353535E+01 -0.3674354E+00 -0.6271479E+00
   04  0.6114244E+01  0.5411401E+01  0.4353675E+01 -0.3742391E+00 -0.6256294E+00
   04  0.6121385E+01  0.5413165E+01  0.4352196E+01 -0.3799406E+00 -0.6238655E+00
   04  0.6128525E+01  0.5415234E+01  0.4349493E+01 -0.3845266E+00 -0.6217956E+00
   04  0.6135665E+01  0.5417669E+01  0.4345971E+01 -0.3880134E+00 -0.6193608E+00
   04  0.6142805E+01  0.5420513E+01  0.4341939E+01 -0.3904386E+00 -0.6165172E+00
   04  0.6149946E+01  0.5423781E+01  0.4337504E+01 -0.3918539E+00 -0.6132487E+00
   04  0.6157086E+01  0.5427456E+01  0.4332505E+01 -0.3923237E+00 -0.6095740E+00
   04  0.6164226E+01  0.5431483E+01  0.4326504E+01 -0.3919269E+00 -0.6055465E+00
   04  0.6171366E+01  0.5435785E+01  0.4318848E+01 -0.3907602E+00 -0.6012455E+00
   04  0.6178506E+01  0.5440270E+01  0.4308777E+01 -0.3889432E+00 -0.5967600E+00
   04  0.6185646E+01  0.5444861E+01  0.4295572E+01 -0.3866193E+00 -0.5921694E+00
   04  0.6192787E+01  0.5449504E+01  0.4278690E+01 -0.3839528E+00 -0.5875259E+00
   04  0.6199927E+01  0.5454188E+01  0.4257855E+01 -0.3811231E+00 -0.5828424E+00
   04  0.6207067E+01  0.5458941E+01  0.4233091E+01 -0.3783144E+00 -0.5780894E+00
   04  0.6214207E+01  0.5463828E+01  0.4204676E+01 -0.3757037E+00 -0.5732023E+00
   04  0.6221347E+01  0.5468934E+01  0.4173050E+01 -0.3734477E+00 -0.5680956E+00
   04  0.6228487E+01  0.5474349E+01  0.4138687E+01 -0.3716691E+00 -0.5626806E+00
   04  0.6235627E+01  0.5480148E+01  0.4101982E+01 -0.3704426E+00 -0.5568819E+00
   04  0.6242768E+01  0.5486382E+01  0.4063174E+01 -0.3697853E+00 -0.5506485E+00
   04  0.6249908E+01  0.5493072E+01  0.4022319E+01 -0.3696532E+00 -0.5439581E+00
   04  0.6257048E+01  0.5500216E+01  0.3979326E+01 -0.3699464E+00 -0.5368140E+00
   04  0.6263405E+01  0.5506942E+01  0.3939060E+01 -0.3704555E+00 -0.5300885E+00
   04  0.6269762E+01  0.5513987E+01  0.3896826E+01 -0.3710783E+00 -0.5230425E+00
   04  0.6276119E+01  0.5521330E+01  0.3852541E+01 -0.3717014E+00 -0.5157002E+00
   04  0.6282476E+01  0.5528947E+01  0.3806186E+01 -0.3722114E+00 -0.5080834E+00
   04  0.6288834E+01  0.5536819E+01  0.3757820E+01 -0.3724956E+00 -0.5002110E+00
   04  0.6295191E+01  0.5544930E+01  0.3707564E+01 -0.3724445E+00 -0.4920996E+00
   04  0.6301548E+01  0.5553265E+01  0.3655568E+01 -0.3719698E+00 -0.4837653E+00
   04  0.6307905E+01  0.5561814E+01  0.3601993E+01 -0.3709122E+00 -0.4752156E+00
   04  0.6314262E+01  0.5570574E+01  0.3547027E+01 -0.3690756E+00 -0.4664561E+00
   04  0.6320619E+01  0.5579515E+01  0.3490852E+01 -0.3664411E+00 -0.4575154E+00
   04  0.6326976E+01  0.5588595E+01  0.3433640E+01 -0.3630591E+00 -0.4484345E+00
   04  0.6333333E+01  0.5597755E+01  0.3375534E+01 -0.3591630E+00 -0.4392750E+00
   04  0.6340473E+01  0.5608098E+01  0.3309402E+01 -0.3542132E+00 -0.4289316E+00
   04  0.6347613E+01  0.5618490E+01  0.3242375E+01 -0.3485414E+00 -0.4185404E+00
   04  0.6354753E+01  0.5628907E+01  0.3174542E+01 -0.3421827E+00 -0.4081226E+00
   04  0.6361893E+01  0.5639333E+01  0.3105975E+01 -0.3352197E+00 -0.3976968E+00
   04  0.6369033E+01  0.5649752E+01  0.3036733E+01 -0.3277665E+00 -0.3872778E+00
   04  0.6376173E+01  0.5660152E+01  0.2966860E+01 -0.3199812E+00 -0.3768782E+00
   04  0.6383313E+01  0.5670523E+01  0.2896387E+01 -0.3120454E+00 -0.3665074E+00
   04  0.6390453E+01  0.5680863E+01  0.2825345E+01 -0.3041507E+00 -0.3561669E+00
   04  0.6397593E+01  0.5691182E+01  0.2753753E+01 -0.2964899E+00 -0.3458483E+00
   04  0.6404733E+01  0.5701503E+01  0.2681687E+01 -0.2891932E+00 -0.3355266E+00
   04  0.6411873E+01  0.5711861E+01  0.2609101E+01 -0.2824001E+00 -0.3251691E+00
   04  0.6419013E+01  0.5722298E+01  0.2535989E+01 -0.2762141E+00 -0.3147317E+00
   04  0.6426153E+01  0.5732847E+01  0.2462385E+01 -0.2705718E+00 -0.3041831E+00
   04  0.6433293E+01  0.5743516E+01  0.2388312E+01 -0.2652525E+00 -0.2935138E+00
   04  0.6440432E+01  0.5754301E+01  0.2313787E+01 -0.2600249E+00 -0.2827288E+00
   04  0.6447572E+01  0.5765202E+01  0.2238742E+01 -0.2547775E+00 -0.2718276E+00
   04  0.6454712E+01  0.5776244E+01  0.2163016E+01 -0.2497328E+00 -0.2607864E+00
   04  0.6461852E+01  0.5787447E+01  0.2086486E+01 -0.2452571E+00 -0.2495830E+00
   04  0.6468992E+01  0.5798815E+01  0.2009130E+01 -0.2416475E+00 -0.2382148E+00
   04  0.6476132E+01  0.5810339E+01  0.1931036E+01 -0.2391630E+00 -0.2266911E+00
   04  0.6483272E+01  0.5821988E+01  0.1852438E+01 -0.2379566E+00 -0.2150420E+00
   04  0.6490411E+01  0.5833701E+01  0.1773751E+01 -0.2379314E+00 -0.2033291E+00
   04  0.6497551E+01  0.5845391E+01  0.1695432E+01 -0.2387266E+00 -0.1916393E+00
   04  0.6504691E+01  0.5856990E+01  0.1617927E+01 -0.2400997E+00 -0.1800401E+00
   04  0.6511831E+01  0.5868432E+01  0.1541613E+01 -0.2417653E+00 -0.1685976E+00
   04  0.6518971E+01  0.5879643E+01  0.1466741E+01 -0.2432889E+00 -0.1573871E+00
   04  0.6526110E+01  0.5890538E+01  0.1393402E+01 -0.2441028E+00 -0.1464916E+00
   04  0.6533250E+01  0.5901017E+01  0.1321441E+01 -0.2433888E+00 -0.1360131E+00
   04  0.6540390E+01  0.5911071E+01  0.1250552E+01 -0.2409542E+00 -0.1259592E+00
   04  0.6547530E+01  0.5920755E+01  0.1180354E+01 -0.2369793E+00 -0.1162752E+00
   04  0.6554669E+01  0.5930162E+01  0.1110428E+01 -0.2318534E+00 -0.1068684E+00
   04  0.6561809E+01  0.5939397E+01  0.1040412E+01 -0.2259667E+00 -0.9763306E-01
   04  0.6568949E+01  0.5948550E+01  0.9699867E+00 -0.2195694E+00 -0.8848046E-01
   04  0.6576089E+01  0.5957681E+01  0.8988280E+00 -0.2127611E+00 -0.7934918E-01
   04  0.6583229E+01  0.5966824E+01  0.8266291E+00 -0.2055090E+00 -0.7020622E-01
   04  0.6590368E+01  0.5975995E+01  0.7531672E+00 -0.1978147E+00 -0.6103536E-01
   04  0.6596727E+01  0.5984173E+01  0.6865498E+00 -0.1905724E+00 -0.5285733E-01
   04  0.6603085E+01  0.5992331E+01  0.6189077E+00 -0.1829808E+00 -0.4469899E-01
   04  0.6609443E+01  0.6000429E+01  0.5504389E+00 -0.1750624E+00 -0.3660090E-01
   04  0.6615801E+01  0.6008425E+01  0.4814567E+00 -0.1669414E+00 -0.2860463E-01
   04  0.6622159E+01  0.6016265E+01  0.4123717E+00 -0.1587042E+00 -0.2076530E-01
   04  0.6628517E+01  0.6023895E+01  0.3436542E+00 -0.1504512E+00 -0.1313510E-01
   04  0.6634876E+01  0.6031270E+01  0.2758158E+00 -0.1422858E+00 -0.5759827E-02
   04  0.6641234E+01  0.6038359E+01  0.2093870E+00 -0.1343355E+00  0.1329163E-02
   04  0.6647592E+01  0.6045147E+01  0.1448628E+00 -0.1267644E+00  0.8116882E-02
   04  0.6653950E+01  0.6051624E+01  0.8265235E-01 -0.1196503E+00  0.1459395E-01
   04  0.6660308E+01  0.6057792E+01  0.2302632E-01 -0.1130029E+00  0.2076195E-01
   04  0.6666667E+01  0.6063659E+01 -0.3390846E-01 -0.1067702E+00  0.2662869E-01
   04  0.6673806E+01  0.6069901E+01 -0.9466677E-01 -0.1001530E+00  0.3287050E-01
   04  0.6680945E+01  0.6075795E+01 -0.1523778E+00 -0.9379518E-01  0.3876491E-01
   04  0.6688085E+01  0.6081365E+01 -0.2074385E+00 -0.8753555E-01  0.4433513E-01
   04  0.6695224E+01  0.6086635E+01 -0.2602983E+00 -0.8120981E-01  0.4960464E-01
   04  0.6702364E+01  0.6091622E+01 -0.3113939E+00 -0.7463993E-01  0.5459165E-01
   04  0.6709503E+01  0.6096334E+01 -0.3610821E+00 -0.6763268E-01  0.5930373E-01
   04  0.6716642E+01  0.6100765E+01 -0.4095998E+00 -0.5999366E-01  0.6373460E-01
   04  0.6723782E+01  0.6104889E+01 -0.4570184E+00 -0.5154575E-01  0.6785863E-01
   04  0.6730921E+01  0.6108659E+01 -0.5032555E+00 -0.4227053E-01  0.7162863E-01
   04  0.6738060E+01  0.6112022E+01 -0.5481942E+00 -0.3219520E-01  0.7499207E-01
   04  0.6745200E+01  0.6114944E+01 -0.5917022E+00 -0.2128777E-01  0.7791446E-01
   04  0.6752339E+01  0.6117397E+01 -0.6335629E+00 -0.9591526E-02  0.8036671E-01
   04  0.6759479E+01  0.6119339E+01 -0.6734070E+00  0.2623160E-02  0.8230882E-01
   04  0.6766618E+01  0.6120720E+01 -0.7107584E+00  0.1479516E-01  0.8369025E-01
   04  0.6773757E+01  0.6121502E+01 -0.7451949E+00  0.2621199E-01  0.8447239E-01
   04  0.6780897E+01  0.6121686E+01 -0.7765283E+00  0.3617374E-01  0.8465607E-01
   04  0.6788036E+01  0.6121317E+01 -0.8047644E+00  0.4423476E-01  0.8428694E-01
   04  0.6795176E+01  0.6120459E+01 -0.8298609E+00  0.5029596E-01  0.8342933E-01
   04  0.6802315E+01  0.6119141E+01 -0.8514766E+00  0.5427948E-01  0.8211136E-01
   04  0.6809454E+01  0.6117402E+01 -0.8693322E+00  0.5634578E-01  0.8037217E-01
   04  0.6816593E+01  0.6115367E+01 -0.8838576E+00  0.5690925E-01  0.7833736E-01
   04  0.6823733E+01  0.6113195E+01 -0.8957801E+00  0.5653411E-01  0.7616521E-01
   04  0.6830872E+01  0.6111038E+01 -0.9058752E+00  0.5579974E-01  0.7400801E-01
   04  0.6838011E+01  0.6109034E+01 -0.9149424E+00  0.5508579E-01  0.7200352E-01
   04  0.6845151E+01  0.6107239E+01 -0.9232848E+00  0.5463100E-01  0.7020929E-01
   04  0.6852290E+01  0.6105658E+01 -0.9309199E+00  0.5461644E-01  0.6862752E-01
   04  0.6859429E+01  0.6104251E+01 -0.9378127E+00  0.5512737E-01  0.6722070E-01
   04  0.6866569E+01  0.6102954E+01 -0.9439369E+00  0.5625701E-01  0.6592428E-01
   04  0.6873708E+01  0.6101678E+01 -0.9493607E+00  0.5806109E-01  0.6464785E-01
   04  0.6880847E+01  0.6100307E+01 -0.9541614E+00  0.6055654E-01  0.6327711E-01
   04  0.6887986E+01  0.6098748E+01 -0.9585520E+00  0.6384600E-01  0.6171765E-01
   04  0.6895126E+01  0.6096917E+01 -0.9628146E+00  0.6798466E-01  0.5988709E-01
   04  0.6902265E+01  0.6094729E+01 -0.9671661E+00  0.7288942E-01  0.5769883E-01
   04  0.6909404E+01  0.6092120E+01 -0.9717300E+00  0.7848884E-01  0.5509035E-01
   04  0.6916544E+01  0.6089049E+01 -0.9765359E+00  0.8462121E-01  0.5201944E-01
   04  0.6923683E+01  0.6085509E+01 -0.9815277E+00  0.9109436E-01  0.4847931E-01
   04  0.6930043E+01  0.6081986E+01 -0.9860170E+00  0.9703974E-01  0.4495581E-01
   04  0.6936402E+01  0.6078164E+01 -0.9904085E+00  0.1030479E+00  0.4113414E-01
   04  0.6942762E+01  0.6074103E+01 -0.9945284E+00  0.1089821E+00  0.3707268E-01
   04  0.6949122E+01  0.6069869E+01 -0.9982018E+00  0.1147075E+00  0.3283889E-01
   04  0.6955482E+01  0.6065534E+01 -0.1001273E+01  0.1201001E+00  0.2850361E-01
   04  0.6961841E+01  0.6061166E+01 -0.1003627E+01  0.1250552E+00  0.2413604E-01
   04  0.6968201E+01  0.6056829E+01 -0.1005198E+01  0.1294947E+00  0.1979860E-01
   04  0.6974561E+01  0.6052573E+01 -0.1005978E+01  0.1333716E+00  0.1554314E-01
   04  0.6980921E+01  0.6048439E+01 -0.1006010E+01  0.1366738E+00  0.1140891E-01
   04  0.6987280E+01  0.6044453E+01 -0.1005373E+01  0.1394234E+00  0.7422630E-02
   04  0.6993640E+01  0.6040631E+01 -0.1004161E+01  0.1416728E+00  0.3600526E-02
   04  0.7000000E+01  0.6036981E+01 -0.1002457E+01  0.1434992E+00 -0.4920588E-04
   04  0.7007139E+01  0.6033091E+01 -0.1000066E+01  0.1451703E+00 -0.3939270E-02
   04  0.7014278E+01  0.6029415E+01 -0.9971996E+00  0.1465886E+00 -0.7614684E-02
   04  0.7021416E+01  0.6025950E+01 -0.9938456E+00  0.1479090E+00 -0.1107980E-01
   04  0.7028555E+01  0.6022697E+01 -0.9898985E+00  0.1492598E+00 -0.1433321E-01
   04  0.7035694E+01  0.6019664E+01 -0.9851639E+00  0.1507415E+00 -0.1736551E-01
   04  0.7042833E+01  0.6016885E+01 -0.9792545E+00  0.1523604E+00 -0.2014495E-01
   04  0.7049971E+01  0.6014368E+01 -0.9719465E+00  0.1540785E+00 -0.2266215E-01
   04  0.7057110E+01  0.6012093E+01 -0.9632803E+00  0.1558571E+00 -0.2493732E-01
   04  0.7064249E+01  0.6010025E+01 -0.9534874E+00  0.1576844E+00 -0.2700499E-01
   04  0.7071388E+01  0.6008115E+01 -0.9429218E+00  0.1595510E+00 -0.2891483E-01
   04  0.7078527E+01  0.6006319E+01 -0.9318657E+00  0.1613827E+00 -0.3071143E-01
   04  0.7085665E+01  0.6004616E+01 -0.9204143E+00  0.1630779E+00 -0.3241406E-01
   04  0.7092804E+01  0.6003000E+01 -0.9086095E+00  0.1645404E+00 -0.3403021E-01
   04  0.7099943E+01  0.6001466E+01 -0.8964951E+00  0.1657251E+00 -0.3556392E-01
   04  0.7107082E+01  0.6000003E+01 -0.8841926E+00  0.1666606E+00 -0.3702693E-01
   04  0.7114220E+01  0.5998598E+01 -0.8718482E+00  0.1674125E+00 -0.3843218E-01
   04  0.7121359E+01  0.5997248E+01 -0.8595202E+00  0.1680544E+00 -0.3978208E-01
   04  0.7128498E+01  0.5995960E+01 -0.8471901E+00  0.1686528E+00 -0.4106997E-01
   04  0.7135637E+01  0.5994749E+01 -0.8347872E+00  0.1692621E+00 -0.4228094E-01
   04  0.7142775E+01  0.5993633E+01 -0.8221955E+00  0.1698952E+00 -0.4339673E-01
   04  0.7149914E+01  0.5992636E+01 -0.8092720E+00  0.1705486E+00 -0.4439397E-01
   04  0.7157052E+01  0.5991784E+01 -0.7958798E+00  0.1711476E+00 -0.4524552E-01
   04  0.7164191E+01  0.5991090E+01 -0.7819398E+00  0.1716471E+00 -0.4593961E-01
   04  0.7171329E+01  0.5990553E+01 -0.7674396E+00  0.1720178E+00 -0.4647653E-01
   04  0.7178468E+01  0.5990171E+01 -0.7524285E+00  0.1721799E+00 -0.4685896E-01
   04  0.7185606E+01  0.5989928E+01 -0.7370207E+00  0.1720597E+00 -0.4710202E-01
   04  0.7192745E+01  0.5989798E+01 -0.7213725E+00  0.1715807E+00 -0.4723161E-01
   04  0.7199883E+01  0.5989761E+01 -0.7056393E+00  0.1707011E+00 -0.4726904E-01
   04  0.7207022E+01  0.5989801E+01 -0.6899426E+00  0.1693939E+00 -0.4722863E-01
   04  0.7214160E+01  0.5989916E+01 -0.6743399E+00  0.1676396E+00 -0.4711416E-01
   04  0.7221299E+01  0.5990114E+01 -0.6588076E+00  0.1654251E+00 -0.4691580E-01
   04  0.7228438E+01  0.5990419E+01 -0.6432448E+00  0.1627399E+00 -0.4661069E-01
   04  0.7235576E+01  0.5990861E+01 -0.6274943E+00  0.1595572E+00 -0.4616933E-01
   04  0.7242715E+01  0.5991474E+01 -0.6113803E+00  0.1558764E+00 -0.4555625E-01
   04  0.7249853E+01  0.5992287E+01 -0.5947458E+00  0.1516856E+00 -0.4474280E-01
   04  0.7256992E+01  0.5993316E+01 -0.5774982E+00  0.1469639E+00 -0.4371362E-01
   04  0.7263354E+01  0.5994420E+01 -0.5616050E+00  0.1423325E+00 -0.4260971E-01
   04  0.7269715E+01  0.5995692E+01 -0.5452666E+00  0.1373322E+00 -0.4133819E-01
   04  0.7276077E+01  0.5997114E+01 -0.5285805E+00  0.1319968E+00 -0.3991638E-01
   04  0.7282439E+01  0.5998662E+01 -0.5116757E+00  0.1263561E+00 -0.3836840E-01
   04  0.7288801E+01  0.6000313E+01 -0.4946880E+00  0.1204646E+00 -0.3671707E-01
   04  0.7295163E+01  0.6002046E+01 -0.4777429E+00  0.1143654E+00 -0.3498403E-01
   04  0.7301524E+01  0.6003842E+01 -0.4609373E+00  0.1080903E+00 -0.3318750E-01
   04  0.7307886E+01  0.6005691E+01 -0.4443281E+00  0.1016789E+00 -0.3133859E-01
   04  0.7314248E+01  0.6007587E+01 -0.4279268E+00  0.9516742E-01 -0.2944309E-01
   04  0.7320610E+01  0.6009528E+01 -0.4117082E+00  0.8859011E-01 -0.2750204E-01
   04  0.7326972E+01  0.6011516E+01 -0.3956235E+00  0.8197588E-01 -0.2551421E-01
   04  0.7333333E+01  0.6013552E+01 -0.3796132E+00  0.7534979E-01 -0.2347794E-01
   04  0.7340470E+01  0.6015894E+01 -0.3616551E+00  0.6793245E-01 -0.2113565E-01
   04  0.7347607E+01  0.6018297E+01 -0.3436613E+00  0.6058261E-01 -0.1873269E-01
   04  0.7354744E+01  0.6020756E+01 -0.3256058E+00  0.5334480E-01 -0.1627437E-01
   04  0.7361881E+01  0.6023261E+01 -0.3074930E+00  0.4625869E-01 -0.1376908E-01
   04  0.7369018E+01  0.6025804E+01 -0.2893543E+00  0.3935097E-01 -0.1122618E-01
   04  0.7376155E+01  0.6028376E+01 -0.2712366E+00  0.3263662E-01 -0.8653682E-02
   04  0.7383292E+01  0.6030974E+01 -0.2531864E+00  0.2611912E-01 -0.6056046E-02
   04  0.7390429E+01  0.6033594E+01 -0.2352356E+00  0.1974538E-01 -0.3436254E-02
   04  0.7397566E+01  0.6036241E+01 -0.2173949E+00  0.1345364E-01 -0.7889114E-03
   04  0.7404702E+01  0.6038926E+01 -0.1996476E+00  0.7161791E-02  0.1896455E-02
   04  0.7411839E+01  0.6041663E+01 -0.1819467E+00  0.7829047E-03  0.4633242E-02
   04  0.7418976E+01  0.6044464E+01 -0.1642153E+00 -0.5779969E-02  0.7434026E-02
   04  0.7426113E+01  0.6047338E+01 -0.1463604E+00 -0.1261200E-01  0.1030846E-01
   04  0.7433250E+01  0.6050293E+01 -0.1282978E+00 -0.1974576E-01  0.1326305E-01
   04  0.7440387E+01  0.6053327E+01 -0.1099700E+00 -0.2716592E-01  0.1629694E-01
   04  0.7447524E+01  0.6056431E+01 -0.9135590E-01 -0.3481198E-01  0.1940087E-01
   04  0.7454661E+01  0.6059588E+01 -0.7247697E-01 -0.4258923E-01  0.2255802E-01
   04  0.7461798E+01  0.6062777E+01 -0.5340263E-01 -0.5038112E-01  0.2574681E-01
   04  0.7468934E+01  0.6065971E+01 -0.3423013E-01 -0.5805937E-01  0.2894137E-01
   04  0.7476070E+01  0.6069145E+01 -0.1505863E-01 -0.6549841E-01  0.3211527E-01
   04  0.7483206E+01  0.6072273E+01  0.4015073E-02 -0.7258341E-01  0.3524283E-01
   04  0.7490341E+01  0.6075332E+01  0.2289868E-01 -0.7921905E-01  0.3830174E-01
   04  0.7497477E+01  0.6078303E+01  0.4150451E-01 -0.8533206E-01  0.4127340E-01
   04  0.7504613E+01  0.6081172E+01  0.5974913E-01 -0.9086834E-01  0.4414188E-01
   04  0.7511749E+01  0.6083924E+01  0.7754865E-01 -0.9579588E-01  0.4689365E-01
   04  0.7518885E+01  0.6086548E+01  0.9481019E-01 -0.1001124E+00  0.4951835E-01
   04  0.7526021E+01  0.6089038E+01  0.1114299E+00 -0.1038398E+00  0.5200795E-01
   04  0.7533157E+01  0.6091381E+01  0.1273143E+00 -0.1069792E+00  0.5435099E-01
   04  0.7540293E+01  0.6093557E+01  0.1424315E+00 -0.1094686E+00  0.5652671E-01
   04  0.7547429E+01  0.6095541E+01  0.1568019E+00 -0.1111817E+00  0.5851132E-01
   04  0.7554565E+01  0.6097321E+01  0.1704166E+00 -0.1120236E+00  0.6029127E-01
   04  0.7561701E+01  0.6098905E+01  0.1832275E+00 -0.1120578E+00  0.6187532E-01
   04  0.7568837E+01  0.6100319E+01  0.1951763E+00 -0.1114211E+00  0.6328850E-01
   04  0.7575973E+01  0.6101584E+01  0.2062735E+00 -0.1102506E+00  0.6455444E-01
   04  0.7583108E+01  0.6102701E+01  0.2166249E+00 -0.1084223E+00  0.6567097E-01
   04  0.7590244E+01  0.6103646E+01  0.2263789E+00 -0.1056520E+00  0.6661643E-01
   04  0.7596613E+01  0.6104333E+01  0.2346925E+00 -0.1022305E+00  0.6730279E-01
   04  0.7602981E+01  0.6104874E+01  0.2427254E+00 -0.9790168E-01  0.6784388E-01
   04  0.7609350E+01  0.6105274E+01  0.2505398E+00 -0.9268916E-01  0.6824414E-01
   04  0.7615718E+01  0.6105534E+01  0.2581870E+00 -0.8663220E-01  0.6850433E-01
   04  0.7622087E+01  0.6105655E+01  0.2657033E+00 -0.7978660E-01  0.6862457E-01
   04  0.7628456E+01  0.6105634E+01  0.2731130E+00 -0.7221787E-01  0.6860441E-01
   04  0.7634824E+01  0.6105474E+01  0.2804342E+00 -0.6399946E-01  0.6844369E-01
   04  0.7641193E+01  0.6105173E+01  0.2876878E+00 -0.5521126E-01  0.6814334E-01
   04  0.7647561E+01  0.6104737E+01  0.2949034E+00 -0.4593440E-01  0.6770682E-01
   04  0.7653930E+01  0.6104171E+01  0.3021233E+00 -0.3624472E-01  0.6714139E-01
   04  0.7660298E+01  0.6103488E+01  0.3094061E+00 -0.2621089E-01  0.6645829E-01
   04  0.7666667E+01  0.6102702E+01  0.3168281E+00 -0.1589487E-01  0.6567227E-01
   04  0.7673798E+01  0.6101722E+01  0.3254127E+00 -0.4075863E-02  0.6469237E-01
   04  0.7680929E+01  0.6100663E+01  0.3344184E+00  0.7967996E-02  0.6363253E-01
   04  0.7688060E+01  0.6099550E+01  0.3439784E+00  0.2018734E-01  0.6252033E-01
   04  0.7695191E+01  0.6098412E+01  0.3542122E+00  0.3253993E-01  0.6138167E-01
   04  0.7702322E+01  0.6097269E+01  0.3652158E+00  0.4498731E-01  0.6023928E-01
   04  0.7709453E+01  0.6096142E+01  0.3770561E+00  0.5749060E-01  0.5911202E-01
   04  0.7716583E+01  0.6095045E+01  0.3897686E+00  0.7000838E-01  0.5801489E-01
   04  0.7723714E+01  0.6093989E+01  0.4033578E+00  0.8249700E-01  0.5695930E-01
   04  0.7730845E+01  0.6092984E+01  0.4177975E+00  0.9491353E-01  0.5595351E-01
   04  0.7737976E+01  0.6092033E+01  0.4330307E+00  0.1072202E+00  0.5500282E-01
   04  0.7745107E+01  0.6091140E+01  0.4489689E+00  0.1193883E+00  0.5410953E-01
   04  0.7752238E+01  0.6090303E+01  0.4654927E+00  0.1314007E+00  0.5327276E-01
   04  0.7759369E+01  0.6089518E+01  0.4824554E+00  0.1432504E+00  0.5248837E-01
   04  0.7766500E+01  0.6088779E+01  0.4996905E+00  0.1549376E+00  0.5174936E-01
   04  0.7773631E+01  0.6088077E+01  0.5170241E+00  0.1664640E+00  0.5104687E-01
   04  0.7780762E+01  0.6087402E+01  0.5342903E+00  0.1778281E+00  0.5037160E-01
   04  0.7787893E+01  0.6086745E+01  0.5513451E+00  0.1890204E+00  0.4971545E-01
   04  0.7795024E+01  0.6086103E+01  0.5680768E+00  0.2000207E+00  0.4907282E-01
   04  0.7802153E+01  0.6085471E+01  0.5844044E+00  0.2107935E+00  0.4844132E-01
   04  0.7809283E+01  0.6084851E+01  0.6002862E+00  0.2212973E+00  0.4782105E-01
   04  0.7816412E+01  0.6084244E+01  0.6156978E+00  0.2314778E+00  0.4721410E-01
   04  0.7823541E+01  0.6083653E+01  0.6306247E+00  0.2412757E+00  0.4662324E-01
   04  0.7830670E+01  0.6083081E+01  0.6450553E+00  0.2506328E+00  0.4605082E-01
   04  0.7837799E+01  0.6082528E+01  0.6589765E+00  0.2594986E+00  0.4549832E-01
   04  0.7844928E+01  0.6081996E+01  0.6723753E+00  0.2678343E+00  0.4496620E-01
   04  0.7852058E+01  0.6081484E+01  0.6852425E+00  0.2756139E+00  0.4445402E-01
   04  0.7859187E+01  0.6080990E+01  0.6975752E+00  0.2828198E+00  0.4396041E-01
   04  0.7866316E+01  0.6080513E+01  0.7093764E+00  0.2894367E+00  0.4348278E-01
   04  0.7873445E+01  0.6080047E+01  0.7206532E+00  0.2954453E+00  0.4301707E-01
   04  0.7880574E+01  0.6079588E+01  0.7314141E+00  0.3008222E+00  0.4255770E-01
   04  0.7887703E+01  0.6079128E+01  0.7416677E+00  0.3055435E+00  0.4209793E-01
   04  0.7894833E+01  0.6078661E+01  0.7514244E+00  0.3095921E+00  0.4163077E-01
   04  0.7901962E+01  0.6078180E+01  0.7606996E+00  0.3129677E+00  0.4115025E-01
   04  0.7909091E+01  0.6077683E+01  0.7695155E+00  0.3156943E+00  0.4065296E-01
   04  0.7916220E+01  0.6077168E+01  0.7778992E+00  0.3178191E+00  0.4013827E-01
   04  0.7923349E+01  0.6076629E+01  0.7858967E+00  0.3193286E+00  0.3959921E-01
   04  0.7929737E+01  0.6076125E+01  0.7927954E+00  0.3201928E+00  0.3909496E-01
   04  0.7936124E+01  0.6075605E+01  0.7994874E+00  0.3206691E+00  0.3857549E-01
   04  0.7942512E+01  0.6075079E+01  0.8060159E+00  0.3208644E+00  0.3804883E-01
   04  0.7948900E+01  0.6074552E+01  0.8124191E+00  0.3208954E+00  0.3752242E-01
   04  0.7955287E+01  0.6074025E+01  0.8187229E+00  0.3208161E+00  0.3699461E-01
   04  0.7961675E+01  0.6073493E+01  0.8249593E+00  0.3206722E+00  0.3646298E-01
   04  0.7968062E+01  0.6072958E+01  0.8311550E+00  0.3205333E+00  0.3592849E-01
   04  0.7974450E+01  0.6072422E+01  0.8373207E+00  0.3204574E+00  0.3539216E-01
   04  0.7980837E+01  0.6071885E+01  0.8434640E+00  0.3204876E+00  0.3485493E-01
   04  0.7987225E+01  0.6071346E+01  0.8495963E+00  0.3206455E+00  0.3431569E-01
   04  0.7993612E+01  0.6070804E+01  0.8557301E+00  0.3209515E+00  0.3377417E-01
