# gauge_id=     9 location=(  0.9300100000E+02  0.1000000000E-02 ) num_var=  4
# level, time, q[  1  2  3], eta, aux[]
   01  0.0000000E+00  0.0000000E+00  0.0000000E+00  0.0000000E+00  0.8430000E+01
   01  0.1600000E-01  0.0000000E+00  0.0000000E+00  0.0000000E+00  0.8430000E+01
   01  0.1329653E+00  0.0000000E+00  0.0000000E+00  0.0000000E+00  0.8430000E+01
   01  0.2476540E+00  0.0000000E+00  0.0000000E+00  0.0000000E+00  0.8430000E+01
   01  0.3333333E+00  0.0000000E+00  0.0000000E+00  0.0000000E+00  0.8430000E+01
   01  0.4522257E+00  0.0000000E+00  0.0000000E+00  0.0000000E+00  0.8430000E+01
   01  0.5724150E+00  0.0000000E+00  0.0000000E+00  0.0000000E+00  0.8430000E+01
   01  0.6666667E+00  0.0000000E+00  0.0000000E+00  0.0000000E+00  0.8430000E+01
   01  0.7903854E+00  0.0000000E+00  0.0000000E+00  0.0000000E+00  0.8430000E+01
   01  0.9158532E+00  0.0000000E+00  0.0000000E+00  0.0000000E+00  0.8430000E+01
   01  0.1000000E+01  0.0000000E+00  0.0000000E+00  0.0000000E+00  0.8430000E+01
   01  0.1128722E+01  0.0000000E+00  0.0000000E+00  0.0000000E+00  0.8430000E+01
   01  0.1257366E+01  0.0000000E+00  0.0000000E+00  0.0000000E+00  0.8430000E+01
   01  0.1333333E+01  0.0000000E+00  0.0000000E+00  0.0000000E+00  0.8430000E+01
   01  0.1461954E+01  0.0000000E+00  0.0000000E+00  0.0000000E+00  0.8430000E+01
   01  0.1590570E+01  0.0000000E+00  0.0000000E+00  0.0000000E+00  0.8430000E+01
   01  0.1666667E+01  0.0000000E+00  0.0000000E+00  0.0000000E+00  0.8430000E+01
   01  0.1795194E+01  0.0000000E+00  0.0000000E+00  0.0000000E+00  0.8430000E+01
   01  0.1923729E+01  0.0000000E+00  0.0000000E+00  0.0000000E+00  0.8430000E+01
   01  0.2000000E+01  0.0000000E+00  0.0000000E+00  0.0000000E+00  0.8430000E+01
   01  0.2128607E+01  0.0000000E+00  0.0000000E+00  0.0000000E+00  0.8430000E+01
   01  0.2257190E+01  0.0000000E+00  0.0000000E+00  0.0000000E+00  0.8430000E+01
   01  0.2333333E+01  0.0000000E+00  0.0000000E+00  0.0000000E+00  0.8430000E+01
   01  0.2461836E+01  0.0000000E+00  0.0000000E+00  0.0000000E+00  0.8430000E+01
   01  0.2590356E+01  0.0000000E+00  0.0000000E+00  0.0000000E+00  0.8430000E+01
   01  0.2666667E+01  0.0000000E+00  0.0000000E+00  0.0000000E+00  0.8430000E+01
   01  0.2795247E+01  0.0000000E+00  0.0000000E+00  0.0000000E+00  0.8430000E+01
   01  0.2923808E+01  0.0000000E+00  0.0000000E+00  0.0000000E+00  0.8430000E+01
   01  0.3000000E+01  0.0000000E+00  0.0000000E+00  0.0000000E+00  0.8430000E+01
   01  0.3128516E+01  0.0000000E+00  0.0000000E+00  0.0000000E+00  0.8430000E+01
   02  0.3257048E+01  0.0000000E+00  0.0000000E+00  0.0000000E+00  0.6510000E+01
   02  0.3295190E+01  0.0000000E+00  0.0000000E+00  0.0000000E+00  0.6510000E+01
   02  0.3333333E+01  0.0000000E+00  0.0000000E+00  0.0000000E+00  0.6510000E+01
   02  0.3376188E+01  0.0000000E+00  0.0000000E+00  0.0000000E+00  0.6510000E+01
   02  0.3419043E+01  0.0000000E+00  0.0000000E+00  0.0000000E+00  0.6510000E+01
   02  0.3461897E+01  0.0000000E+00  0.0000000E+00  0.0000000E+00  0.6510000E+01
   03  0.3504748E+01  0.0000000E+00  0.0000000E+00  0.0000000E+00  0.6960000E+01
   03  0.3526173E+01  0.0000000E+00  0.0000000E+00  0.0000000E+00  0.6960000E+01
   03  0.3547598E+01  0.0000000E+00  0.0000000E+00  0.0000000E+00  0.6960000E+01
   03  0.3569023E+01  0.0000000E+00  0.0000000E+00  0.0000000E+00  0.6960000E+01
   03  0.3590448E+01  0.0000000E+00  0.0000000E+00  0.0000000E+00  0.6960000E+01
   03  0.3609503E+01  0.0000000E+00  0.0000000E+00  0.0000000E+00  0.6960000E+01
   03  0.3628557E+01  0.0000000E+00  0.0000000E+00  0.0000000E+00  0.6960000E+01
   03  0.3647612E+01  0.0000000E+00  0.0000000E+00  0.0000000E+00  0.6960000E+01
   03  0.3666667E+01  0.0000000E+00  0.0000000E+00  0.0000000E+00  0.6960000E+01
   03  0.3688088E+01  0.0000000E+00  0.0000000E+00  0.0000000E+00  0.6960000E+01
   03  0.3709508E+01  0.0000000E+00  0.0000000E+00  0.0000000E+00  0.6960000E+01
   03  0.3730929E+01  0.0000000E+00  0.0000000E+00  0.0000000E+00  0.6960000E+01
   03  0.3752350E+01  0.0000000E+00  0.0000000E+00  0.0000000E+00  0.6960000E+01
   03  0.3773771E+01  0.0000000E+00  0.0000000E+00  0.0000000E+00  0.6960000E+01
   03  0.3795192E+01  0.0000000E+00  0.0000000E+00  0.0000000E+00  0.6960000E+01
   03  0.3816614E+01  0.0000000E+00  0.0000000E+00  0.0000000E+00  0.6960000E+01
   03  0.3838037E+01  0.0000000E+00  0.0000000E+00  0.0000000E+00  0.6960000E+01
   03  0.3852318E+01  0.0000000E+00  0.0000000E+00  0.0000000E+00  0.6960000E+01
   03  0.3866600E+01  0.0000000E+00  0.0000000E+00  0.0000000E+00  0.6960000E+01
   03  0.3880882E+01  0.0000000E+00  0.0000000E+00  0.0000000E+00  0.6960000E+01
   03  0.3891593E+01  0.0000000E+00  0.0000000E+00  0.0000000E+00  0.6960000E+01
   03  0.3902304E+01  0.0000000E+00  0.0000000E+00  0.0000000E+00  0.6960000E+01
   03  0.3913015E+01  0.0000000E+00  0.0000000E+00  0.0000000E+00  0.6960000E+01
   03  0.3923726E+01  0.0000000E+00  0.0000000E+00  0.0000000E+00  0.6960000E+01
   03  0.3942795E+01  0.0000000E+00  0.0000000E+00  0.0000000E+00  0.6960000E+01
   03  0.3961863E+01  0.0000000E+00  0.0000000E+00  0.0000000E+00  0.6960000E+01
   03  0.3980932E+01  0.0000000E+00  0.0000000E+00  0.0000000E+00  0.6960000E+01
   03  0.4000000E+01  0.0000000E+00  0.0000000E+00  0.0000000E+00  0.6960000E+01
   03  0.4021426E+01  0.0000000E+00  0.0000000E+00  0.0000000E+00  0.6960000E+01
   03  0.4042852E+01  0.0000000E+00  0.0000000E+00  0.0000000E+00  0.6960000E+01
   03  0.4064278E+01  0.0000000E+00  0.0000000E+00  0.0000000E+00  0.6960000E+01
   03  0.4085704E+01  0.0000000E+00  0.0000000E+00  0.0000000E+00  0.6960000E+01
   03  0.4107130E+01  0.0000000E+00  0.0000000E+00  0.0000000E+00  0.6960000E+01
   03  0.4128556E+01  0.0000000E+00  0.0000000E+00  0.0000000E+00  0.6960000E+01
   03  0.4149980E+01  0.0000000E+00  0.0000000E+00  0.0000000E+00  0.6960000E+01
   03  0.4171404E+01  0.0000000E+00  0.0000000E+00  0.0000000E+00  0.6960000E+01
   03  0.4192828E+01  0.0000000E+00  0.0000000E+00  0.0000000E+00  0.6960000E+01
   03  0.4214252E+01  0.0000000E+00  0.0000000E+00  0.0000000E+00  0.6960000E+01
   03  0.4235677E+01  0.0000000E+00  0.0000000E+00  0.0000000E+00  0.6960000E+01
   03  0.4257101E+01  0.0000000E+00  0.0000000E+00  0.0000000E+00  0.6960000E+01
   03  0.4276159E+01  0.0000000E+00  0.0000000E+00  0.0000000E+00  0.6960000E+01
   03  0.4295217E+01  0.0000000E+00  0.0000000E+00  0.0000000E+00  0.6960000E+01
   03  0.4314275E+01  0.0000000E+00  0.0000000E+00  0.0000000E+00  0.6960000E+01
   03  0.4333333E+01  0.0000000E+00  0.0000000E+00  0.0000000E+00  0.6960000E+01
   03  0.4354755E+01  0.0000000E+00  0.0000000E+00  0.0000000E+00  0.6960000E+01
   03  0.4376176E+01  0.0000000E+00  0.0000000E+00  0.0000000E+00  0.6960000E+01
   03  0.4397598E+01  0.0000000E+00  0.0000000E+00  0.0000000E+00  0.6960000E+01
   03  0.4419019E+01  0.0000000E+00  0.0000000E+00  0.0000000E+00  0.6960000E+01
   03  0.4440441E+01  0.0000000E+00  0.0000000E+00  0.0000000E+00  0.6960000E+01
   03  0.4461862E+01  0.0000000E+00  0.0000000E+00  0.0000000E+00  0.6960000E+01
   03  0.4483285E+01  0.0000000E+00  0.0000000E+00  0.0000000E+00  0.6960000E+01
   03  0.4504708E+01  0.0000000E+00  0.0000000E+00  0.0000000E+00  0.6960000E+01
   03  0.4526131E+01  0.0000000E+00  0.0000000E+00  0.0000000E+00  0.6960000E+01
   03  0.4547554E+01  0.0000000E+00  0.0000000E+00  0.0000000E+00  0.6960000E+01
   03  0.4568977E+01  0.0000000E+00  0.0000000E+00  0.0000000E+00  0.6960000E+01
   03  0.4590400E+01  0.0000000E+00  0.0000000E+00  0.0000000E+00  0.6960000E+01
   03  0.4609466E+01  0.0000000E+00  0.0000000E+00  0.0000000E+00  0.6960000E+01
   03  0.4628533E+01  0.0000000E+00  0.0000000E+00  0.0000000E+00  0.6960000E+01
   03  0.4647600E+01  0.0000000E+00  0.0000000E+00  0.0000000E+00  0.6960000E+01
   03  0.4666667E+01  0.0000000E+00  0.0000000E+00  0.0000000E+00  0.6960000E+01
   03  0.4688091E+01  0.0000000E+00  0.0000000E+00  0.0000000E+00  0.6960000E+01
   03  0.4709515E+01  0.0000000E+00  0.0000000E+00  0.0000000E+00  0.6960000E+01
   03  0.4730940E+01  0.0000000E+00  0.0000000E+00  0.0000000E+00  0.6960000E+01
   03  0.4752364E+01  0.0000000E+00  0.0000000E+00  0.0000000E+00  0.6960000E+01
   03  0.4773788E+01  0.0000000E+00  0.0000000E+00  0.0000000E+00  0.6960000E+01
   03  0.4795213E+01  0.0000000E+00  0.0000000E+00  0.0000000E+00  0.6960000E+01
   03  0.4816636E+01  0.0000000E+00  0.0000000E+00  0.0000000E+00  0.6960000E+01
   03  0.4838058E+01  0.0000000E+00  0.0000000E+00  0.0000000E+00  0.6960000E+01
   03  0.4859481E+01  0.0000000E+00  0.0000000E+00  0.0000000E+00  0.6960000E+01
   03  0.4880904E+01  0.0000000E+00  0.0000000E+00  0.0000000E+00  0.6960000E+01
   03  0.4902327E+01  0.0000000E+00  0.0000000E+00  0.0000000E+00  0.6960000E+01
   03  0.4923750E+01  0.0000000E+00  0.0000000E+00  0.0000000E+00  0.6960000E+01
   03  0.4942812E+01  0.0000000E+00  0.0000000E+00  0.0000000E+00  0.6960000E+01
   03  0.4961875E+01  0.0000000E+00  0.0000000E+00  0.0000000E+00  0.6960000E+01
   03  0.4980937E+01  0.0000000E+00  0.0000000E+00  0.0000000E+00  0.6960000E+01
   03  0.5000000E+01  0.0000000E+00  0.0000000E+00  0.0000000E+00  0.6960000E+01
   03  0.5010711E+01  0.0000000E+00  0.0000000E+00  0.0000000E+00  0.6960000E+01
   03  0.5021422E+01  0.0000000E+00  0.0000000E+00  0.0000000E+00  0.6960000E+01
   03  0.5032133E+01  0.0000000E+00  0.0000000E+00  0.0000000E+00  0.6960000E+01
   03  0.5042844E+01  0.0000000E+00  0.0000000E+00  0.0000000E+00  0.6960000E+01
   03  0.5064266E+01  0.0000000E+00  0.0000000E+00  0.0000000E+00  0.6960000E+01
   03  0.5085688E+01  0.0000000E+00  0.0000000E+00  0.0000000E+00  0.6960000E+01
   03  0.5107110E+01  0.0000000E+00  0.0000000E+00  0.0000000E+00  0.6960000E+01
   03  0.5128532E+01  0.0000000E+00  0.0000000E+00  0.0000000E+00  0.6960000E+01
   03  0.5135673E+01  0.0000000E+00  0.0000000E+00  0.0000000E+00  0.6960000E+01
   03  0.5142814E+01  0.0000000E+00  0.0000000E+00  0.0000000E+00  0.6960000E+01
   03  0.5149955E+01  0.0000000E+00  0.0000000E+00  0.0000000E+00  0.6960000E+01
   03  0.5157096E+01  0.0000000E+00  0.0000000E+00  0.0000000E+00  0.6960000E+01
   03  0.5164237E+01  0.0000000E+00  0.0000000E+00  0.0000000E+00  0.6960000E+01
   03  0.5171378E+01  0.0000000E+00  0.0000000E+00  0.0000000E+00  0.6960000E+01
   03  0.5192800E+01  0.0000000E+00  0.0000000E+00  0.0000000E+00  0.6960000E+01
   03  0.5203512E+01  0.0000000E+00  0.0000000E+00  0.0000000E+00  0.6960000E+01
   03  0.5214223E+01  0.0000000E+00  0.0000000E+00  0.0000000E+00  0.6960000E+01
   03  0.5224935E+01  0.0000000E+00  0.0000000E+00  0.0000000E+00  0.6960000E+01
   03  0.5235646E+01  0.0000000E+00  0.0000000E+00  0.0000000E+00  0.6960000E+01
   03  0.5246357E+01  0.0000000E+00  0.0000000E+00  0.0000000E+00  0.6960000E+01
   03  0.5257069E+01  0.0000000E+00  0.0000000E+00  0.0000000E+00  0.6960000E+01
   03  0.5269779E+01  0.0000000E+00  0.0000000E+00  0.0000000E+00  0.6960000E+01
   03  0.5282490E+01  0.0000000E+00  0.0000000E+00  0.0000000E+00  0.6960000E+01
   03  0.5295201E+01  0.0000000E+00  0.0000000E+00  0.0000000E+00  0.6960000E+01
   03  0.5307912E+01  0.0000000E+00  0.0000000E+00  0.0000000E+00  0.6960000E+01
   03  0.5320623E+01  0.0000000E+00  0.0000000E+00  0.0000000E+00  0.6960000E+01
   03  0.5333333E+01  0.0000000E+00  0.0000000E+00  0.0000000E+00  0.6960000E+01
   03  0.5347615E+01  0.0000000E+00  0.0000000E+00  0.0000000E+00  0.6960000E+01
   03  0.5361897E+01  0.0000000E+00  0.0000000E+00  0.0000000E+00  0.6960000E+01
   03  0.5376179E+01  0.0000000E+00  0.0000000E+00  0.0000000E+00  0.6960000E+01
   03  0.5397601E+01  0.0000000E+00  0.0000000E+00  0.0000000E+00  0.6960000E+01
   03  0.5419024E+01  0.0000000E+00  0.0000000E+00  0.0000000E+00  0.6960000E+01
   03  0.5440447E+01  0.0000000E+00  0.0000000E+00  0.0000000E+00  0.6960000E+01
   03  0.5461869E+01  0.0000000E+00  0.0000000E+00  0.0000000E+00  0.6960000E+01
   03  0.5483291E+01  0.0000000E+00  0.0000000E+00  0.0000000E+00  0.6960000E+01
   03  0.5504713E+01  0.0000000E+00  0.0000000E+00  0.0000000E+00  0.6960000E+01
   03  0.5526135E+01  0.0000000E+00  0.0000000E+00  0.0000000E+00  0.6960000E+01
   03  0.5547557E+01  0.0000000E+00  0.0000000E+00  0.0000000E+00  0.6960000E+01
   03  0.5568979E+01  0.0000000E+00  0.0000000E+00  0.0000000E+00  0.6960000E+01
   03  0.5579690E+01  0.0000000E+00  0.0000000E+00  0.0000000E+00  0.6960000E+01
   03  0.5590401E+01  0.0000000E+00  0.0000000E+00  0.0000000E+00  0.6960000E+01
   03  0.5609467E+01  0.0000000E+00  0.0000000E+00  0.0000000E+00  0.6960000E+01
   03  0.5628534E+01  0.0000000E+00  0.0000000E+00  0.0000000E+00  0.6960000E+01
   03  0.5647600E+01  0.0000000E+00  0.0000000E+00  0.0000000E+00  0.6960000E+01
   03  0.5666667E+01  0.0000000E+00  0.0000000E+00  0.0000000E+00  0.6960000E+01
   03  0.5688088E+01  0.0000000E+00  0.0000000E+00  0.0000000E+00  0.6960000E+01
   03  0.5709508E+01  0.0000000E+00  0.0000000E+00  0.0000000E+00  0.6960000E+01
   03  0.5730929E+01  0.0000000E+00  0.0000000E+00  0.0000000E+00  0.6960000E+01
   03  0.5752350E+01  0.0000000E+00  0.0000000E+00  0.0000000E+00  0.6960000E+01
   03  0.5773771E+01  0.0000000E+00  0.0000000E+00  0.0000000E+00  0.6960000E+01
   03  0.5795192E+01  0.0000000E+00  0.0000000E+00  0.0000000E+00  0.6960000E+01
   03  0.5816613E+01  0.0000000E+00  0.0000000E+00  0.0000000E+00  0.6960000E+01
   03  0.5827324E+01  0.0000000E+00  0.0000000E+00  0.0000000E+00  0.6960000E+01
   03  0.5838034E+01  0.0000000E+00  0.0000000E+00  0.0000000E+00  0.6960000E+01
   03  0.5859455E+01  0.0000000E+00  0.0000000E+00  0.0000000E+00  0.6960000E+01
   03  0.5870166E+01  0.0000000E+00  0.0000000E+00  0.0000000E+00  0.6960000E+01
   03  0.5880876E+01  0.0000000E+00  0.0000000E+00  0.0000000E+00  0.6960000E+01
   03  0.5891587E+01  0.0000000E+00  0.0000000E+00  0.0000000E+00  0.6960000E+01
   03  0.5902297E+01  0.0000000E+00  0.0000000E+00  0.0000000E+00  0.6960000E+01
   03  0.5913008E+01  0.0000000E+00  0.0000000E+00  0.0000000E+00  0.6960000E+01
   03  0.5923718E+01  0.0000000E+00  0.0000000E+00  0.0000000E+00  0.6960000E+01
   03  0.5942789E+01  0.0000000E+00  0.0000000E+00  0.0000000E+00  0.6960000E+01
   03  0.5961859E+01  0.0000000E+00  0.0000000E+00  0.0000000E+00  0.6960000E+01
   03  0.5980930E+01  0.0000000E+00  0.0000000E+00  0.0000000E+00  0.6960000E+01
   03  0.6000000E+01  0.0000000E+00  0.0000000E+00  0.0000000E+00  0.6960000E+01
   03  0.6021421E+01  0.0000000E+00  0.0000000E+00  0.0000000E+00  0.6960000E+01
   03  0.6042842E+01  0.0000000E+00  0.0000000E+00  0.0000000E+00  0.6960000E+01
   03  0.6064263E+01  0.0000000E+00  0.0000000E+00  0.0000000E+00  0.6960000E+01
   03  0.6085683E+01  0.0000000E+00  0.0000000E+00  0.0000000E+00  0.6960000E+01
   03  0.6107104E+01  0.0000000E+00  0.0000000E+00  0.0000000E+00  0.6960000E+01
   03  0.6128525E+01  0.0000000E+00  0.0000000E+00  0.0000000E+00  0.6960000E+01
   03  0.6149946E+01  0.0000000E+00  0.0000000E+00  0.0000000E+00  0.6960000E+01
   03  0.6171366E+01  0.0000000E+00  0.0000000E+00  0.0000000E+00  0.6960000E+01
   03  0.6192787E+01  0.0000000E+00  0.0000000E+00  0.0000000E+00  0.6960000E+01
   03  0.6214207E+01  0.0000000E+00  0.0000000E+00  0.0000000E+00  0.6960000E+01
   03  0.6235627E+01  0.0000000E+00  0.0000000E+00  0.0000000E+00  0.6960000E+01
   03  0.6257048E+01  0.0000000E+00  0.0000000E+00  0.0000000E+00  0.6960000E+01
   03  0.6276119E+01  0.0000000E+00  0.0000000E+00  0.0000000E+00  0.6960000E+01
   03  0.6295191E+01  0.0000000E+00  0.0000000E+00  0.0000000E+00  0.6960000E+01
   03  0.6314262E+01  0.0000000E+00  0.0000000E+00  0.0000000E+00  0.6960000E+01
   03  0.6333333E+01  0.0000000E+00  0.0000000E+00  0.0000000E+00  0.6960000E+01
   03  0.6354753E+01  0.0000000E+00  0.0000000E+00  0.0000000E+00  0.6960000E+01
   03  0.6376173E+01  0.0000000E+00  0.0000000E+00  0.0000000E+00  0.6960000E+01
   03  0.6397593E+01  0.0000000E+00  0.0000000E+00  0.0000000E+00  0.6960000E+01
   03  0.6419013E+01  0.0000000E+00  0.0000000E+00  0.0000000E+00  0.6960000E+01
   03  0.6440432E+01  0.0000000E+00  0.0000000E+00  0.0000000E+00  0.6960000E+01
   03  0.6461852E+01  0.0000000E+00  0.0000000E+00  0.0000000E+00  0.6960000E+01
   03  0.6483272E+01  0.0000000E+00  0.0000000E+00  0.0000000E+00  0.6960000E+01
   03  0.6504691E+01  0.0000000E+00  0.0000000E+00  0.0000000E+00  0.6960000E+01
   03  0.6526110E+01  0.0000000E+00  0.0000000E+00  0.0000000E+00  0.6960000E+01
   03  0.6547530E+01  0.0000000E+00  0.0000000E+00  0.0000000E+00  0.6960000E+01
   03  0.6568949E+01  0.0000000E+00  0.0000000E+00  0.0000000E+00  0.6960000E+01
   03  0.6590368E+01  0.0000000E+00  0.0000000E+00  0.0000000E+00  0.6960000E+01
   03  0.6609443E+01  0.0000000E+00  0.0000000E+00  0.0000000E+00  0.6960000E+01
   03  0.6628517E+01  0.0000000E+00  0.0000000E+00  0.0000000E+00  0.6960000E+01
   03  0.6647592E+01  0.0000000E+00  0.0000000E+00  0.0000000E+00  0.6960000E+01
   03  0.6666667E+01  0.0000000E+00  0.0000000E+00  0.0000000E+00  0.6960000E+01
   03  0.6688085E+01  0.0000000E+00  0.0000000E+00  0.0000000E+00  0.6960000E+01
   03  0.6709503E+01  0.0000000E+00  0.0000000E+00  0.0000000E+00  0.6960000E+01
   03  0.6730921E+01  0.0000000E+00  0.0000000E+00  0.0000000E+00  0.6960000E+01
   03  0.6752339E+01  0.0000000E+00  0.0000000E+00  0.0000000E+00  0.6960000E+01
   03  0.6773757E+01  0.0000000E+00  0.0000000E+00  0.0000000E+00  0.6960000E+01
   03  0.6795176E+01  0.0000000E+00  0.0000000E+00  0.0000000E+00  0.6960000E+01
   03  0.6816593E+01  0.0000000E+00  0.0000000E+00  0.0000000E+00  0.6960000E+01
   03  0.6838011E+01  0.0000000E+00  0.0000000E+00  0.0000000E+00  0.6960000E+01
   03  0.6859429E+01  0.0000000E+00  0.0000000E+00  0.0000000E+00  0.6960000E+01
   03  0.6880847E+01  0.0000000E+00  0.0000000E+00  0.0000000E+00  0.6960000E+01
   03  0.6902265E+01  0.0000000E+00  0.0000000E+00  0.0000000E+00  0.6960000E+01
   03  0.6923683E+01  0.0000000E+00  0.0000000E+00  0.0000000E+00  0.6960000E+01
   03  0.6942762E+01  0.0000000E+00  0.0000000E+00  0.0000000E+00  0.6960000E+01
   03  0.6961841E+01  0.0000000E+00  0.0000000E+00  0.0000000E+00  0.6960000E+01
   03  0.6980921E+01  0.0000000E+00  0.0000000E+00  0.0000000E+00  0.6960000E+01
   03  0.7000000E+01  0.0000000E+00  0.0000000E+00  0.0000000E+00  0.6960000E+01
   03  0.7021416E+01  0.0000000E+00  0.0000000E+00  0.0000000E+00  0.6960000E+01
   03  0.7042833E+01  0.0000000E+00  0.0000000E+00  0.0000000E+00  0.6960000E+01
   03  0.7064249E+01  0.0000000E+00  0.0000000E+00  0.0000000E+00  0.6960000E+01
   03  0.7085665E+01  0.0000000E+00  0.0000000E+00  0.0000000E+00  0.6960000E+01
   03  0.7107082E+01  0.0000000E+00  0.0000000E+00  0.0000000E+00  0.6960000E+01
   03  0.7128498E+01  0.0000000E+00  0.0000000E+00  0.0000000E+00  0.6960000E+01
   03  0.7149914E+01  0.0000000E+00  0.0000000E+00  0.0000000E+00  0.6960000E+01
   03  0.7171329E+01  0.0000000E+00  0.0000000E+00  0.0000000E+00  0.6960000E+01
   03  0.7192745E+01  0.0000000E+00  0.0000000E+00  0.0000000E+00  0.6960000E+01
   03  0.7214160E+01  0.0000000E+00  0.0000000E+00  0.0000000E+00  0.6960000E+01
   03  0.7235576E+01  0.0000000E+00  0.0000000E+00  0.0000000E+00  0.6960000E+01
   03  0.7256992E+01  0.0000000E+00  0.0000000E+00  0.0000000E+00  0.6960000E+01
   03  0.7276077E+01  0.0000000E+00  0.0000000E+00  0.0000000E+00  0.6960000E+01
   03  0.7295163E+01  0.0000000E+00  0.0000000E+00  0.0000000E+00  0.6960000E+01
   03  0.7314248E+01  0.0000000E+00  0.0000000E+00  0.0000000E+00  0.6960000E+01
   03  0.7333333E+01  0.0000000E+00  0.0000000E+00  0.0000000E+00  0.6960000E+01
   03  0.7354744E+01  0.0000000E+00  0.0000000E+00  0.0000000E+00  0.6960000E+01
   03  0.7376155E+01  0.0000000E+00  0.0000000E+00  0.0000000E+00  0.6960000E+01
   03  0.7397566E+01  0.0000000E+00  0.0000000E+00  0.0000000E+00  0.6960000E+01
   03  0.7418976E+01  0.0000000E+00  0.0000000E+00  0.0000000E+00  0.6960000E+01
   03  0.7440387E+01  0.0000000E+00  0.0000000E+00  0.0000000E+00  0.6960000E+01
   03  0.7461798E+01  0.0000000E+00  0.0000000E+00  0.0000000E+00  0.6960000E+01
   03  0.7483206E+01  0.0000000E+00  0.0000000E+00  0.0000000E+00  0.6960000E+01
   03  0.7504613E+01  0.0000000E+00  0.0000000E+00  0.0000000E+00  0.6960000E+01
   03  0.7526021E+01  0.0000000E+00  0.0000000E+00  0.0000000E+00  0.6960000E+01
   03  0.7547429E+01  0.0000000E+00  0.0000000E+00  0.0000000E+00  0.6960000E+01
   03  0.7568837E+01  0.0000000E+00  0.0000000E+00  0.0000000E+00  0.6960000E+01
   03  0.7590244E+01  0.0000000E+00  0.0000000E+00  0.0000000E+00  0.6960000E+01
   03  0.7609350E+01  0.0000000E+00  0.0000000E+00  0.0000000E+00  0.6960000E+01
   03  0.7628456E+01  0.0000000E+00  0.0000000E+00  0.0000000E+00  0.6960000E+01
   03  0.7647561E+01  0.0000000E+00  0.0000000E+00  0.0000000E+00  0.6960000E+01
   03  0.7666667E+01  0.0000000E+00  0.0000000E+00  0.0000000E+00  0.6960000E+01
   03  0.7688060E+01  0.0000000E+00  0.0000000E+00  0.0000000E+00  0.6960000E+01
   03  0.7709453E+01  0.0000000E+00  0.0000000E+00  0.0000000E+00  0.6960000E+01
   03  0.7730845E+01  0.0000000E+00  0.0000000E+00  0.0000000E+00  0.6960000E+01
   03  0.7752238E+01  0.0000000E+00  0.0000000E+00  0.0000000E+00  0.6960000E+01
   03  0.7773631E+01  0.0000000E+00  0.0000000E+00  0.0000000E+00  0.6960000E+01
   03  0.7795024E+01  0.0000000E+00  0.0000000E+00  0.0000000E+00  0.6960000E+01
   03  0.7816412E+01  0.0000000E+00  0.0000000E+00  0.0000000E+00  0.6960000E+01
   03  0.7837799E+01  0.0000000E+00  0.0000000E+00  0.0000000E+00  0.6960000E+01
   03  0.7859187E+01  0.0000000E+00  0.0000000E+00  0.0000000E+00  0.6960000E+01
   03  0.7880574E+01  0.0000000E+00  0.0000000E+00  0.0000000E+00  0.6960000E+01
   03  0.7901962E+01  0.0000000E+00  0.0000000E+00  0.0000000E+00  0.6960000E+01
   03  0.7923349E+01  0.0000000E+00  0.0000000E+00  0.0000000E+00  0.6960000E+01
   03  0.7942512E+01  0.0000000E+00  0.0000000E+00  0.0000000E+00  0.6960000E+01
   03  0.7961675E+01  0.0000000E+00  0.0000000E+00  0.0000000E+00  0.6960000E+01
   03  0.7980837E+01  0.0000000E+00  0.0000000E+00  0.0000000E+00  0.6960000E+01
