# gauge_id=   101 location=(  0.6081189029E+02  0.6081189029E+02 ) num_var=  4
# level, time, q[  1  2  3], eta, aux[]
   01  0.0000000E+00  0.5941463E+01  0.0000000E+00  0.0000000E+00  0.0000000E+00
   01  0.1600000E-01  0.5941463E+01  0.8175133E-16  0.4051224E-16  0.0000000E+00
   01  0.1329653E+00  0.5941463E+01  0.6523380E-15  0.3495856E-15  0.0000000E+00
   01  0.2476540E+00  0.5941463E+01  0.1101794E-14  0.6352948E-15  0.0000000E+00
   01  0.3333333E+00  0.5941463E+01  0.1392195E-14  0.8648942E-15  0.0000000E+00
   01  0.4522257E+00  0.5941463E+01  0.1775817E-14  0.1204072E-14  0.0000000E+00
   01  0.5724150E+00  0.5941463E+01  0.2158060E-14  0.1598281E-14  0.0000000E+00
   01  0.6666667E+00  0.5941463E+01  0.2467107E-14  0.1917217E-14  0.0000000E+00
   01  0.7903854E+00  0.5941463E+01  0.2865350E-14  0.2332831E-14  0.0000000E+00
   01  0.9158532E+00  0.5941463E+01  0.3264723E-14  0.2769983E-14  0.0000000E+00
   01  0.1000000E+01  0.5941463E+01  0.3527038E-14  0.3077831E-14  0.0000000E+00
   01  0.1128722E+01  0.5941463E+01  0.3934593E-14  0.3569562E-14  0.0000000E+00
   01  0.1257366E+01  0.5941463E+01  0.4341337E-14  0.4081985E-14  0.0000000E+00
   01  0.1333333E+01  0.5941463E+01  0.4600653E-14  0.4389036E-14  0.0000000E+00
   01  0.1461954E+01  0.5941463E+01  0.5020004E-14  0.4918601E-14  0.0000000E+00
   02  0.1590570E+01  0.6021463E+01  0.3864641E-14  0.4082909E-14  0.0000000E+00
   02  0.1628618E+01  0.6021463E+01  0.4171807E-14  0.4563437E-14  0.0000000E+00
   02  0.1666667E+01  0.6021463E+01  0.4532785E-14  0.5039592E-14  0.0000000E+00
   02  0.1709509E+01  0.6021463E+01  0.4985597E-14  0.5569543E-14  0.0000000E+00
   02  0.1752352E+01  0.6021463E+01  0.5488526E-14  0.6113407E-14  0.0000000E+00
   02  0.1795194E+01  0.6021463E+01  0.6049418E-14  0.6672201E-14  0.0000000E+00
   02  0.1838039E+01  0.6021463E+01  0.6642548E-14  0.7245089E-14  0.0000000E+00
   02  0.1880884E+01  0.6021463E+01  0.7283746E-14  0.7851596E-14  0.0000000E+00
   02  0.1923729E+01  0.6021463E+01  0.7947317E-14  0.8589323E-14  0.0000000E+00
   02  0.1961864E+01  0.6021463E+01  0.8698985E-14  0.9425105E-14  0.0000000E+00
   02  0.2000000E+01  0.6021463E+01  0.9587418E-14  0.1035095E-13  0.0000000E+00
   02  0.2042869E+01  0.6021463E+01  0.1041066E-13  0.1060087E-13  0.0000000E+00
   02  0.2085738E+01  0.6021463E+01  0.6921692E-14  0.6016637E-14  0.0000000E+00
   02  0.2128607E+01  0.6021463E+01 -0.9522221E-14 -0.1045647E-13 -0.3552714E-14
   02  0.2171468E+01  0.6021463E+01 -0.5813387E-13 -0.5875770E-13 -0.1332268E-13
   02  0.2214329E+01  0.6021463E+01 -0.1226646E-12 -0.1229554E-12 -0.2486900E-13
   02  0.2257190E+01  0.6021463E+01 -0.1756557E-12 -0.1746949E-12 -0.3641532E-13
   02  0.2295261E+01  0.6021463E+01 -0.1293026E-12 -0.1293028E-12 -0.2753353E-13
   02  0.2333333E+01  0.6021463E+01  0.9677214E-13  0.9650013E-13  0.1421085E-13
   02  0.2376168E+01  0.6021463E+01  0.8184945E-12  0.8175116E-12  0.1509903E-12
   02  0.2419002E+01  0.6021463E+01  0.5357891E-11  0.5354934E-11  0.9814372E-12
   02  0.2461836E+01  0.6021463E+01  0.5992837E-11  0.5988509E-11  0.1160849E-11
   02  0.2504676E+01  0.6021463E+01  0.1065859E-10  0.1064346E-10  0.1810108E-11
   02  0.2547516E+01  0.6021463E+01 -0.3553942E-09 -0.3554571E-09 -0.6448531E-10
   02  0.2590356E+01  0.6021463E+01 -0.1406594E-08 -0.1406773E-08 -0.2601004E-09
   02  0.2628511E+01  0.6021463E+01 -0.6706100E-08 -0.6706803E-08 -0.1248710E-08
   02  0.2666667E+01  0.6021463E+01 -0.1605417E-07 -0.1605714E-07 -0.2964962E-08
   02  0.2709527E+01  0.6021463E+01 -0.2533074E-07 -0.2533058E-07 -0.4892030E-08
   02  0.2752387E+01  0.6021463E+01 -0.4319332E-08 -0.4287977E-08 -0.6083853E-09
   02  0.2795247E+01  0.6021463E+01  0.5156989E-06  0.5158329E-06  0.9509581E-07
   02  0.2838101E+01  0.6021464E+01  0.1762545E-05  0.1763126E-05  0.3326937E-06
   02  0.2880955E+01  0.6021465E+01  0.7665100E-05  0.7666546E-05  0.1434112E-05
   02  0.2923808E+01  0.6021466E+01  0.1690674E-04  0.1690967E-04  0.3149990E-05
   02  0.2961904E+01  0.6021469E+01  0.2936391E-04  0.2936759E-04  0.5660092E-05
   02  0.3000000E+01  0.6021469E+01  0.2945138E-04  0.2944358E-04  0.5732759E-05
   03  0.3042839E+01  0.6034006E+01  0.9617993E-04  0.9617560E-04  0.1872589E-04
   03  0.3064258E+01  0.6034007E+01  0.9671231E-04  0.9670796E-04  0.1969520E-04
   03  0.3085678E+01  0.6034004E+01  0.7930338E-04  0.7925848E-04  0.1592380E-04
   03  0.3107097E+01  0.6033988E+01  0.7980297E-05  0.7808048E-05 -0.6879117E-07
   03  0.3128516E+01  0.6033956E+01 -0.1359219E-03 -0.1363049E-03 -0.3165245E-04
   03  0.3149938E+01  0.6033907E+01 -0.3709304E-03 -0.3715706E-03 -0.8108847E-04
   03  0.3171360E+01  0.6033845E+01 -0.6886472E-03 -0.6895252E-03 -0.1431928E-03
   03  0.3192782E+01  0.6033776E+01 -0.1063306E-02 -0.1064343E-02 -0.2120495E-03
   03  0.3214204E+01  0.6033695E+01 -0.1514830E-02 -0.1515907E-02 -0.2931542E-03
   03  0.3235626E+01  0.6033574E+01 -0.2171498E-02 -0.2172523E-02 -0.4136005E-03
   03  0.3257048E+01  0.6033372E+01 -0.3245205E-02 -0.3246140E-02 -0.6161175E-03
   03  0.3276119E+01  0.6033089E+01 -0.4723859E-02 -0.4724686E-02 -0.8990111E-03
   03  0.3295190E+01  0.6032692E+01 -0.6799756E-02 -0.6800521E-02 -0.1295435E-02
   03  0.3314262E+01  0.6032190E+01 -0.9456096E-02 -0.9456851E-02 -0.1797879E-02
   03  0.3333333E+01  0.6031611E+01 -0.1254507E-01 -0.1254628E-01 -0.2376222E-02
   03  0.3354761E+01  0.6030929E+01 -0.1623790E-01 -0.1623987E-01 -0.3058598E-02
   03  0.3376188E+01  0.6030288E+01 -0.1972469E-01 -0.1972744E-01 -0.3700133E-02
   03  0.3397615E+01  0.6029769E+01 -0.2252977E-01 -0.2253304E-01 -0.4219187E-02
   03  0.3419043E+01  0.6029406E+01 -0.2435055E-01 -0.2435323E-01 -0.4581997E-02
   04  0.3440470E+01  0.6030298E+01 -0.2546038E-01 -0.2546184E-01 -0.4927573E-02
   04  0.3447612E+01  0.6030215E+01 -0.2542548E-01 -0.2542694E-01 -0.5010742E-02
   04  0.3454755E+01  0.6030176E+01 -0.2567007E-01 -0.2567170E-01 -0.5049159E-02
   04  0.3461897E+01  0.6030178E+01 -0.2589868E-01 -0.2590038E-01 -0.5047604E-02
   04  0.3469039E+01  0.6030202E+01 -0.2606832E-01 -0.2606937E-01 -0.5023469E-02
   04  0.3476181E+01  0.6030216E+01 -0.2609392E-01 -0.2609471E-01 -0.5009833E-02
   04  0.3483322E+01  0.6030231E+01 -0.2598306E-01 -0.2598317E-01 -0.4994233E-02
   04  0.3490464E+01  0.6030261E+01 -0.2566757E-01 -0.2566698E-01 -0.4964501E-02
   04  0.3497606E+01  0.6030303E+01 -0.2515667E-01 -0.2515580E-01 -0.4922922E-02
   04  0.3504748E+01  0.6030365E+01 -0.2447919E-01 -0.2447817E-01 -0.4860134E-02
   04  0.3511889E+01  0.6030487E+01 -0.2350843E-01 -0.2350714E-01 -0.4738169E-02
   04  0.3519031E+01  0.6030739E+01 -0.2194789E-01 -0.2194605E-01 -0.4486534E-02
   04  0.3526173E+01  0.6031201E+01 -0.1939639E-01 -0.1939350E-01 -0.4024300E-02
   04  0.3533314E+01  0.6031939E+01 -0.1544161E-01 -0.1543726E-01 -0.3286738E-02
   04  0.3540456E+01  0.6032994E+01 -0.9742313E-02 -0.9736369E-02 -0.2231931E-02
   04  0.3547598E+01  0.6034404E+01 -0.1990614E-02 -0.1983186E-02 -0.8213935E-03
   04  0.3554740E+01  0.6036251E+01  0.8245117E-02  0.8254103E-02  0.1025882E-02
   04  0.3561881E+01  0.6038700E+01  0.2172694E-01  0.2173815E-01  0.3474042E-02
   04  0.3569023E+01  0.6041997E+01  0.3964088E-01  0.3965577E-01  0.6771579E-02
   04  0.3576165E+01  0.6046428E+01  0.6345422E-01  0.6347484E-01  0.1120233E-01
   04  0.3583307E+01  0.6052242E+01  0.9461484E-01  0.9464337E-01  0.1701664E-01
   04  0.3590448E+01  0.6059624E+01  0.1343306E+00  0.1343690E+00  0.2439811E-01
   04  0.3596800E+01  0.6067619E+01  0.1775950E+00  0.1776434E+00  0.3239351E-01
   04  0.3603151E+01  0.6077116E+01  0.2292683E+00  0.2293281E+00  0.4189046E-01
   04  0.3609503E+01  0.6088350E+01  0.2905856E+00  0.2906584E+00  0.5312455E-01
   04  0.3615854E+01  0.6101652E+01  0.3632729E+00  0.3633613E+00  0.6642686E-01
   04  0.3622206E+01  0.6117421E+01  0.4494825E+00  0.4495896E+00  0.8219554E-01
   04  0.3628557E+01  0.6136084E+01  0.5516551E+00  0.5517850E+00  0.1008584E+00
   04  0.3634909E+01  0.6158080E+01  0.6724623E+00  0.6726196E+00  0.1228544E+00
   04  0.3641261E+01  0.6183877E+01  0.8148919E+00  0.8150813E+00  0.1486511E+00
   04  0.3647612E+01  0.6214019E+01  0.9824852E+00  0.9827115E+00  0.1787940E+00
   04  0.3653964E+01  0.6249191E+01  0.1179670E+01  0.1179937E+01  0.2139657E+00
   04  0.3660315E+01  0.6290259E+01  0.1412086E+01  0.1412399E+01  0.2550335E+00
   04  0.3666667E+01  0.6338286E+01  0.1686789E+01  0.1687150E+01  0.3030602E+00
   04  0.3673807E+01  0.6402091E+01  0.2057003E+01  0.2057419E+01  0.3668659E+00
   04  0.3680947E+01  0.6477929E+01  0.2504126E+01  0.2504596E+01  0.4427038E+00
   04  0.3688088E+01  0.6567103E+01  0.3039702E+01  0.3040218E+01  0.5318773E+00
   04  0.3695228E+01  0.6669818E+01  0.3669466E+01  0.3670014E+01  0.6345929E+00
   04  0.3702368E+01  0.6784374E+01  0.4387247E+01  0.4387809E+01  0.7491487E+00
   04  0.3709508E+01  0.6906593E+01  0.5169517E+01  0.5170086E+01  0.8713678E+00
   04  0.3716649E+01  0.7030044E+01  0.5974795E+01  0.5975391E+01  0.9948182E+00
   04  0.3723789E+01  0.7147312E+01  0.6751044E+01  0.6751721E+01  0.1112087E+01
   04  0.3730929E+01  0.7251899E+01  0.7449224E+01  0.7450057E+01  0.1216673E+01
   04  0.3738070E+01  0.7339759E+01  0.8036027E+01  0.8037074E+01  0.1304533E+01
   04  0.3745210E+01  0.7409774E+01  0.8499231E+01  0.8500501E+01  0.1374548E+01
   04  0.3752350E+01  0.7463185E+01  0.8844812E+01  0.8846256E+01  0.1427960E+01
   04  0.3759491E+01  0.7502466E+01  0.9088938E+01  0.9090463E+01  0.1467241E+01
   04  0.3766631E+01  0.7530362E+01  0.9250497E+01  0.9251958E+01  0.1495137E+01
   04  0.3773771E+01  0.7549662E+01  0.9349619E+01  0.9350773E+01  0.1514437E+01
   04  0.3780912E+01  0.7562206E+01  0.9401724E+01  0.9402777E+01  0.1526980E+01
   04  0.3788052E+01  0.7569882E+01  0.9415361E+01  0.9415980E+01  0.1534656E+01
   04  0.3795192E+01  0.7573816E+01  0.9403699E+01  0.9402949E+01  0.1538591E+01
   04  0.3802333E+01  0.7576208E+01  0.9381923E+01  0.9380475E+01  0.1540983E+01
   04  0.3809474E+01  0.7577646E+01  0.9351780E+01  0.9349407E+01  0.1542420E+01
   04  0.3816614E+01  0.7578418E+01  0.9316461E+01  0.9313181E+01  0.1543192E+01
   04  0.3823755E+01  0.7578869E+01  0.9279108E+01  0.9274905E+01  0.1543644E+01
   04  0.3830896E+01  0.7579298E+01  0.9241232E+01  0.9236166E+01  0.1544072E+01
   04  0.3838037E+01  0.7579752E+01  0.9203472E+01  0.9197644E+01  0.1544527E+01
   04  0.3842797E+01  0.7580043E+01  0.9178017E+01  0.9171739E+01  0.1544817E+01
   04  0.3847558E+01  0.7580257E+01  0.9151850E+01  0.9145167E+01  0.1545031E+01
   04  0.3852318E+01  0.7580318E+01  0.9124385E+01  0.9117337E+01  0.1545092E+01
   04  0.3857079E+01  0.7580134E+01  0.9094929E+01  0.9087547E+01  0.1544909E+01
   04  0.3861839E+01  0.7579600E+01  0.9062701E+01  0.9055007E+01  0.1544374E+01
   04  0.3866600E+01  0.7578597E+01  0.9026852E+01  0.9018862E+01  0.1543372E+01
   04  0.3871360E+01  0.7577004E+01  0.8986512E+01  0.8978243E+01  0.1541779E+01
   04  0.3876121E+01  0.7574697E+01  0.8940841E+01  0.8932320E+01  0.1539471E+01
   04  0.3880882E+01  0.7571558E+01  0.8889087E+01  0.8880362E+01  0.1536333E+01
   04  0.3886237E+01  0.7566910E+01  0.8822809E+01  0.8813944E+01  0.1531685E+01
   04  0.3891593E+01  0.7560982E+01  0.8747490E+01  0.8738615E+01  0.1525757E+01
   04  0.3896948E+01  0.7553715E+01  0.8662871E+01  0.8654140E+01  0.1518490E+01
   04  0.3902304E+01  0.7545100E+01  0.8569032E+01  0.8560601E+01  0.1509875E+01
   04  0.3907659E+01  0.7535175E+01  0.8466358E+01  0.8458362E+01  0.1499950E+01
   04  0.3913015E+01  0.7524015E+01  0.8355475E+01  0.8348006E+01  0.1488789E+01
   04  0.3918371E+01  0.7511719E+01  0.8237170E+01  0.8230260E+01  0.1476494E+01
   04  0.3923726E+01  0.7498403E+01  0.8112299E+01  0.8105921E+01  0.1463177E+01
   04  0.3930082E+01  0.7481432E+01  0.7956659E+01  0.7950808E+01  0.1446206E+01
   04  0.3936438E+01  0.7463354E+01  0.7794235E+01  0.7788744E+01  0.1428129E+01
   04  0.3942795E+01  0.7444316E+01  0.7626096E+01  0.7620779E+01  0.1409091E+01
   04  0.3949151E+01  0.7424430E+01  0.7453057E+01  0.7447746E+01  0.1389204E+01
   04  0.3955507E+01  0.7403772E+01  0.7275684E+01  0.7270256E+01  0.1368547E+01
   04  0.3961863E+01  0.7382392E+01  0.7094323E+01  0.7088716E+01  0.1347166E+01
   04  0.3968219E+01  0.7360312E+01  0.6909148E+01  0.6903353E+01  0.1325087E+01
   04  0.3974575E+01  0.7337538E+01  0.6720204E+01  0.6714252E+01  0.1302312E+01
   04  0.3980932E+01  0.7314058E+01  0.6527459E+01  0.6521403E+01  0.1278833E+01
   04  0.3987288E+01  0.7289859E+01  0.6330850E+01  0.6324744E+01  0.1254633E+01
   04  0.3993644E+01  0.7264922E+01  0.6130335E+01  0.6124217E+01  0.1229696E+01
   04  0.4000000E+01  0.7239239E+01  0.5925933E+01  0.5919819E+01  0.1204013E+01
   04  0.4007142E+01  0.7209498E+01  0.5691645E+01  0.5685523E+01  0.1174272E+01
   04  0.4014284E+01  0.7178850E+01  0.5452925E+01  0.5446749E+01  0.1143624E+01
   04  0.4021426E+01  0.7147349E+01  0.5210259E+01  0.5203958E+01  0.1112123E+01
   04  0.4028568E+01  0.7115067E+01  0.4964246E+01  0.4957738E+01  0.1079841E+01
   04  0.4035710E+01  0.7082078E+01  0.4715531E+01  0.4708730E+01  0.1046852E+01
   04  0.4042852E+01  0.7048450E+01  0.4464731E+01  0.4457554E+01  0.1013224E+01
   04  0.4049994E+01  0.7014232E+01  0.4212380E+01  0.4204753E+01  0.9790062E+00
   04  0.4057136E+01  0.6979453E+01  0.3958906E+01  0.3950765E+01  0.9442272E+00
   04  0.4064278E+01  0.6944125E+01  0.3704640E+01  0.3695932E+01  0.9089000E+00
   04  0.4071420E+01  0.6908256E+01  0.3449854E+01  0.3440533E+01  0.8730306E+00
   04  0.4078562E+01  0.6871855E+01  0.3194801E+01  0.3184831E+01  0.8366291E+00
   04  0.4085704E+01  0.6834944E+01  0.2939754E+01  0.2929104E+01  0.7997183E+00
   04  0.4092846E+01  0.6797563E+01  0.2685024E+01  0.2673670E+01  0.7623375E+00
   04  0.4099988E+01  0.6759767E+01  0.2430958E+01  0.2418881E+01  0.7245412E+00
   04  0.4107130E+01  0.6721618E+01  0.2177914E+01  0.2165103E+01  0.6863921E+00
   04  0.4114272E+01  0.6683178E+01  0.1926235E+01  0.1912684E+01  0.6479527E+00
   04  0.4121414E+01  0.6644502E+01  0.1676213E+01  0.1661921E+01  0.6092765E+00
   04  0.4128556E+01  0.6605627E+01  0.1428069E+01  0.1413033E+01  0.5704012E+00
   04  0.4135697E+01  0.6566574E+01  0.1181949E+01  0.1166166E+01  0.5313481E+00
   04  0.4142839E+01  0.6527336E+01  0.9378555E+00  0.9213163E+00  0.4921104E+00
   04  0.4149980E+01  0.6487892E+01  0.6957154E+00  0.6784013E+00  0.4526668E+00
   04  0.4157121E+01  0.6448216E+01  0.4554103E+00  0.4373054E+00  0.4129902E+00
   04  0.4164263E+01  0.6408305E+01  0.2168340E+00  0.1979218E+00  0.3730798E+00
   04  0.4171404E+01  0.6368229E+01 -0.1985298E-01 -0.3956884E-01  0.3330031E+00
   04  0.4178546E+01  0.6328136E+01 -0.2534250E+00 -0.2740164E+00  0.2929101E+00
   04  0.4185687E+01  0.6288165E+01 -0.4829587E+00 -0.5044195E+00  0.2529397E+00
   04  0.4192828E+01  0.6248413E+01 -0.7082954E+00 -0.7306072E+00  0.2131873E+00
   04  0.4199970E+01  0.6208924E+01 -0.9291422E+00 -0.9522913E+00  0.1736990E+00
   04  0.4207111E+01  0.6169754E+01 -0.1145307E+01 -0.1169279E+01  0.1345285E+00
   04  0.4214252E+01  0.6130951E+01 -0.1356647E+01 -0.1381436E+01  0.9572561E-01
   04  0.4221394E+01  0.6092545E+01 -0.1563046E+01 -0.1588628E+01  0.5731982E-01
   04  0.4228535E+01  0.6054555E+01 -0.1764484E+01 -0.1790838E+01  0.1932939E-01
   04  0.4235677E+01  0.6016983E+01 -0.1960987E+01 -0.1988095E+01 -0.1824228E-01
   04  0.4242818E+01  0.5979825E+01 -0.2152639E+01 -0.2180482E+01 -0.5540032E-01
   04  0.4249959E+01  0.5943070E+01 -0.2339571E+01 -0.2368131E+01 -0.9215521E-01
   04  0.4257101E+01  0.5906704E+01 -0.2521937E+01 -0.2551193E+01 -0.1285219E+00
   04  0.4263453E+01  0.5874666E+01 -0.2680293E+01 -0.2710153E+01 -0.1605595E+00
   04  0.4269806E+01  0.5842912E+01 -0.2835277E+01 -0.2865721E+01 -0.1923133E+00
   04  0.4276159E+01  0.5811434E+01 -0.2986992E+01 -0.3018002E+01 -0.2237913E+00
   04  0.4282512E+01  0.5780227E+01 -0.3135538E+01 -0.3167092E+01 -0.2549985E+00
   04  0.4288864E+01  0.5749289E+01 -0.3281009E+01 -0.3313083E+01 -0.2859370E+00
   04  0.4295217E+01  0.5718618E+01 -0.3423492E+01 -0.3456058E+01 -0.3166070E+00
   04  0.4301570E+01  0.5688217E+01 -0.3563068E+01 -0.3596097E+01 -0.3470083E+00
   04  0.4307922E+01  0.5658085E+01 -0.3699816E+01 -0.3733276E+01 -0.3771409E+00
   04  0.4314275E+01  0.5628218E+01 -0.3833812E+01 -0.3867669E+01 -0.4070070E+00
   04  0.4320628E+01  0.5598614E+01 -0.3965128E+01 -0.3999349E+01 -0.4366110E+00
   04  0.4326981E+01  0.5569266E+01 -0.4093834E+01 -0.4128386E+01 -0.4659599E+00
   04  0.4333333E+01  0.5540163E+01 -0.4219991E+01 -0.4254845E+01 -0.4950627E+00
   04  0.4340474E+01  0.5507735E+01 -0.4358963E+01 -0.4394130E+01 -0.5274909E+00
   04  0.4347614E+01  0.5475595E+01 -0.4494812E+01 -0.4530277E+01 -0.5596300E+00
   04  0.4354755E+01  0.5443741E+01 -0.4627548E+01 -0.4663306E+01 -0.5914848E+00
   04  0.4361895E+01  0.5412176E+01 -0.4757134E+01 -0.4793196E+01 -0.6230493E+00
   04  0.4369036E+01  0.5380923E+01 -0.4883484E+01 -0.4919874E+01 -0.6543028E+00
   04  0.4376176E+01  0.5350018E+01 -0.5006462E+01 -0.5043212E+01 -0.6852071E+00
   04  0.4383317E+01  0.5319521E+01 -0.5125880E+01 -0.5163025E+01 -0.7157045E+00
   04  0.4390457E+01  0.5289507E+01 -0.5241505E+01 -0.5279079E+01 -0.7457187E+00
   04  0.4397598E+01  0.5260068E+01 -0.5353071E+01 -0.5391100E+01 -0.7751576E+00
   04  0.4404738E+01  0.5231307E+01 -0.5460297E+01 -0.5498794E+01 -0.8039186E+00
   04  0.4411879E+01  0.5203331E+01 -0.5562901E+01 -0.5601860E+01 -0.8318942E+00
   04  0.4419019E+01  0.5176250E+01 -0.5660614E+01 -0.5700001E+01 -0.8589760E+00
   04  0.4426160E+01  0.5150172E+01 -0.5753170E+01 -0.5792916E+01 -0.8850534E+00
   04  0.4433300E+01  0.5125216E+01 -0.5840281E+01 -0.5880280E+01 -0.9100091E+00
   04  0.4440441E+01  0.5101525E+01 -0.5921585E+01 -0.5961678E+01 -0.9337005E+00
   04  0.4447581E+01  0.5079271E+01 -0.5996635E+01 -0.6036572E+01 -0.9559547E+00
   04  0.4454722E+01  0.5058668E+01 -0.6064799E+01 -0.6104233E+01 -0.9765576E+00
   04  0.4461862E+01  0.5039997E+01 -0.6125235E+01 -0.6163718E+01 -0.9952289E+00
   04  0.4469003E+01  0.5023603E+01 -0.6176613E+01 -0.6214235E+01 -0.1011623E+01
   04  0.4476144E+01  0.5009688E+01 -0.6217109E+01 -0.6254716E+01 -0.1025538E+01
   04  0.4483285E+01  0.4998566E+01 -0.6248080E+01 -0.6284375E+01 -0.1036659E+01
   04  0.4490426E+01  0.4990626E+01 -0.6268615E+01 -0.6302648E+01 -0.1044600E+01
   04  0.4497567E+01  0.4985525E+01 -0.6276521E+01 -0.6308368E+01 -0.1049700E+01
   04  0.4504708E+01  0.4982059E+01 -0.6277566E+01 -0.6307372E+01 -0.1053166E+01
   04  0.4511849E+01  0.4979971E+01 -0.6278225E+01 -0.6307663E+01 -0.1055254E+01
   04  0.4518990E+01  0.4978983E+01 -0.6277972E+01 -0.6306394E+01 -0.1056243E+01
   04  0.4526131E+01  0.4979299E+01 -0.6271597E+01 -0.6297836E+01 -0.1055927E+01
   04  0.4533272E+01  0.4981916E+01 -0.6254978E+01 -0.6279268E+01 -0.1053310E+01
   04  0.4540413E+01  0.4987330E+01 -0.6228536E+01 -0.6250695E+01 -0.1047895E+01
   04  0.4547554E+01  0.4995212E+01 -0.6194986E+01 -0.6214854E+01 -0.1040013E+01
   04  0.4554695E+01  0.5005495E+01 -0.6153494E+01 -0.6170779E+01 -0.1029730E+01
   04  0.4561836E+01  0.5018244E+01 -0.6102465E+01 -0.6117148E+01 -0.1016982E+01
   04  0.4568977E+01  0.5033968E+01 -0.6040287E+01 -0.6052148E+01 -0.1001257E+01
   04  0.4576118E+01  0.5053687E+01 -0.5963500E+01 -0.5972222E+01 -0.9815386E+00
   04  0.4583259E+01  0.5079076E+01 -0.5865059E+01 -0.5870317E+01 -0.9561491E+00
   04  0.4590400E+01  0.5112851E+01 -0.5733144E+01 -0.5734427E+01 -0.9223741E+00
   04  0.4596755E+01  0.5153138E+01 -0.5574319E+01 -0.5571444E+01 -0.8820877E+00
   04  0.4603111E+01  0.5206787E+01 -0.5359516E+01 -0.5351710E+01 -0.8284382E+00
   04  0.4609466E+01  0.5277035E+01 -0.5071553E+01 -0.5057991E+01 -0.7581901E+00
   04  0.4615822E+01  0.5365532E+01 -0.4697255E+01 -0.4677154E+01 -0.6696939E+00
   04  0.4622178E+01  0.5470885E+01 -0.4235217E+01 -0.4208055E+01 -0.5643403E+00
   04  0.4628533E+01  0.5587765E+01 -0.3702909E+01 -0.3668627E+01 -0.4474608E+00
   04  0.4634889E+01  0.5707426E+01 -0.3138216E+01 -0.3097333E+01 -0.3277995E+00
   04  0.4641244E+01  0.5819913E+01 -0.2591369E+01 -0.2545023E+01 -0.2153127E+00
   04  0.4647600E+01  0.5917243E+01 -0.2108939E+01 -0.2058711E+01 -0.1179827E+00
   04  0.4653955E+01  0.5994107E+01 -0.1724879E+01 -0.1672055E+01 -0.4111835E-01
   04  0.4660311E+01  0.6049109E+01 -0.1449757E+01 -0.1394357E+01  0.1388368E-01
   04  0.4666667E+01  0.6079287E+01 -0.1310773E+01 -0.1256027E+01  0.4406180E-01
   04  0.4673808E+01  0.6092068E+01 -0.1281479E+01 -0.1228506E+01  0.5684285E-01
   04  0.4680950E+01  0.6093964E+01 -0.1284183E+01 -0.1233493E+01  0.5873895E-01
   04  0.4688091E+01  0.6094111E+01 -0.1284685E+01 -0.1234695E+01  0.5888530E-01
   04  0.4695232E+01  0.6095654E+01 -0.1297766E+01 -0.1249155E+01  0.6042844E-01
   04  0.4702374E+01  0.6095206E+01 -0.1304591E+01 -0.1258219E+01  0.5998020E-01
   04  0.4709515E+01  0.6094085E+01 -0.1314289E+01 -0.1270154E+01  0.5885933E-01
   04  0.4716657E+01  0.6092957E+01 -0.1330171E+01 -0.1288105E+01  0.5773138E-01
   04  0.4723798E+01  0.6091389E+01 -0.1346290E+01 -0.1306688E+01  0.5616344E-01
   04  0.4730940E+01  0.6090049E+01 -0.1365015E+01 -0.1327941E+01  0.5482396E-01
   04  0.4738081E+01  0.6088811E+01 -0.1384937E+01 -0.1350434E+01  0.5358580E-01
   04  0.4745223E+01  0.6087532E+01 -0.1403858E+01 -0.1371890E+01  0.5230660E-01
   04  0.4752364E+01  0.6086488E+01 -0.1423447E+01 -0.1393844E+01  0.5126258E-01
   04  0.4759505E+01  0.6085508E+01 -0.1443284E+01 -0.1415878E+01  0.5028251E-01
   04  0.4766647E+01  0.6084473E+01 -0.1463120E+01 -0.1437715E+01  0.4924784E-01
   04  0.4773788E+01  0.6083463E+01 -0.1484313E+01 -0.1460727E+01  0.4823732E-01
   04  0.4780930E+01  0.6082276E+01 -0.1506597E+01 -0.1484730E+01  0.4705014E-01
   04  0.4788071E+01  0.6080713E+01 -0.1529264E+01 -0.1509079E+01  0.4548756E-01
   04  0.4795213E+01  0.6078801E+01 -0.1552824E+01 -0.1534279E+01  0.4357536E-01
   04  0.4802354E+01  0.6076532E+01 -0.1577437E+01 -0.1560474E+01  0.4130683E-01
   04  0.4809495E+01  0.6073872E+01 -0.1602714E+01 -0.1587237E+01  0.3864605E-01
   04  0.4816636E+01  0.6070895E+01 -0.1628710E+01 -0.1614572E+01  0.3566936E-01
   04  0.4823776E+01  0.6067686E+01 -0.1655486E+01 -0.1642516E+01  0.3246088E-01
   04  0.4830917E+01  0.6064272E+01 -0.1682685E+01 -0.1670741E+01  0.2904681E-01
   04  0.4838058E+01  0.6060713E+01 -0.1710174E+01 -0.1699170E+01  0.2548716E-01
   04  0.4845199E+01  0.6057100E+01 -0.1738181E+01 -0.1728127E+01  0.2187432E-01
   04  0.4852340E+01  0.6053468E+01 -0.1766776E+01 -0.1757790E+01  0.1824209E-01
   04  0.4859481E+01  0.6049789E+01 -0.1795776E+01 -0.1788056E+01  0.1456309E-01
   04  0.4866622E+01  0.6046044E+01 -0.1825133E+01 -0.1818904E+01  0.1081841E-01
   04  0.4873763E+01  0.6042222E+01 -0.1854912E+01 -0.1850374E+01  0.6996833E-02
   04  0.4880904E+01  0.6038290E+01 -0.1885000E+01 -0.1882294E+01  0.3064641E-02
   04  0.4888045E+01  0.6034226E+01 -0.1915200E+01 -0.1914395E+01 -0.9990538E-03
   04  0.4895186E+01  0.6030075E+01 -0.1945492E+01 -0.1946592E+01 -0.5150873E-02
   04  0.4902327E+01  0.6025923E+01 -0.1975919E+01 -0.1978866E+01 -0.9302709E-02
   04  0.4909468E+01  0.6021852E+01 -0.2006244E+01 -0.2010922E+01 -0.1337349E-01
   04  0.4916609E+01  0.6017941E+01 -0.2035944E+01 -0.2042181E+01 -0.1728488E-01
   04  0.4923750E+01  0.6014307E+01 -0.2064500E+01 -0.2072100E+01 -0.2091816E-01
   04  0.4930104E+01  0.6011433E+01 -0.2088623E+01 -0.2097283E+01 -0.2379207E-01
   04  0.4936458E+01  0.6009013E+01 -0.2111222E+01 -0.2120853E+01 -0.2621234E-01
   04  0.4942812E+01  0.6007129E+01 -0.2131966E+01 -0.2142548E+01 -0.2809698E-01
   04  0.4949167E+01  0.6005843E+01 -0.2150683E+01 -0.2162277E+01 -0.2938251E-01
   04  0.4955521E+01  0.6005203E+01 -0.2167522E+01 -0.2180272E+01 -0.3002212E-01
   04  0.4961875E+01  0.6005217E+01 -0.2182887E+01 -0.2197019E+01 -0.3000869E-01
   04  0.4968229E+01  0.6005823E+01 -0.2197242E+01 -0.2213051E+01 -0.2940218E-01
   04  0.4974583E+01  0.6006899E+01 -0.2211008E+01 -0.2228827E+01 -0.2832641E-01
   04  0.4980937E+01  0.6008297E+01 -0.2224640E+01 -0.2244769E+01 -0.2692850E-01
   04  0.4984115E+01  0.6009079E+01 -0.2231574E+01 -0.2252971E+01 -0.2614665E-01
   04  0.4987292E+01  0.6009897E+01 -0.2238726E+01 -0.2261398E+01 -0.2532877E-01
   04  0.4990469E+01  0.6010744E+01 -0.2246182E+01 -0.2270101E+01 -0.2448181E-01
   04  0.4993646E+01  0.6011616E+01 -0.2254012E+01 -0.2279107E+01 -0.2360944E-01
   04  0.4996823E+01  0.6012513E+01 -0.2262261E+01 -0.2288415E+01 -0.2271237E-01
   04  0.5000000E+01  0.6013436E+01 -0.2270951E+01 -0.2298000E+01 -0.2178942E-01
   04  0.5005356E+01  0.6015066E+01 -0.2286521E+01 -0.2314678E+01 -0.2015944E-01
   04  0.5010711E+01  0.6016804E+01 -0.2303194E+01 -0.2331879E+01 -0.1842161E-01
   04  0.5016067E+01  0.6018697E+01 -0.2320768E+01 -0.2349427E+01 -0.1652896E-01
   04  0.5021422E+01  0.6020785E+01 -0.2339107E+01 -0.2367338E+01 -0.1444006E-01
   04  0.5026778E+01  0.6023148E+01 -0.2357954E+01 -0.2385487E+01 -0.1207760E-01
   04  0.5032133E+01  0.6025808E+01 -0.2377225E+01 -0.2403816E+01 -0.9417790E-02
   04  0.5037489E+01  0.6028815E+01 -0.2396603E+01 -0.2421827E+01 -0.6410125E-02
   04  0.5042844E+01  0.6032106E+01 -0.2415967E+01 -0.2439500E+01 -0.3119113E-02
   04  0.5049985E+01  0.6036831E+01 -0.2441167E+01 -0.2462488E+01  0.1605576E-02
   04  0.5057125E+01  0.6041875E+01 -0.2464793E+01 -0.2485229E+01  0.6649932E-02
   04  0.5064266E+01  0.6047330E+01 -0.2487077E+01 -0.2506255E+01  0.1210434E-01
   04  0.5071407E+01  0.6053634E+01 -0.2506460E+01 -0.2522327E+01  0.1840871E-01
   04  0.5078547E+01  0.6061067E+01 -0.2520259E+01 -0.2532473E+01  0.2584148E-01
   04  0.5085688E+01  0.6069469E+01 -0.2529460E+01 -0.2538640E+01  0.3424314E-01
   04  0.5092829E+01  0.6078536E+01 -0.2535340E+01 -0.2542005E+01  0.4331021E-01
   04  0.5099969E+01  0.6088053E+01 -0.2538512E+01 -0.2543078E+01  0.5282762E-01
   04  0.5107110E+01  0.6098090E+01 -0.2540381E+01 -0.2543049E+01  0.6286487E-01
   04  0.5109490E+01  0.6101579E+01 -0.2541088E+01 -0.2543130E+01  0.6635311E-01
   04  0.5111871E+01  0.6105153E+01 -0.2541870E+01 -0.2543271E+01  0.6992765E-01
   04  0.5114251E+01  0.6108822E+01 -0.2542766E+01 -0.2543508E+01  0.7359661E-01
   04  0.5116631E+01  0.6112590E+01 -0.2543789E+01 -0.2543850E+01  0.7736428E-01
   04  0.5119011E+01  0.6116456E+01 -0.2544928E+01 -0.2544283E+01  0.8123063E-01
   04  0.5121392E+01  0.6120417E+01 -0.2546143E+01 -0.2544769E+01  0.8519115E-01
   04  0.5123772E+01  0.6124462E+01 -0.2547371E+01 -0.2545243E+01  0.8923700E-01
   04  0.5126152E+01  0.6128581E+01 -0.2548526E+01 -0.2545623E+01  0.9335552E-01
   04  0.5128532E+01  0.6132757E+01 -0.2549506E+01 -0.2545810E+01  0.9753104E-01
   04  0.5135673E+01  0.6145397E+01 -0.2550018E+01 -0.2543916E+01  0.1101713E+00
   04  0.5142814E+01  0.6158004E+01 -0.2545737E+01 -0.2537273E+01  0.1227780E+00
   04  0.5149955E+01  0.6170308E+01 -0.2535378E+01 -0.2524789E+01  0.1350827E+00
   04  0.5157096E+01  0.6182324E+01 -0.2519830E+01 -0.2507544E+01  0.1470983E+00
   04  0.5164237E+01  0.6194323E+01 -0.2502062E+01 -0.2488658E+01  0.1590971E+00
   04  0.5171378E+01  0.6206648E+01 -0.2485935E+01 -0.2472041E+01  0.1714227E+00
   04  0.5174948E+01  0.6213018E+01 -0.2479697E+01 -0.2465791E+01  0.1777924E+00
   04  0.5178519E+01  0.6219538E+01 -0.2475036E+01 -0.2461256E+01  0.1843125E+00
   04  0.5182089E+01  0.6226186E+01 -0.2472044E+01 -0.2458509E+01  0.1909607E+00
   04  0.5185660E+01  0.6232922E+01 -0.2470677E+01 -0.2457480E+01  0.1976964E+00
   04  0.5189230E+01  0.6239692E+01 -0.2470781E+01 -0.2457992E+01  0.2044666E+00
   04  0.5192800E+01  0.6246439E+01 -0.2472140E+01 -0.2459797E+01  0.2112131E+00
   04  0.5196371E+01  0.6253105E+01 -0.2474512E+01 -0.2462626E+01  0.2178798E+00
   04  0.5199941E+01  0.6259643E+01 -0.2477665E+01 -0.2466216E+01  0.2244172E+00
   04  0.5203512E+01  0.6266012E+01 -0.2481395E+01 -0.2470341E+01  0.2307864E+00
   04  0.5207082E+01  0.6272184E+01 -0.2485540E+01 -0.2474820E+01  0.2369587E+00
   04  0.5210653E+01  0.6278140E+01 -0.2489976E+01 -0.2479514E+01  0.2429149E+00
   04  0.5214223E+01  0.6283866E+01 -0.2494612E+01 -0.2484328E+01  0.2486407E+00
   04  0.5219579E+01  0.6291990E+01 -0.2501720E+01 -0.2491551E+01  0.2567646E+00
   04  0.5224935E+01  0.6299519E+01 -0.2508991E+01 -0.2498769E+01  0.2642935E+00
   04  0.5230290E+01  0.6306403E+01 -0.2516316E+01 -0.2505860E+01  0.2711773E+00
   04  0.5235646E+01  0.6312652E+01 -0.2523397E+01 -0.2512570E+01  0.2774263E+00
   04  0.5241002E+01  0.6318206E+01 -0.2530439E+01 -0.2519203E+01  0.2829808E+00
   04  0.5246357E+01  0.6323101E+01 -0.2537761E+01 -0.2526291E+01  0.2878755E+00
   04  0.5247696E+01  0.6324203E+01 -0.2539780E+01 -0.2528287E+01  0.2889778E+00
   04  0.5249035E+01  0.6325265E+01 -0.2541934E+01 -0.2530423E+01  0.2900392E+00
   04  0.5250374E+01  0.6326293E+01 -0.2544228E+01 -0.2532704E+01  0.2910680E+00
   04  0.5251713E+01  0.6327298E+01 -0.2546667E+01 -0.2535137E+01  0.2920723E+00
   04  0.5253052E+01  0.6328285E+01 -0.2549259E+01 -0.2537730E+01  0.2930592E+00
   04  0.5254391E+01  0.6329259E+01 -0.2552016E+01 -0.2540514E+01  0.2940335E+00
   04  0.5255730E+01  0.6330226E+01 -0.2554955E+01 -0.2543505E+01  0.2950008E+00
   04  0.5257069E+01  0.6331189E+01 -0.2558095E+01 -0.2546737E+01  0.2959637E+00
   04  0.5263424E+01  0.6335936E+01 -0.2576309E+01 -0.2565320E+01  0.3007109E+00
   04  0.5269779E+01  0.6341002E+01 -0.2600578E+01 -0.2589840E+01  0.3057769E+00
   04  0.5276135E+01  0.6346828E+01 -0.2630196E+01 -0.2619648E+01  0.3116025E+00
   04  0.5282490E+01  0.6352912E+01 -0.2664962E+01 -0.2655194E+01  0.3176861E+00
   04  0.5288846E+01  0.6358660E+01 -0.2703353E+01 -0.2694283E+01  0.3234342E+00
   04  0.5295201E+01  0.6363600E+01 -0.2742000E+01 -0.2733433E+01  0.3283748E+00
   04  0.5301556E+01  0.6367371E+01 -0.2777569E+01 -0.2769170E+01  0.3321452E+00
   04  0.5307912E+01  0.6369825E+01 -0.2807881E+01 -0.2799128E+01  0.3345990E+00
   04  0.5314267E+01  0.6371046E+01 -0.2832085E+01 -0.2822486E+01  0.3358202E+00
   04  0.5320623E+01  0.6371389E+01 -0.2850802E+01 -0.2839800E+01  0.3361632E+00
   04  0.5326978E+01  0.6371414E+01 -0.2866172E+01 -0.2853092E+01  0.3361881E+00
   04  0.5333333E+01  0.6371831E+01 -0.2881782E+01 -0.2866291E+01  0.3366057E+00
   04  0.5340474E+01  0.6373785E+01 -0.2904975E+01 -0.2885840E+01  0.3385595E+00
   04  0.5347615E+01  0.6378050E+01 -0.2938421E+01 -0.2914470E+01  0.3428246E+00
   04  0.5354756E+01  0.6384496E+01 -0.2982526E+01 -0.2954138E+01  0.3492705E+00
   04  0.5361897E+01  0.6392417E+01 -0.3032669E+01 -0.3000471E+01  0.3571917E+00
   04  0.5369038E+01  0.6400475E+01 -0.3081446E+01 -0.3045549E+01  0.3652498E+00
   04  0.5376179E+01  0.6406974E+01 -0.3119646E+01 -0.3080129E+01  0.3717481E+00
   04  0.5383320E+01  0.6410918E+01 -0.3141308E+01 -0.3096971E+01  0.3756925E+00
   04  0.5390460E+01  0.6412331E+01 -0.3143714E+01 -0.3094903E+01  0.3771057E+00
   04  0.5397601E+01  0.6412495E+01 -0.3138847E+01 -0.3087287E+01  0.3772698E+00
   04  0.5404742E+01  0.6411250E+01 -0.3124954E+01 -0.3070609E+01  0.3760243E+00
   04  0.5411883E+01  0.6409175E+01 -0.3102594E+01 -0.3046015E+01  0.3739496E+00
   04  0.5419024E+01  0.6407327E+01 -0.3081411E+01 -0.3023224E+01  0.3721011E+00
   04  0.5426165E+01  0.6407001E+01 -0.3066157E+01 -0.3009137E+01  0.3717755E+00
   04  0.5433306E+01  0.6408840E+01 -0.3062184E+01 -0.3007029E+01  0.3736142E+00
   04  0.5440447E+01  0.6412409E+01 -0.3063615E+01 -0.3012207E+01  0.3771832E+00
   04  0.5447588E+01  0.6418095E+01 -0.3078376E+01 -0.3032486E+01  0.3828695E+00
   04  0.5454728E+01  0.6425330E+01 -0.3102441E+01 -0.3063274E+01  0.3901045E+00
   04  0.5461869E+01  0.6433240E+01 -0.3129745E+01 -0.3097806E+01  0.3980144E+00
   04  0.5469010E+01  0.6440629E+01 -0.3156383E+01 -0.3131984E+01  0.4054034E+00
   04  0.5476151E+01  0.6446907E+01 -0.3177755E+01 -0.3161193E+01  0.4116820E+00
   04  0.5483291E+01  0.6451554E+01 -0.3193378E+01 -0.3182566E+01  0.4163285E+00
   04  0.5490432E+01  0.6454423E+01 -0.3202584E+01 -0.3196085E+01  0.4191976E+00
   04  0.5497573E+01  0.6455598E+01 -0.3202898E+01 -0.3201711E+01  0.4203726E+00
   04  0.5504713E+01  0.6455749E+01 -0.3201028E+01 -0.3202366E+01  0.4205235E+00
   04  0.5511854E+01  0.6455046E+01 -0.3197229E+01 -0.3200853E+01  0.4198202E+00
   04  0.5518995E+01  0.6452748E+01 -0.3186396E+01 -0.3191953E+01  0.4175221E+00
   04  0.5526135E+01  0.6448518E+01 -0.3166654E+01 -0.3172944E+01  0.4132925E+00
   04  0.5531491E+01  0.6444262E+01 -0.3146643E+01 -0.3153235E+01  0.4090369E+00
   04  0.5536846E+01  0.6439377E+01 -0.3123170E+01 -0.3129433E+01  0.4041512E+00
   04  0.5542202E+01  0.6434020E+01 -0.3097426E+01 -0.3102665E+01  0.3987949E+00
   04  0.5547557E+01  0.6428319E+01 -0.3070451E+01 -0.3074424E+01  0.3930937E+00
   04  0.5552913E+01  0.6422439E+01 -0.3043089E+01 -0.3045675E+01  0.3872134E+00
   04  0.5558268E+01  0.6416545E+01 -0.3015734E+01 -0.3016832E+01  0.3813194E+00
   04  0.5563624E+01  0.6410685E+01 -0.2988581E+01 -0.2988370E+01  0.3754598E+00
   04  0.5568979E+01  0.6404865E+01 -0.2961567E+01 -0.2960502E+01  0.3696396E+00
   04  0.5574334E+01  0.6399058E+01 -0.2934392E+01 -0.2932959E+01  0.3638321E+00
   04  0.5579690E+01  0.6393191E+01 -0.2906629E+01 -0.2905265E+01  0.3579657E+00
   04  0.5585045E+01  0.6387164E+01 -0.2877741E+01 -0.2876845E+01  0.3519388E+00
   04  0.5590401E+01  0.6380860E+01 -0.2847191E+01 -0.2847087E+01  0.3456349E+00
   04  0.5596756E+01  0.6372860E+01 -0.2808195E+01 -0.2809236E+01  0.3376341E+00
   04  0.5603112E+01  0.6364180E+01 -0.2765689E+01 -0.2767858E+01  0.3289541E+00
   04  0.5609467E+01  0.6354747E+01 -0.2719486E+01 -0.2722426E+01  0.3195211E+00
   04  0.5615823E+01  0.6344569E+01 -0.2669575E+01 -0.2672766E+01  0.3093436E+00
   04  0.5622178E+01  0.6333725E+01 -0.2615992E+01 -0.2619031E+01  0.2984995E+00
   04  0.5628534E+01  0.6322304E+01 -0.2559087E+01 -0.2561488E+01  0.2870785E+00
   04  0.5634889E+01  0.6310402E+01 -0.2499270E+01 -0.2500446E+01  0.2751760E+00
   04  0.5641245E+01  0.6298111E+01 -0.2436856E+01 -0.2436198E+01  0.2628850E+00
   04  0.5647600E+01  0.6285517E+01 -0.2371945E+01 -0.2368988E+01  0.2502912E+00
   04  0.5653956E+01  0.6272688E+01 -0.2304452E+01 -0.2298980E+01  0.2374627E+00
   04  0.5660311E+01  0.6259671E+01 -0.2234173E+01 -0.2226260E+01  0.2244451E+00
   04  0.5666667E+01  0.6246488E+01 -0.2160863E+01 -0.2150855E+01  0.2112624E+00
   04  0.5673807E+01  0.6231488E+01 -0.2074696E+01 -0.2063019E+01  0.1962621E+00
   04  0.5680947E+01  0.6216287E+01 -0.1984269E+01 -0.1971869E+01  0.1810613E+00
   04  0.5688088E+01  0.6200873E+01 -0.1889573E+01 -0.1877535E+01  0.1656477E+00
   04  0.5695228E+01  0.6185227E+01 -0.1790768E+01 -0.1780217E+01  0.1500017E+00
   04  0.5702368E+01  0.6169319E+01 -0.1688147E+01 -0.1680155E+01  0.1340931E+00
   04  0.5709508E+01  0.6153102E+01 -0.1582083E+01 -0.1577564E+01  0.1178765E+00
   04  0.5716649E+01  0.6136515E+01 -0.1472969E+01 -0.1472592E+01  0.1012892E+00
   04  0.5723789E+01  0.6119479E+01 -0.1361171E+01 -0.1365290E+01  0.8425386E-01
   04  0.5730929E+01  0.6101912E+01 -0.1246999E+01 -0.1255622E+01  0.6668614E-01
   04  0.5738070E+01  0.6083733E+01 -0.1130702E+01 -0.1143500E+01  0.4850786E-01
   04  0.5745210E+01  0.6064887E+01 -0.1012486E+01 -0.1028837E+01  0.2966116E-01
   04  0.5752350E+01  0.6045347E+01 -0.8925321E+00 -0.9115977E+00  0.1012143E-01
   04  0.5759491E+01  0.6025132E+01 -0.7710345E+00 -0.7918507E+00 -0.1009397E-01
   04  0.5766631E+01  0.6004303E+01 -0.6482270E+00 -0.6697983E+00 -0.3092232E-01
   04  0.5773771E+01  0.5982968E+01 -0.5244125E+00 -0.5457997E+00 -0.5225717E-01
   04  0.5780911E+01  0.5961271E+01 -0.3999854E+00 -0.4203796E+00 -0.7395426E-01
   04  0.5788052E+01  0.5939388E+01 -0.2754597E+00 -0.2942388E+00 -0.9583763E-01
   04  0.5795192E+01  0.5917520E+01 -0.1514969E+00 -0.1682523E+00 -0.1177052E+00
   04  0.5799476E+01  0.5904483E+01 -0.7742904E-01 -0.9286152E-01 -0.1307422E+00
   04  0.5803761E+01  0.5891590E+01 -0.4073966E-02 -0.1817954E-01 -0.1436353E+00
   04  0.5808045E+01  0.5878900E+01  0.6827624E-01  0.5544843E-01 -0.1563250E+00
   04  0.5812329E+01  0.5866474E+01  0.1393189E+00  0.1276747E+00 -0.1687518E+00
   04  0.5816613E+01  0.5854369E+01  0.2087716E+00  0.1981598E+00 -0.1808564E+00
   04  0.5820183E+01  0.5844564E+01  0.2652536E+00  0.2553806E+00 -0.1906612E+00
   04  0.5823753E+01  0.5835049E+01  0.3202612E+00  0.3109805E+00 -0.2001761E+00
   04  0.5827324E+01  0.5825847E+01  0.3736449E+00  0.3647922E+00 -0.2093783E+00
   04  0.5832679E+01  0.5812671E+01  0.4503125E+00  0.4417706E+00 -0.2225546E+00
   04  0.5838034E+01  0.5800266E+01  0.5228240E+00  0.5141688E+00 -0.2349597E+00
   04  0.5842318E+01  0.5790903E+01  0.5778002E+00  0.5687359E+00 -0.2443229E+00
   04  0.5846603E+01  0.5782022E+01  0.6300103E+00  0.6202520E+00 -0.2532034E+00
   04  0.5850887E+01  0.5773595E+01  0.6795191E+00  0.6687879E+00 -0.2616302E+00
   04  0.5855171E+01  0.5765579E+01  0.7264630E+00  0.7144916E+00 -0.2696464E+00
   04  0.5859455E+01  0.5757917E+01  0.7710457E+00  0.7575840E+00 -0.2773083E+00
   04  0.5863025E+01  0.5751760E+01  0.8066030E+00  0.7917229E+00 -0.2834652E+00
   04  0.5866596E+01  0.5745758E+01  0.8408800E+00  0.8244389E+00 -0.2894672E+00
   04  0.5870166E+01  0.5739863E+01  0.8740782E+00  0.8559525E+00 -0.2953621E+00
   04  0.5873736E+01  0.5734026E+01  0.9064125E+00  0.8864993E+00 -0.3011992E+00
   04  0.5877306E+01  0.5728197E+01  0.9381041E+00  0.9163239E+00 -0.3070281E+00
   04  0.5880876E+01  0.5722329E+01  0.9693740E+00  0.9456728E+00 -0.3128968E+00
   04  0.5886231E+01  0.5713337E+01  0.1015876E+01  0.9892611E+00 -0.3218889E+00
   04  0.5891587E+01  0.5704028E+01  0.1062552E+01  0.1033068E+01 -0.3311971E+00
   04  0.5896942E+01  0.5694302E+01  0.1109960E+01  0.1077760E+01 -0.3409230E+00
   04  0.5902297E+01  0.5684092E+01  0.1158531E+01  0.1123882E+01 -0.3511340E+00
   04  0.5907653E+01  0.5673365E+01  0.1208556E+01  0.1171844E+01 -0.3618602E+00
   04  0.5913008E+01  0.5662130E+01  0.1260189E+01  0.1221914E+01 -0.3730956E+00
   04  0.5918363E+01  0.5650425E+01  0.1313456E+01  0.1274226E+01 -0.3848003E+00
   04  0.5923718E+01  0.5638319E+01  0.1368271E+01  0.1328795E+01 -0.3969062E+00
   04  0.5930075E+01  0.5623563E+01  0.1435036E+01  0.1396297E+01 -0.4116623E+00
   04  0.5936432E+01  0.5608551E+01  0.1503351E+01  0.1466557E+01 -0.4266744E+00
   04  0.5942789E+01  0.5593478E+01  0.1572777E+01  0.1539180E+01 -0.4417475E+00
   04  0.5949146E+01  0.5578541E+01  0.1642859E+01  0.1613702E+01 -0.4566841E+00
   04  0.5955502E+01  0.5563930E+01  0.1713170E+01  0.1689617E+01 -0.4712958E+00
   04  0.5961859E+01  0.5549813E+01  0.1783327E+01  0.1766407E+01 -0.4854121E+00
   04  0.5968216E+01  0.5536339E+01  0.1853008E+01  0.1843550E+01 -0.4988864E+00
   04  0.5974573E+01  0.5523625E+01  0.1921957E+01  0.1920540E+01 -0.5116001E+00
   04  0.5980930E+01  0.5511762E+01  0.1989981E+01  0.1996892E+01 -0.5234635E+00
   04  0.5987286E+01  0.5500809E+01  0.2056944E+01  0.2072156E+01 -0.5344161E+00
   04  0.5993643E+01  0.5490801E+01  0.2122767E+01  0.2145926E+01 -0.5444246E+00
   04  0.6000000E+01  0.5481745E+01  0.2187407E+01  0.2217847E+01 -0.5534807E+00
   04  0.6007140E+01  0.5472690E+01  0.2258554E+01  0.2296022E+01 -0.5625353E+00
   04  0.6014281E+01  0.5464772E+01  0.2328217E+01  0.2371185E+01 -0.5704538E+00
   04  0.6021421E+01  0.5457919E+01  0.2396414E+01  0.2443115E+01 -0.5773064E+00
   04  0.6028561E+01  0.5452045E+01  0.2463148E+01  0.2511685E+01 -0.5831803E+00
   04  0.6035701E+01  0.5447053E+01  0.2528386E+01  0.2576848E+01 -0.5881728E+00
   04  0.6042842E+01  0.5442841E+01  0.2592060E+01  0.2638618E+01 -0.5923846E+00
   04  0.6049982E+01  0.5439312E+01  0.2654058E+01  0.2697059E+01 -0.5959137E+00
   04  0.6057122E+01  0.5436375E+01  0.2714246E+01  0.2752277E+01 -0.5988507E+00
   04  0.6064263E+01  0.5433949E+01  0.2772472E+01  0.2804411E+01 -0.6012761E+00
   04  0.6071403E+01  0.5431965E+01  0.2828592E+01  0.2853632E+01 -0.6032607E+00
   04  0.6078543E+01  0.5430359E+01  0.2882469E+01  0.2900133E+01 -0.6048669E+00
   04  0.6085683E+01  0.5429075E+01  0.2933979E+01  0.2944113E+01 -0.6061504E+00
   04  0.6092824E+01  0.5428067E+01  0.2982986E+01  0.2985743E+01 -0.6071585E+00
   04  0.6099964E+01  0.5427299E+01  0.3029307E+01  0.3025123E+01 -0.6079262E+00
   04  0.6107104E+01  0.5426753E+01  0.3072713E+01  0.3062238E+01 -0.6084730E+00
   04  0.6114244E+01  0.5426428E+01  0.3112908E+01  0.3096931E+01 -0.6087976E+00
   04  0.6121385E+01  0.5426341E+01  0.3149539E+01  0.3128981E+01 -0.6088842E+00
   04  0.6128525E+01  0.5426507E+01  0.3182335E+01  0.3158190E+01 -0.6087188E+00
   04  0.6135665E+01  0.5426927E+01  0.3211202E+01  0.3184464E+01 -0.6082980E+00
   04  0.6142805E+01  0.5427592E+01  0.3236239E+01  0.3207907E+01 -0.6076333E+00
   04  0.6149946E+01  0.5428476E+01  0.3257775E+01  0.3228763E+01 -0.6067491E+00
   04  0.6157086E+01  0.5429554E+01  0.3276299E+01  0.3247335E+01 -0.6056715E+00
   04  0.6164226E+01  0.5430820E+01  0.3292259E+01  0.3263956E+01 -0.6044060E+00
   04  0.6171366E+01  0.5432277E+01  0.3306077E+01  0.3278883E+01 -0.6029486E+00
   04  0.6178506E+01  0.5433896E+01  0.3318180E+01  0.3292426E+01 -0.6013290E+00
   04  0.6185646E+01  0.5435644E+01  0.3328965E+01  0.3304959E+01 -0.5995814E+00
   04  0.6192787E+01  0.5437595E+01  0.3338160E+01  0.3316456E+01 -0.5976307E+00
   04  0.6199927E+01  0.5439771E+01  0.3345973E+01  0.3326273E+01 -0.5954547E+00
   04  0.6207067E+01  0.5442008E+01  0.3353153E+01  0.3334830E+01 -0.5932170E+00
   04  0.6214207E+01  0.5444301E+01  0.3359381E+01  0.3342797E+01 -0.5909241E+00
   04  0.6221347E+01  0.5446709E+01  0.3364142E+01  0.3349264E+01 -0.5885164E+00
   04  0.6228487E+01  0.5449188E+01  0.3367200E+01  0.3353427E+01 -0.5860378E+00
   04  0.6235627E+01  0.5451715E+01  0.3368466E+01  0.3355527E+01 -0.5835103E+00
   04  0.6242768E+01  0.5454264E+01  0.3367889E+01  0.3355505E+01 -0.5809615E+00
   04  0.6249908E+01  0.5456780E+01  0.3365266E+01  0.3353138E+01 -0.5784458E+00
   04  0.6257048E+01  0.5459263E+01  0.3360544E+01  0.3348474E+01 -0.5759624E+00
   04  0.6263405E+01  0.5461374E+01  0.3354093E+01  0.3342494E+01 -0.5738514E+00
   04  0.6269762E+01  0.5463548E+01  0.3346212E+01  0.3335295E+01 -0.5716772E+00
   04  0.6276119E+01  0.5465830E+01  0.3336828E+01  0.3326607E+01 -0.5693954E+00
   04  0.6282476E+01  0.5468138E+01  0.3325693E+01  0.3316402E+01 -0.5670877E+00
   04  0.6288834E+01  0.5470500E+01  0.3312869E+01  0.3304871E+01 -0.5647252E+00
   04  0.6295191E+01  0.5472956E+01  0.3298453E+01  0.3292216E+01 -0.5622691E+00
   04  0.6301548E+01  0.5475555E+01  0.3282593E+01  0.3278682E+01 -0.5596710E+00
   04  0.6307905E+01  0.5478341E+01  0.3265478E+01  0.3264424E+01 -0.5568845E+00
   04  0.6314262E+01  0.5481364E+01  0.3247326E+01  0.3249564E+01 -0.5538615E+00
   04  0.6320619E+01  0.5484656E+01  0.3228340E+01  0.3234108E+01 -0.5505697E+00
   04  0.6326976E+01  0.5488235E+01  0.3208737E+01  0.3217953E+01 -0.5469910E+00
   04  0.6333333E+01  0.5492096E+01  0.3188629E+01  0.3200971E+01 -0.5431292E+00
   04  0.6340473E+01  0.5496752E+01  0.3165523E+01  0.3180804E+01 -0.5384739E+00
   04  0.6347613E+01  0.5501710E+01  0.3141873E+01  0.3159352E+01 -0.5335152E+00
   04  0.6354753E+01  0.5506928E+01  0.3117652E+01  0.3136542E+01 -0.5282976E+00
   04  0.6361893E+01  0.5512368E+01  0.3092886E+01  0.3112378E+01 -0.5228574E+00
   04  0.6369033E+01  0.5517998E+01  0.3067570E+01  0.3086953E+01 -0.5172277E+00
   04  0.6376173E+01  0.5523792E+01  0.3041674E+01  0.3060432E+01 -0.5114339E+00
   04  0.6383313E+01  0.5529730E+01  0.3015140E+01  0.3033010E+01 -0.5054953E+00
   04  0.6390453E+01  0.5535800E+01  0.2987884E+01  0.3004856E+01 -0.4994254E+00
   04  0.6397593E+01  0.5541993E+01  0.2959796E+01  0.2976090E+01 -0.4932321E+00
   04  0.6404733E+01  0.5548307E+01  0.2930748E+01  0.2946745E+01 -0.4869182E+00
   04  0.6411873E+01  0.5554745E+01  0.2900601E+01  0.2916752E+01 -0.4804802E+00
   04  0.6419013E+01  0.5561321E+01  0.2869228E+01  0.2885959E+01 -0.4739045E+00
   04  0.6426153E+01  0.5568063E+01  0.2836521E+01  0.2854156E+01 -0.4671628E+00
   04  0.6433293E+01  0.5575017E+01  0.2802402E+01  0.2821114E+01 -0.4602088E+00
   04  0.6440432E+01  0.5582248E+01  0.2766810E+01  0.2786596E+01 -0.4529775E+00
   04  0.6447572E+01  0.5589837E+01  0.2729690E+01  0.2750370E+01 -0.4453883E+00
   04  0.6454712E+01  0.5597876E+01  0.2690961E+01  0.2712213E+01 -0.4373498E+00
   04  0.6461852E+01  0.5606462E+01  0.2650515E+01  0.2671918E+01 -0.4287638E+00
   04  0.6468992E+01  0.5615689E+01  0.2608191E+01  0.2629298E+01 -0.4195366E+00
   04  0.6476132E+01  0.5625636E+01  0.2563759E+01  0.2584163E+01 -0.4095893E+00
   04  0.6483272E+01  0.5636360E+01  0.2516953E+01  0.2536329E+01 -0.3988652E+00
   04  0.6490411E+01  0.5647889E+01  0.2467504E+01  0.2485629E+01 -0.3873367E+00
   04  0.6497551E+01  0.5660213E+01  0.2415173E+01  0.2431942E+01 -0.3750121E+00
   04  0.6504691E+01  0.5673287E+01  0.2359807E+01  0.2375215E+01 -0.3619385E+00
   04  0.6511831E+01  0.5687023E+01  0.2301383E+01  0.2315504E+01 -0.3482023E+00
   04  0.6518971E+01  0.5701301E+01  0.2240044E+01  0.2252997E+01 -0.3339246E+00
   04  0.6526110E+01  0.5715971E+01  0.2176108E+01  0.2188024E+01 -0.3192542E+00
   04  0.6533250E+01  0.5730869E+01  0.2110064E+01  0.2121061E+01 -0.3043562E+00
   04  0.6540390E+01  0.5745827E+01  0.2042547E+01  0.2052707E+01 -0.2893980E+00
   04  0.6547530E+01  0.5760691E+01  0.1974293E+01  0.1983656E+01 -0.2745344E+00
   04  0.6554669E+01  0.5775332E+01  0.1906082E+01  0.1914637E+01 -0.2598940E+00
   04  0.6561809E+01  0.5789655E+01  0.1838667E+01  0.1846357E+01 -0.2455708E+00
   04  0.6568949E+01  0.5803605E+01  0.1772710E+01  0.1779427E+01 -0.2316204E+00
   04  0.6576089E+01  0.5817164E+01  0.1708725E+01  0.1714311E+01 -0.2180619E+00
   04  0.6583229E+01  0.5830342E+01  0.1647047E+01  0.1651294E+01 -0.2048831E+00
   04  0.6590368E+01  0.5843176E+01  0.1587819E+01  0.1590471E+01 -0.1920497E+00
   04  0.6596727E+01  0.5854351E+01  0.1537057E+01  0.1538046E+01 -0.1808748E+00
   04  0.6603085E+01  0.5865326E+01  0.1488085E+01  0.1487166E+01 -0.1698991E+00
   04  0.6609443E+01  0.5876140E+01  0.1440700E+01  0.1437627E+01 -0.1590858E+00
   04  0.6615801E+01  0.5886825E+01  0.1394659E+01  0.1389198E+01 -0.1484010E+00
   04  0.6622159E+01  0.5897412E+01  0.1349703E+01  0.1341641E+01 -0.1378140E+00
   04  0.6628517E+01  0.5907928E+01  0.1305581E+01  0.1294736E+01 -0.1272978E+00
   04  0.6634876E+01  0.5918398E+01  0.1262070E+01  0.1248297E+01 -0.1168280E+00
   04  0.6641234E+01  0.5928843E+01  0.1218988E+01  0.1202180E+01 -0.1063822E+00
   04  0.6647592E+01  0.5939286E+01  0.1176198E+01  0.1156289E+01 -0.9593954E-01
   04  0.6653950E+01  0.5949745E+01  0.1133605E+01  0.1110571E+01 -0.8548087E-01
   04  0.6660308E+01  0.5960236E+01  0.1091152E+01  0.1065007E+01 -0.7498955E-01
   04  0.6666667E+01  0.5970773E+01  0.1048810E+01  0.1019606E+01 -0.6445286E-01
   04  0.6673806E+01  0.5982667E+01  0.1001432E+01  0.9689023E+00 -0.5255883E-01
   04  0.6680945E+01  0.5994627E+01  0.9541668E+00  0.9184714E+00 -0.4059806E-01
   04  0.6688085E+01  0.6006644E+01  0.9070088E+00  0.8683501E+00 -0.2858105E-01
   04  0.6695224E+01  0.6018697E+01  0.8599582E+00  0.8185713E+00 -0.1652890E-01
   04  0.6702364E+01  0.6030754E+01  0.8130247E+00  0.7691646E+00 -0.4471849E-02
   04  0.6709503E+01  0.6042778E+01  0.7662305E+00  0.7201542E+00  0.7552336E-02
   04  0.6716642E+01  0.6054725E+01  0.7196101E+00  0.6715516E+00  0.1949992E-01
   04  0.6723782E+01  0.6066549E+01  0.6732084E+00  0.6233458E+00  0.3132357E-01
   04  0.6730921E+01  0.6078201E+01  0.6270795E+00  0.5754983E+00  0.4297572E-01
   04  0.6738060E+01  0.6089638E+01  0.5812894E+00  0.5279512E+00  0.5441262E-01
   04  0.6745200E+01  0.6100824E+01  0.5359226E+00  0.4806438E+00  0.6559821E-01
   04  0.6752339E+01  0.6111733E+01  0.4910909E+00  0.4335332E+00  0.7650722E-01
   04  0.6759479E+01  0.6122355E+01  0.4469052E+00  0.3866447E+00  0.8712931E-01
   04  0.6766618E+01  0.6132702E+01  0.4034880E+00  0.3400370E+00  0.9747699E-01
   04  0.6773757E+01  0.6142804E+01  0.3609863E+00  0.2938208E+00  0.1075789E+00
   04  0.6780897E+01  0.6152702E+01  0.3195681E+00  0.2481345E+00  0.1174769E+00
   04  0.6788036E+01  0.6162442E+01  0.2793954E+00  0.2031457E+00  0.1272163E+00
   04  0.6795176E+01  0.6172061E+01  0.2405864E+00  0.1590546E+00  0.1368351E+00
   04  0.6802315E+01  0.6181586E+01  0.2031898E+00  0.1160414E+00  0.1463605E+00
   04  0.6809454E+01  0.6191031E+01  0.1671838E+00  0.7423859E-01  0.1558055E+00
   04  0.6816593E+01  0.6200388E+01  0.1325176E+00  0.3370974E-01  0.1651621E+00
   04  0.6823733E+01  0.6209626E+01  0.9905664E-01 -0.5447781E-02  0.1744009E+00
   04  0.6830872E+01  0.6218711E+01  0.6674852E-01 -0.4318052E-01  0.1834853E+00
   04  0.6838011E+01  0.6227589E+01  0.3552079E-01 -0.7942493E-01  0.1923631E+00
   04  0.6845151E+01  0.6236195E+01  0.5266870E-02 -0.1141202E+00  0.2009691E+00
   04  0.6852290E+01  0.6244441E+01 -0.2425727E-01 -0.1472494E+00  0.2092154E+00
   04  0.6859429E+01  0.6252238E+01 -0.5325159E-01 -0.1788810E+00  0.2170127E+00
   04  0.6866569E+01  0.6259554E+01 -0.8147221E-01 -0.2091212E+00  0.2243286E+00
   04  0.6873708E+01  0.6266359E+01 -0.1085765E+00 -0.2379668E+00  0.2311331E+00
   04  0.6880847E+01  0.6272551E+01 -0.1347706E+00 -0.2654704E+00  0.2373256E+00
   04  0.6887986E+01  0.6277972E+01 -0.1608515E+00 -0.2919664E+00  0.2427469E+00
   04  0.6895126E+01  0.6282568E+01 -0.1869417E+00 -0.3177191E+00  0.2473424E+00
   04  0.6902265E+01  0.6286395E+01 -0.2125643E+00 -0.3425022E+00  0.2511692E+00
   04  0.6909404E+01  0.6289552E+01 -0.2369056E+00 -0.3662251E+00  0.2543264E+00
   04  0.6916544E+01  0.6292145E+01 -0.2595467E+00 -0.3888620E+00  0.2569193E+00
   04  0.6923683E+01  0.6294269E+01 -0.2801691E+00 -0.4103448E+00  0.2590431E+00
   04  0.6930043E+01  0.6295824E+01 -0.2966693E+00 -0.4284818E+00  0.2605981E+00
   04  0.6936402E+01  0.6297111E+01 -0.3113304E+00 -0.4457760E+00  0.2618859E+00
   04  0.6942762E+01  0.6298171E+01 -0.3241771E+00 -0.4624393E+00  0.2629453E+00
   04  0.6949122E+01  0.6299022E+01 -0.3352965E+00 -0.4786874E+00  0.2637969E+00
   04  0.6955482E+01  0.6299672E+01 -0.3448193E+00 -0.4947254E+00  0.2644464E+00
   04  0.6961841E+01  0.6300117E+01 -0.3529094E+00 -0.5107560E+00  0.2648910E+00
   04  0.6968201E+01  0.6300348E+01 -0.3597449E+00 -0.5269399E+00  0.2651220E+00
   04  0.6974561E+01  0.6300356E+01 -0.3655247E+00 -0.5433735E+00  0.2651306E+00
   04  0.6980921E+01  0.6300138E+01 -0.3704653E+00 -0.5600836E+00  0.2649123E+00
   04  0.6987280E+01  0.6299697E+01 -0.3747885E+00 -0.5770345E+00  0.2644710E+00
   04  0.6993640E+01  0.6299047E+01 -0.3787069E+00 -0.5941476E+00  0.2638216E+00
   04  0.7000000E+01  0.6298215E+01 -0.3824428E+00 -0.6113017E+00  0.2629895E+00
   04  0.7007139E+01  0.6297058E+01 -0.3862570E+00 -0.6303686E+00  0.2618325E+00
   04  0.7014278E+01  0.6295649E+01 -0.3894453E+00 -0.6491042E+00  0.2604231E+00
   04  0.7021416E+01  0.6293933E+01 -0.3931417E+00 -0.6663297E+00  0.2587078E+00
   04  0.7028555E+01  0.6291649E+01 -0.3972765E+00 -0.6797003E+00  0.2564230E+00
   04  0.7035694E+01  0.6289057E+01 -0.4014092E+00 -0.6911462E+00  0.2538318E+00
   04  0.7042833E+01  0.6286222E+01 -0.4054857E+00 -0.7011506E+00  0.2509961E+00
   04  0.7049971E+01  0.6283030E+01 -0.4099446E+00 -0.7086056E+00  0.2478043E+00
   04  0.7057110E+01  0.6279490E+01 -0.4149570E+00 -0.7136400E+00  0.2442641E+00
   04  0.7064249E+01  0.6275622E+01 -0.4205738E+00 -0.7166161E+00  0.2403963E+00
   04  0.7071388E+01  0.6271428E+01 -0.4268433E+00 -0.7178278E+00  0.2362022E+00
   04  0.7078527E+01  0.6266911E+01 -0.4337895E+00 -0.7176150E+00  0.2316856E+00
   04  0.7085665E+01  0.6262090E+01 -0.4413777E+00 -0.7163558E+00  0.2268646E+00
   04  0.7092804E+01  0.6256993E+01 -0.4495317E+00 -0.7144046E+00  0.2217674E+00
   04  0.7099943E+01  0.6251655E+01 -0.4581592E+00 -0.7120523E+00  0.2164295E+00
   04  0.7107082E+01  0.6246119E+01 -0.4671390E+00 -0.7095022E+00  0.2108931E+00
   04  0.7114220E+01  0.6240430E+01 -0.4763581E+00 -0.7068497E+00  0.2052041E+00
   04  0.7121359E+01  0.6234633E+01 -0.4857432E+00 -0.7040772E+00  0.1994075E+00
   04  0.7128498E+01  0.6228772E+01 -0.4952608E+00 -0.7010635E+00  0.1935470E+00
   04  0.7135637E+01  0.6222890E+01 -0.5049142E+00 -0.6976105E+00  0.1876644E+00
   04  0.7142775E+01  0.6217023E+01 -0.5147313E+00 -0.6934732E+00  0.1817978E+00
   04  0.7149914E+01  0.6211206E+01 -0.5247351E+00 -0.6883975E+00  0.1759810E+00
   04  0.7157052E+01  0.6205467E+01 -0.5349199E+00 -0.6821597E+00  0.1702418E+00
   04  0.7164191E+01  0.6199826E+01 -0.5452386E+00 -0.6746016E+00  0.1646006E+00
   04  0.7171329E+01  0.6194293E+01 -0.5556028E+00 -0.6656604E+00  0.1590675E+00
   04  0.7178468E+01  0.6188866E+01 -0.5658946E+00 -0.6553875E+00  0.1536407E+00
   04  0.7185606E+01  0.6183530E+01 -0.5760009E+00 -0.6439473E+00  0.1483044E+00
   04  0.7192745E+01  0.6178263E+01 -0.5857812E+00 -0.6315921E+00  0.1430372E+00
   04  0.7199883E+01  0.6173037E+01 -0.5950728E+00 -0.6186540E+00  0.1378112E+00
   04  0.7207022E+01  0.6167813E+01 -0.6038107E+00 -0.6055063E+00  0.1325878E+00
   04  0.7214160E+01  0.6162558E+01 -0.6119812E+00 -0.5925315E+00  0.1273322E+00
   04  0.7221299E+01  0.6157244E+01 -0.6195801E+00 -0.5800464E+00  0.1220189E+00
   04  0.7228438E+01  0.6151863E+01 -0.6265963E+00 -0.5682549E+00  0.1166376E+00
   04  0.7235576E+01  0.6146420E+01 -0.6329889E+00 -0.5572550E+00  0.1111950E+00
   04  0.7242715E+01  0.6140936E+01 -0.6387083E+00 -0.5470618E+00  0.1057101E+00
   04  0.7249853E+01  0.6135433E+01 -0.6437249E+00 -0.5376387E+00  0.1002078E+00
   04  0.7256992E+01  0.6129941E+01 -0.6480264E+00 -0.5289291E+00  0.9471514E-01
   04  0.7263354E+01  0.6125073E+01 -0.6512455E+00 -0.5217031E+00  0.8984769E-01
   04  0.7269715E+01  0.6120245E+01 -0.6539244E+00 -0.5149914E+00  0.8501975E-01
   04  0.7276077E+01  0.6115463E+01 -0.6561006E+00 -0.5088235E+00  0.8023716E-01
   04  0.7282439E+01  0.6110725E+01 -0.6578307E+00 -0.5032702E+00  0.7549921E-01
   04  0.7288801E+01  0.6106026E+01 -0.6591854E+00 -0.4984292E+00  0.7080045E-01
   04  0.7295163E+01  0.6101360E+01 -0.6602326E+00 -0.4944034E+00  0.6613413E-01
   04  0.7301524E+01  0.6096720E+01 -0.6610331E+00 -0.4912805E+00  0.6149456E-01
   04  0.7307886E+01  0.6092105E+01 -0.6616408E+00 -0.4891153E+00  0.5687914E-01
   04  0.7314248E+01  0.6087515E+01 -0.6621023E+00 -0.4879173E+00  0.5228959E-01
   04  0.7320610E+01  0.6082958E+01 -0.6624608E+00 -0.4876438E+00  0.4773216E-01
   04  0.7326972E+01  0.6078442E+01 -0.6627587E+00 -0.4882021E+00  0.4321699E-01
   04  0.7333333E+01  0.6073982E+01 -0.6630422E+00 -0.4894583E+00  0.3875655E-01
   04  0.7340470E+01  0.6069060E+01 -0.6634293E+00 -0.4915173E+00  0.3383448E-01
   04  0.7347607E+01  0.6064240E+01 -0.6639316E+00 -0.4940140E+00  0.2901494E-01
   04  0.7354744E+01  0.6059538E+01 -0.6646123E+00 -0.4967214E+00  0.2431244E-01
   04  0.7361881E+01  0.6054963E+01 -0.6655164E+00 -0.4994484E+00  0.1973730E-01
   04  0.7369018E+01  0.6050520E+01 -0.6666666E+00 -0.5020585E+00  0.1529468E-01
   04  0.7376155E+01  0.6046209E+01 -0.6680665E+00 -0.5044803E+00  0.1098367E-01
   04  0.7383292E+01  0.6042022E+01 -0.6697085E+00 -0.5067089E+00  0.6796958E-02
   04  0.7390429E+01  0.6037948E+01 -0.6715817E+00 -0.5087946E+00  0.2722036E-02
   04  0.7397566E+01  0.6033970E+01 -0.6736693E+00 -0.5108185E+00 -0.1255505E-02
   04  0.7404702E+01  0.6030078E+01 -0.6759380E+00 -0.5128616E+00 -0.5147346E-02
   04  0.7411839E+01  0.6026265E+01 -0.6783361E+00 -0.5149804E+00 -0.8960123E-02
   04  0.7418976E+01  0.6022528E+01 -0.6808147E+00 -0.5171983E+00 -0.1269741E-01
   04  0.7426113E+01  0.6018863E+01 -0.6833436E+00 -0.5195045E+00 -0.1636226E-01
   04  0.7433250E+01  0.6015274E+01 -0.6858698E+00 -0.5218430E+00 -0.1995178E-01
   04  0.7440387E+01  0.6011777E+01 -0.6882620E+00 -0.5240909E+00 -0.2344868E-01
   04  0.7447524E+01  0.6008412E+01 -0.6902795E+00 -0.5260463E+00 -0.2681392E-01
   04  0.7454661E+01  0.6005242E+01 -0.6915233E+00 -0.5274818E+00 -0.2998315E-01
   04  0.7461798E+01  0.6002338E+01 -0.6915812E+00 -0.5282189E+00 -0.3288763E-01
   04  0.7468934E+01  0.5999802E+01 -0.6897267E+00 -0.5281499E+00 -0.3542380E-01
   04  0.7476070E+01  0.5997680E+01 -0.6857085E+00 -0.5272822E+00 -0.3754515E-01
   04  0.7483206E+01  0.5995894E+01 -0.6805454E+00 -0.5255611E+00 -0.3933163E-01
   04  0.7490341E+01  0.5994330E+01 -0.6752584E+00 -0.5230076E+00 -0.4089549E-01
   04  0.7497477E+01  0.5992943E+01 -0.6700353E+00 -0.5197206E+00 -0.4228237E-01
   04  0.7504613E+01  0.5991732E+01 -0.6646151E+00 -0.5158720E+00 -0.4349322E-01
   04  0.7511749E+01  0.5990706E+01 -0.6584885E+00 -0.5120098E+00 -0.4451963E-01
   04  0.7518885E+01  0.5989935E+01 -0.6508476E+00 -0.5083241E+00 -0.4529031E-01
   04  0.7526021E+01  0.5989464E+01 -0.6414271E+00 -0.5045818E+00 -0.4576143E-01
   04  0.7533157E+01  0.5989303E+01 -0.6307330E+00 -0.5003853E+00 -0.4592232E-01
   04  0.7540293E+01  0.5989566E+01 -0.6189083E+00 -0.4946587E+00 -0.4565995E-01
   04  0.7547429E+01  0.5990282E+01 -0.6060006E+00 -0.4870997E+00 -0.4494361E-01
   04  0.7554565E+01  0.5991403E+01 -0.5919325E+00 -0.4780067E+00 -0.4382256E-01
   04  0.7561701E+01  0.5992851E+01 -0.5767397E+00 -0.4679221E+00 -0.4237427E-01
   04  0.7568837E+01  0.5994582E+01 -0.5605287E+00 -0.4570936E+00 -0.4064396E-01
   04  0.7575973E+01  0.5996553E+01 -0.5434524E+00 -0.4456923E+00 -0.3867249E-01
   04  0.7583108E+01  0.5998739E+01 -0.5256857E+00 -0.4338017E+00 -0.3648651E-01
   04  0.7590244E+01  0.6001122E+01 -0.5073980E+00 -0.4214657E+00 -0.3410400E-01
   04  0.7596613E+01  0.6003404E+01 -0.4907616E+00 -0.4101019E+00 -0.3182169E-01
   04  0.7602981E+01  0.6005827E+01 -0.4739056E+00 -0.3984039E+00 -0.2939881E-01
   04  0.7609350E+01  0.6008385E+01 -0.4568943E+00 -0.3863810E+00 -0.2684015E-01
   04  0.7615718E+01  0.6011075E+01 -0.4397777E+00 -0.3740468E+00 -0.2415078E-01
   04  0.7622087E+01  0.6013891E+01 -0.4225965E+00 -0.3614403E+00 -0.2133482E-01
   04  0.7628456E+01  0.6016826E+01 -0.4053900E+00 -0.3486039E+00 -0.1839911E-01
   04  0.7634824E+01  0.6019873E+01 -0.3882047E+00 -0.3355895E+00 -0.1535296E-01
   04  0.7641193E+01  0.6023026E+01 -0.3710997E+00 -0.3225252E+00 -0.1219970E-01
   04  0.7647561E+01  0.6026281E+01 -0.3541718E+00 -0.3095570E+00 -0.8944515E-02
   04  0.7653930E+01  0.6029610E+01 -0.3375049E+00 -0.2966703E+00 -0.5615655E-02
   04  0.7660298E+01  0.6032973E+01 -0.3211508E+00 -0.2837738E+00 -0.2252595E-02
   04  0.7666667E+01  0.6036348E+01 -0.3051715E+00 -0.2708899E+00  0.1122638E-02
   04  0.7673798E+01  0.6040135E+01 -0.2878053E+00 -0.2566251E+00  0.4909892E-02
   04  0.7680929E+01  0.6043953E+01 -0.2712357E+00 -0.2427784E+00  0.8727036E-02
   04  0.7688060E+01  0.6047864E+01 -0.2559283E+00 -0.2295168E+00  0.1263884E-01
   04  0.7695191E+01  0.6051800E+01 -0.2413282E+00 -0.2168723E+00  0.1657414E-01
   04  0.7702322E+01  0.6055760E+01 -0.2273425E+00 -0.2048364E+00  0.2053465E-01
   04  0.7709453E+01  0.6059769E+01 -0.2139914E+00 -0.1933760E+00  0.2454371E-01
   04  0.7716583E+01  0.6063848E+01 -0.2012285E+00 -0.1824418E+00  0.2862220E-01
   04  0.7723714E+01  0.6068023E+01 -0.1890492E+00 -0.1719725E+00  0.3279746E-01
   04  0.7730845E+01  0.6072320E+01 -0.1774900E+00 -0.1619018E+00  0.3709463E-01
   04  0.7737976E+01  0.6076755E+01 -0.1666032E+00 -0.1521612E+00  0.4152979E-01
   04  0.7745107E+01  0.6081330E+01 -0.1564495E+00 -0.1426851E+00  0.4610420E-01
   04  0.7752238E+01  0.6086028E+01 -0.1470891E+00 -0.1334179E+00  0.5080225E-01
   04  0.7759369E+01  0.6090818E+01 -0.1385797E+00 -0.1243198E+00  0.5559260E-01
   04  0.7766500E+01  0.6095658E+01 -0.1309738E+00 -0.1153741E+00  0.6043224E-01
   04  0.7773631E+01  0.6100498E+01 -0.1243152E+00 -0.1065938E+00  0.6527209E-01
   04  0.7780762E+01  0.6105288E+01 -0.1186332E+00 -0.9802699E-01  0.7006296E-01
   04  0.7787893E+01  0.6109986E+01 -0.1139323E+00 -0.8975917E-01  0.7476064E-01
   04  0.7795024E+01  0.6114555E+01 -0.1101826E+00 -0.8190981E-01  0.7932964E-01
   04  0.7802153E+01  0.6118970E+01 -0.1073139E+00 -0.7462388E-01  0.8374416E-01
   04  0.7809283E+01  0.6123218E+01 -0.1052122E+00 -0.6804908E-01  0.8799214E-01
   04  0.7816412E+01  0.6127297E+01 -0.1037314E+00 -0.6232118E-01  0.9207114E-01
   04  0.7823541E+01  0.6131214E+01 -0.1027074E+00 -0.5754121E-01  0.9598805E-01
   04  0.7830670E+01  0.6134982E+01 -0.1019783E+00 -0.5375943E-01  0.9975687E-01
   04  0.7837799E+01  0.6138622E+01 -0.1014050E+00 -0.5096728E-01  0.1033962E+00
   04  0.7844928E+01  0.6142152E+01 -0.1008870E+00 -0.4909921E-01  0.1069269E+00
   04  0.7852058E+01  0.6145595E+01 -0.1003700E+00 -0.4804479E-01  0.1103694E+00
   04  0.7859187E+01  0.6148967E+01 -0.9984577E-01 -0.4766918E-01  0.1137415E+00
   04  0.7866316E+01  0.6152282E+01 -0.9934416E-01 -0.4783748E-01  0.1170569E+00
   04  0.7873445E+01  0.6155550E+01 -0.9892050E-01 -0.4843384E-01  0.1203243E+00
   04  0.7880574E+01  0.6158774E+01 -0.9864067E-01 -0.4936695E-01  0.1235486E+00
   04  0.7887703E+01  0.6161959E+01 -0.9856741E-01 -0.5056058E-01  0.1267334E+00
   04  0.7894833E+01  0.6165110E+01 -0.9875022E-01 -0.5193634E-01  0.1298844E+00
   04  0.7901962E+01  0.6168237E+01 -0.9921978E-01 -0.5340271E-01  0.1330111E+00
   04  0.7909091E+01  0.6171349E+01 -0.9999184E-01 -0.5487679E-01  0.1361231E+00
   04  0.7916220E+01  0.6174444E+01 -0.1010830E+00 -0.5636051E-01  0.1392184E+00
   04  0.7923349E+01  0.6177491E+01 -0.1025476E+00 -0.5806545E-01  0.1422654E+00
   04  0.7929737E+01  0.6180130E+01 -0.1042473E+00 -0.6012506E-01  0.1449047E+00
   04  0.7936124E+01  0.6182593E+01 -0.1064488E+00 -0.6331861E-01  0.1473679E+00
   04  0.7942512E+01  0.6184834E+01 -0.1091963E+00 -0.6790219E-01  0.1496084E+00
   04  0.7948900E+01  0.6186876E+01 -0.1123339E+00 -0.7355377E-01  0.1516506E+00
   04  0.7955287E+01  0.6188796E+01 -0.1157065E+00 -0.7951058E-01  0.1535707E+00
   04  0.7961675E+01  0.6190629E+01 -0.1191918E+00 -0.8529851E-01  0.1554035E+00
   04  0.7968062E+01  0.6192341E+01 -0.1226770E+00 -0.9097112E-01  0.1571154E+00
   04  0.7974450E+01  0.6193857E+01 -0.1261099E+00 -0.9688625E-01  0.1586317E+00
   04  0.7980837E+01  0.6195121E+01 -0.1293927E+00 -0.1033187E+00  0.1598956E+00
   04  0.7987225E+01  0.6196129E+01 -0.1323576E+00 -0.1101994E+00  0.1609038E+00
   04  0.7993612E+01  0.6196938E+01 -0.1348160E+00 -0.1170654E+00  0.1617123E+00
