# gauge_id= 11 location=(  0.5000000000E+00  0.5000000000E+00 ) num_var=  4
# Stationary gauge
# level, time, q[  1  2  3], eta, aux[]
# file format ascii, time series follow in this file
   02  0.0000000E+00  0.7497561E-01  0.0000000E+00  0.5250970E-01  0.2500000E-01
   02  0.1000000E-03  0.7498261E-01 -0.7355440E-05  0.5251460E-01  0.2500700E-01
   02  0.8759843E-02  0.7558595E-01 -0.6468646E-03  0.5293579E-01  0.2561034E-01
   02  0.1741969E-01  0.7618080E-01 -0.1296472E-02  0.5334383E-01  0.2620519E-01
   02  0.2607953E-01  0.7676741E-01 -0.1955856E-02  0.5373835E-01  0.2679180E-01
   02  0.3473937E-01  0.7734602E-01 -0.2624703E-02  0.5411896E-01  0.2737041E-01
   02  0.4339922E-01  0.7791756E-01 -0.3302715E-02  0.5448511E-01  0.2794195E-01
   02  0.5205906E-01  0.7848215E-01 -0.3989627E-02  0.5483658E-01  0.2850654E-01
   02  0.6071890E-01  0.7904021E-01 -0.4685220E-02  0.5517337E-01  0.2906460E-01
   02  0.6937875E-01  0.7959201E-01 -0.5389267E-02  0.5549547E-01  0.2961640E-01
   02  0.7803859E-01  0.8013766E-01 -0.6101512E-02  0.5580269E-01  0.3016205E-01
   02  0.8669843E-01  0.8067695E-01 -0.6821645E-02  0.5609473E-01  0.3070134E-01
   02  0.9753435E-01  0.8134228E-01 -0.7732611E-02  0.5643937E-01  0.3136667E-01
   02  0.1083703E+00  0.8199597E-01 -0.8654639E-02  0.5675922E-01  0.3202036E-01
   02  0.1192062E+00  0.8263702E-01 -0.9586949E-02  0.5705407E-01  0.3266141E-01
   02  0.1300421E+00  0.8326454E-01 -0.1052877E-01  0.5732387E-01  0.3328893E-01
   02  0.1387318E+00  0.8375744E-01 -0.1129096E-01  0.5752156E-01  0.3378183E-01
   02  0.1474214E+00  0.8424081E-01 -0.1205837E-01  0.5770319E-01  0.3426520E-01
   02  0.1561111E+00  0.8471432E-01 -0.1283062E-01  0.5786868E-01  0.3473871E-01
   02  0.1648007E+00  0.8517767E-01 -0.1360732E-01  0.5801796E-01  0.3520206E-01
   02  0.1734904E+00  0.8563060E-01 -0.1438805E-01  0.5815099E-01  0.3565499E-01
   02  0.1822097E+00  0.8607442E-01 -0.1517507E-01  0.5826817E-01  0.3609881E-01
   02  0.1909291E+00  0.8650736E-01 -0.1596529E-01  0.5836904E-01  0.3653175E-01
   02  0.1996484E+00  0.8692920E-01 -0.1675821E-01  0.5845358E-01  0.3695359E-01
   02  0.2083678E+00  0.8733964E-01 -0.1755333E-01  0.5852163E-01  0.3736403E-01
   02  0.2170871E+00  0.8773836E-01 -0.1835010E-01  0.5857295E-01  0.3776275E-01
   02  0.2280464E+00  0.8822319E-01 -0.1935261E-01  0.5861470E-01  0.3824758E-01
   02  0.2390057E+00  0.8869022E-01 -0.2035614E-01  0.5863190E-01  0.3871461E-01
   02  0.2499650E+00  0.8914103E-01 -0.2136015E-01  0.5862718E-01  0.3916542E-01
   02  0.2609243E+00  0.8957551E-01 -0.2236381E-01  0.5860017E-01  0.3959990E-01
   02  0.2697570E+00  0.8990955E-01 -0.2317156E-01  0.5855508E-01  0.3993394E-01
   02  0.2785898E+00  0.9021922E-01 -0.2397423E-01  0.5847296E-01  0.4024361E-01
   02  0.2874226E+00  0.9051812E-01 -0.2477388E-01  0.5837498E-01  0.4054251E-01
   02  0.2962554E+00  0.9081307E-01 -0.2557206E-01  0.5827171E-01  0.4083746E-01
   02  0.3050882E+00  0.9110266E-01 -0.2637040E-01  0.5816031E-01  0.4112705E-01
   02  0.3139928E+00  0.9138567E-01 -0.2717341E-01  0.5803340E-01  0.4141006E-01
   02  0.3228973E+00  0.9165728E-01 -0.2797321E-01  0.5788716E-01  0.4168167E-01
   02  0.3318019E+00  0.9191766E-01 -0.2876908E-01  0.5772107E-01  0.4194205E-01
   02  0.3407065E+00  0.9216706E-01 -0.2956092E-01  0.5753472E-01  0.4219145E-01
   02  0.3496110E+00  0.9240631E-01 -0.3034876E-01  0.5732855E-01  0.4243070E-01
   02  0.3608575E+00  0.9269555E-01 -0.3133834E-01  0.5704147E-01  0.4271994E-01
   02  0.3721040E+00  0.9297184E-01 -0.3232185E-01  0.5672542E-01  0.4299623E-01
   02  0.3833504E+00  0.9323629E-01 -0.3329935E-01  0.5638132E-01  0.4326068E-01
   02  0.3945969E+00  0.9348926E-01 -0.3427064E-01  0.5600943E-01  0.4351365E-01
   02  0.4037089E+00  0.9368572E-01 -0.3505285E-01  0.5568755E-01  0.4371011E-01
   02  0.4128208E+00  0.9387417E-01 -0.3583027E-01  0.5534746E-01  0.4389857E-01
   02  0.4219328E+00  0.9405415E-01 -0.3660236E-01  0.5498929E-01  0.4407854E-01
   02  0.4310447E+00  0.9422511E-01 -0.3736848E-01  0.5461329E-01  0.4424950E-01
   02  0.4401567E+00  0.9438647E-01 -0.3812788E-01  0.5421984E-01  0.4441086E-01
   02  0.4493900E+00  0.9453957E-01 -0.3888974E-01  0.5380379E-01  0.4456396E-01
   02  0.4586233E+00  0.9468158E-01 -0.3964308E-01  0.5337072E-01  0.4470597E-01
   02  0.4678565E+00  0.9481197E-01 -0.4038709E-01  0.5292106E-01  0.4483636E-01
   02  0.4770898E+00  0.9493028E-01 -0.4112106E-01  0.5245522E-01  0.4495468E-01
   02  0.4863231E+00  0.9503621E-01 -0.4184432E-01  0.5197353E-01  0.4506060E-01
   02  0.4931615E+00  0.9510649E-01 -0.4237291E-01  0.5160659E-01  0.4513088E-01
